//Version: PianoRoll_v170101
0	1.205729	1.468750	B4	52	80	0
1	2.153646	2.449219	C#5	56	80	0
2	2.154948	2.259115	A4	57	80	0
3	2.481771	2.699219	B4	50	80	0
4	2.484375	2.649740	D5	56	80	0
5	2.644531	2.829427	G#5	60	80	0
6	2.796875	3.179688	G#4	55	80	0
7	3.109375	3.218750	B5	55	80	0
8	3.263021	3.429688	G#5	55	80	0
9	3.406250	3.500000	A4	45	80	0
10	3.411458	3.619792	C#5	49	80	0
11	3.552083	3.559896	C#6	54	80	0
12	3.725260	4.149740	Eb5	57	80	0
13	3.725260	4.079427	B4	47	80	0
14	3.880208	4.089844	G#5	52	80	0
15	4.031250	4.169271	G#4	64	80	0
16	4.354167	4.619792	B4	55	80	0
17	4.354167	4.688802	G#5	59	80	0
18	4.364583	4.539062	E5	43	80	0
19	4.972656	4.979167	A4	48	80	0
20	5.231771	5.239583	C#5	46	80	0
21	5.509115	5.519531	E6	59	80	0
22	5.694010	5.819010	C#6	59	80	0
23	5.770833	5.899740	D5	55	80	0
24	5.774740	5.899740	D4	45	80	0
25	5.807292	5.938802	F#4	46	80	0
26	5.837240	5.949219	F#5	63	80	0
27	5.886719	6.119792	C5	49	80	0
28	5.891927	5.899740	C6	59	80	0
29	5.955729	6.029948	E6	57	80	0
30	6.046875	6.169271	G#6	68	80	0
31	6.144531	6.408854	G#5	53	80	0
32	6.292969	6.299479	C#6	66	80	0
33	6.399740	6.408854	A5	52	80	0
34	6.404948	6.619792	C#5	57	80	0
35	6.584635	6.598958	C#7	68	80	0
36	6.705729	6.718750	C6	61	80	0
37	6.723958	6.799479	G#6	65	80	0
38	6.837240	6.979167	C#6	69	80	0
39	6.976562	7.169271	F#5	67	80	0
40	6.983073	7.098958	D4	41	80	0
41	6.983073	7.119792	F#4	59	80	0
42	7.032552	7.119792	C5	48	80	0
43	7.046875	7.109375	C6	71	80	0
44	7.118490	7.199219	E6	62	80	0
45	7.184896	7.309896	G#6	67	80	0
46	7.263021	7.369792	A4	54	80	0
47	7.292969	7.459635	G#5	61	80	0
48	7.425781	7.569010	C#6	68	80	0
49	7.511719	7.619792	C#5	45	80	0
50	7.587240	7.819010	G#6	68	80	0
51	7.834635	8.019531	F#4	47	80	0
52	7.845052	8.019531	C5	42	80	0
53	7.854167	8.049479	F#5	55	80	0
54	7.994792	8.119792	C6	60	80	0
55	8.123698	8.186198	A4	54	80	0
56	8.131510	8.218750	E6	61	80	0
57	8.141927	8.207031	D4	41	80	0
58	8.261719	8.329427	C6	48	80	0
59	8.266927	8.408854	G#6	64	80	0
60	8.394531	8.598958	G#4	63	80	0
61	8.407552	8.489583	Bb3	47	80	0
62	8.408854	8.649740	D5	55	80	0
63	8.531250	8.669271	C6	62	80	0
64	8.623698	8.699219	E6	69	80	0
65	8.692708	8.739583	C#6	69	80	0
66	8.694010	8.799479	F4	45	80	0
67	8.701823	8.779948	G#3	42	80	0
68	8.764323	8.889323	G#5	61	80	0
69	8.791667	8.878906	F5	50	80	0
70	8.828125	8.938802	B4	66	80	0
71	8.963542	9.199219	G#4	66	80	0
72	8.964844	9.023438	E4	45	80	0
73	8.979167	9.250000	D4	41	80	0
74	9.049479	9.179688	F#5	61	80	0
75	9.076823	9.179688	Bb5	70	80	0
76	9.182292	9.319010	G5	57	80	0
77	9.251302	9.438802	D5	60	80	0
78	9.289062	9.419271	B4	55	80	0
79	9.375000	9.519531	F5	57	80	0
80	9.481771	9.619792	G#4	54	80	0
81	9.484375	9.558594	G#3	40	80	0
82	9.570312	9.989583	D4	46	80	0
83	9.714844	9.869792	G#4	68	80	0
84	9.882812	10.039062	G#4	65	80	0
85	9.904948	10.029948	C5	60	80	0
86	10.045573	10.059896	E5	45	80	0
87	10.144531	10.279948	C5	57	80	0
88	10.225260	10.399740	G#4	64	80	0
89	10.308594	10.468750	F4	47	80	0
90	10.313802	10.419271	G4	61	80	0
91	10.381510	10.450521	B4	64	80	0
92	10.432292	10.438802	B3	52	80	0
93	10.436198	10.559896	D5	61	80	0
94	10.656250	10.734375	G#3	50	80	0
95	10.661458	10.769531	G#4	57	80	0
96	10.684896	10.789062	Bb3	49	80	0
97	10.736979	11.109375	D4	41	80	0
98	10.882812	10.989583	G#4	56	80	0
99	10.996094	11.209635	G#4	68	80	0
100	11.015625	11.119792	C5	59	80	0
101	11.033854	11.102865	Bb3	48	80	0
102	11.174479	11.289062	E5	49	80	0
103	11.264323	11.419271	C5	62	80	0
104	11.334635	11.569010	G#4	60	80	0
105	11.416667	11.639323	F5	65	80	0
106	11.419271	11.549479	G4	57	80	0
107	11.423177	11.559896	F4	47	80	0
108	11.494792	11.628906	B4	67	80	0
109	11.502604	11.579427	B3	57	80	0
110	11.550781	11.739583	D5	69	80	0
111	11.772135	11.859375	G#4	64	80	0
112	11.774740	11.938802	G#3	54	80	0
113	11.845052	12.378906	D4	46	80	0
114	11.985677	12.119792	G#4	69	80	0
115	12.152344	12.329427	C5	63	80	0
116	12.165365	12.449219	Bb4	70	80	0
117	12.175781	12.429688	G#4	65	80	0
118	12.410156	12.569010	C5	58	80	0
119	12.500000	12.598958	G#4	46	80	0
120	12.604167	12.690104	D4	53	80	0
121	12.701823	12.929688	G#4	71	80	0
122	12.705729	12.839844	E4	48	80	0
123	12.707031	12.889323	Bb3	53	80	0
124	12.709635	12.889323	Bb4	71	80	0
125	12.833333	13.049479	D5	55	80	0
126	12.906250	13.023438	C4	51	80	0
127	12.960938	13.039062	D4	39	80	0
128	13.053385	13.059896	E5	61	80	0
129	13.053385	13.209635	E4	51	80	0
130	13.173177	13.438802	F#4	66	80	0
131	13.175781	13.429688	G#4	76	80	0
132	13.178385	13.429688	C4	48	80	0
133	13.196615	13.399740	G#3	53	80	0
134	13.287760	13.500000	Bb4	71	80	0
135	13.385417	13.529948	C5	71	80	0
136	13.459635	13.589844	D5	63	80	0
137	13.480469	13.669271	E4	54	80	0
138	13.726562	13.807292	Eb4	40	80	0
139	13.744792	13.899740	B4	63	80	0
140	13.765625	13.779948	F3	39	80	0
141	13.805990	13.979167	C#5	66	80	0
142	13.920573	14.069010	F5	67	80	0
143	14.075521	14.169271	G#4	63	80	0
144	14.076823	14.438802	B3	44	80	0
145	14.083333	14.199219	F#4	56	80	0
146	14.229167	14.438802	G#3	55	80	0
147	14.234375	14.529948	G#4	65	80	0
148	14.345052	14.598958	B4	51	80	0
149	14.606771	14.718750	B4	51	80	0
150	14.614583	14.683594	E4	42	80	0
151	14.623698	14.750000	G#4	55	80	0
152	14.783854	14.989583	B4	54	80	0
153	14.902344	15.119792	G#4	69	80	0
154	14.904948	14.975260	Eb4	46	80	0
155	15.154948	15.279948	C#5	64	80	0
156	15.154948	15.209635	A4	55	80	0
157	15.218750	15.438802	G#5	68	80	0
158	15.414062	15.839844	B3	51	80	0
159	15.454427	15.649740	G#4	66	80	0
160	15.457031	15.649740	Eb5	64	80	0
161	15.604167	15.789062	G#5	69	80	0
162	15.746094	15.848958	B4	56	80	0
163	15.748698	15.820312	G#4	68	80	0
164	15.760417	15.829427	E4	49	80	0
165	15.895833	16.089844	B4	51	80	0
166	16.002604	16.119792	Eb5	65	80	0
167	16.014323	16.149740	G#4	70	80	0
168	16.014323	16.082031	Eb4	49	80	0
169	16.141927	16.259115	G#5	69	80	0
170	16.259115	16.339844	B4	59	80	0
171	16.264323	16.335938	C#5	66	80	0
172	16.355469	16.519531	G#5	70	80	0
173	16.425781	16.569010	C#6	70	80	0
174	16.498698	16.539062	E6	68	80	0
175	16.544271	16.789062	B3	54	80	0
176	16.578125	16.878906	Eb5	65	80	0
177	16.705729	16.878906	G#5	75	80	0
178	16.832031	16.903646	G#4	67	80	0
179	16.843750	16.912760	Eb4	42	80	0
180	16.957031	17.000000	F#6	72	80	0
181	17.097656	17.289062	G#4	63	80	0
182	17.101562	17.209635	G#5	59	80	0
183	17.104167	17.209635	F#5	51	80	0
184	17.236979	17.329427	Eb6	61	80	0
185	17.355469	17.489583	G#6	71	80	0
186	17.361979	17.451823	G#5	58	80	0
187	17.466146	17.569010	B6	73	80	0
188	17.644531	17.750000	E6	61	80	0
189	17.649740	17.759115	C#5	48	80	0
190	17.649740	17.729167	E5	50	80	0
191	17.652344	17.739583	G#5	46	80	0
192	17.785156	17.968750	B5	62	80	0
193	17.914062	18.109375	G#5	52	80	0
194	17.924479	18.098958	E5	49	80	0
195	18.071615	18.209635	B4	52	80	0
196	18.184896	18.199219	A4	55	80	0
197	18.194010	18.369792	F#4	51	80	0
198	18.203125	18.329427	C#5	44	80	0
199	18.212240	18.259115	A5	58	80	0
200	18.319010	18.468750	E5	51	80	0
201	18.419271	18.529948	A4	58	80	0
202	18.445312	18.559896	F#5	57	80	0
203	18.462240	18.589844	C#5	50	80	0
204	18.542969	18.574219	A4	54	80	0
205	18.684896	18.729167	E5	50	80	0
206	18.729167	18.789062	E6	69	80	0
207	18.735677	18.819010	C#5	46	80	0
208	18.735677	18.848958	E5	51	80	0
209	18.736979	18.869792	G#5	54	80	0
210	18.885417	19.000000	B5	57	80	0
211	18.992188	19.079427	C#6	57	80	0
212	19.014323	19.188802	G#5	52	80	0
213	19.023438	19.179688	E5	45	80	0
214	19.151042	19.269531	B4	56	80	0
215	19.270833	19.378906	A5	59	80	0
216	19.363281	19.468750	E5	59	80	0
217	19.433594	19.549479	A4	56	80	0
218	19.513021	19.750000	C#5	50	80	0
219	19.516927	19.619792	F#5	61	80	0
220	19.683594	19.729167	D5	47	80	0
221	19.697917	19.819010	E5	54	80	0
222	19.734375	19.789062	E6	68	80	0
223	19.746094	19.859375	G#5	60	80	0
224	19.899740	19.973958	B5	60	80	0
225	19.997396	20.128906	G#5	60	80	0
226	20.027344	20.179688	E5	50	80	0
227	20.138021	20.269531	B4	56	80	0
228	20.230469	20.329427	F#4	51	80	0
229	20.272135	20.359375	A5	56	80	0
230	20.273438	20.419271	C#5	43	80	0
231	20.386719	20.559896	E5	48	80	0
232	20.523438	20.658854	A4	54	80	0
233	20.531250	20.718750	C#5	40	80	0
234	20.667969	20.729167	E4	45	80	0
235	20.783854	20.968750	F#4	51	80	0
236	20.786458	21.113281	A4	50	80	0
237	20.953125	21.059896	G#4	51	80	0
238	21.052083	21.179688	Eb4	38	80	0
239	21.053385	21.259115	C#5	46	80	0
240	21.195312	21.369792	F#5	60	80	0
241	21.330729	21.438802	G#4	54	80	0
242	21.420573	21.619792	C#5	59	80	0
243	21.545573	21.611979	F#5	62	80	0
244	21.561198	21.639323	A4	42	80	0
245	21.571615	21.614583	Eb4	37	80	0
246	21.652344	21.769531	C#6	63	80	0
247	21.785156	21.929688	C#4	42	80	0
248	21.906250	22.000000	G#5	62	80	0
249	21.907552	22.000000	C#5	50	80	0
250	22.035156	22.109375	G#4	60	80	0
251	22.042969	22.098958	G#6	68	80	0
252	22.153646	22.250000	G#5	65	80	0
253	22.182292	22.289062	C#5	51	80	0
254	22.250000	22.399740	G#4	64	80	0
255	22.346354	22.489583	C#6	70	80	0
256	22.381510	22.434896	G#6	75	80	0
257	22.444010	22.529948	C#7	72	80	0
258	22.537760	22.628906	C#7	73	80	0
259	22.544271	22.598958	C#6	67	80	0
260	22.587240	22.640625	G#6	75	80	0
261	22.664062	22.878906	C#5	61	80	0
262	22.675781	22.839844	D5	59	80	0
263	22.682292	22.919271	A4	65	80	0
264	22.765625	22.919271	F#5	72	80	0
265	22.847656	23.019531	G#5	67	80	0
266	22.932292	23.029948	C#6	71	80	0
267	22.967448	23.014323	G#6	74	80	0
268	23.044271	23.139323	C#6	77	80	0
269	23.125000	23.239583	G#5	70	80	0
270	23.208333	23.408854	C#6	74	80	0
271	23.282552	23.359375	F#6	80	80	0
272	23.333333	23.339844	D6	65	80	0
273	23.346354	23.589844	F#5	66	80	0
274	23.411458	23.549479	F#6	71	80	0
275	23.493490	23.539062	C#7	75	80	0
276	23.576823	23.709635	G#4	75	80	0
277	23.583333	23.658854	C#4	52	80	0
278	23.679688	23.769531	C#5	66	80	0
279	23.680990	23.779948	G#5	75	80	0
280	23.686198	23.718750	C#6	73	80	0
281	23.805990	23.889323	G#4	71	80	0
282	23.813802	23.889323	G#6	78	80	0
283	23.815104	23.878906	C#6	74	80	0
284	23.912760	24.029948	G#5	68	80	0
285	23.917969	24.029948	F#5	62	80	0
286	24.044271	24.119792	G#5	65	80	0
287	24.046875	24.179688	D5	72	80	0
288	24.050781	24.139323	C#5	65	80	0
289	24.106771	24.199219	A5	65	80	0
290	24.157552	24.216146	D6	78	80	0
291	24.221354	24.269531	A6	82	80	0
292	24.225260	24.329427	F#5	67	80	0
293	24.240885	24.348958	B4	64	80	0
294	24.324219	24.468750	A5	71	80	0
295	24.462240	24.524740	G#4	75	80	0
296	24.583333	24.688802	C#6	78	80	0
297	24.583333	24.658854	G#5	66	80	0
298	24.654948	24.769531	G#4	76	80	0
299	24.657552	24.839844	C#5	69	80	0
300	24.716146	24.809896	G#6	81	80	0
301	24.799479	24.899740	C#6	73	80	0
302	24.903646	24.908854	G#5	64	80	0
303	24.904948	25.009115	C#6	72	80	0
304	24.957031	25.119792	A5	73	80	0
305	24.986979	25.032552	D6	76	80	0
306	25.054688	25.139323	A6	80	80	0
307	25.093750	25.098958	D7	78	80	0
308	25.097656	25.218750	F#5	76	80	0
309	25.186198	25.269531	D6	75	80	0
310	25.222656	25.329427	C#6	59	80	0
311	25.317708	25.419271	C#5	64	80	0
312	25.325521	25.459635	G#5	62	80	0
313	25.436198	25.500000	C#6	73	80	0
314	25.441406	25.529948	G#6	77	80	0
315	25.505208	25.609375	C#6	68	80	0
316	25.554688	25.658854	C#7	77	80	0
317	25.643229	25.712240	G#6	84	80	0
318	25.734375	25.859375	C#6	75	80	0
319	25.786458	25.834635	D6	76	80	0
320	25.830729	25.889323	A6	76	80	0
321	25.875000	25.889323	D7	80	80	0
322	25.881510	25.968750	C#7	85	80	0
323	25.888021	25.959635	F#6	75	80	0
324	26.018229	26.080729	A6	81	80	0
325	26.082031	26.119792	D6	63	80	0
326	26.148438	26.218750	G#5	68	80	0
327	26.152344	26.199219	C#6	66	80	0
328	26.217448	26.378906	A5	63	80	0
329	26.264323	26.304688	D6	65	80	0
330	26.334635	26.419271	F#5	73	80	0
331	26.444010	26.496094	D6	71	80	0
332	26.444010	26.529948	C#6	72	80	0
333	26.515625	26.598958	A5	55	80	0
334	26.523438	26.529948	G#5	54	80	0
335	26.584635	26.688802	C#5	68	80	0
336	26.643229	26.759115	D5	67	80	0
337	26.708333	26.799479	C#6	72	80	0
338	26.746094	26.798177	D6	70	80	0
339	26.748698	26.848958	A5	64	80	0
340	26.765625	26.819010	F#5	66	80	0
341	26.787760	26.848958	B4	60	80	0
342	26.796875	26.848958	A6	79	80	0
343	26.897135	26.908854	G#5	60	80	0
344	26.901042	27.009115	A5	57	80	0
345	26.963542	27.019531	D5	55	80	0
346	27.022135	27.119792	G#4	64	80	0
347	27.074219	27.188802	C#5	64	80	0
348	27.115885	27.209635	D5	68	80	0
349	27.194010	27.250000	A5	66	80	0
350	27.194010	27.289062	F#4	67	80	0
351	27.205729	27.289062	B4	54	80	0
352	27.247396	27.259115	D6	66	80	0
353	27.352865	27.414062	D5	75	80	0
354	27.432292	27.519531	A4	53	80	0
355	27.489583	27.500000	G#5	65	80	0
356	27.489583	27.500000	G#4	66	80	0
357	27.502604	27.509115	G#2	53	80	0
358	27.584635	27.859375	G#4	67	80	0
359	27.683594	27.809896	C#5	58	80	0
360	27.766927	27.779948	B5	59	80	0
361	27.766927	28.259115	B4	66	80	0
362	27.867188	28.000000	G#4	59	80	0
363	27.933594	28.109375	C#5	50	80	0
364	28.046875	28.359375	G#4	68	80	0
365	28.182292	28.369792	C#5	59	80	0
366	28.285156	28.299479	F#5	66	80	0
367	28.285156	28.699219	F#4	61	80	0
368	28.368490	28.539062	G#4	69	80	0
369	28.464844	28.598958	C#5	57	80	0
370	28.553385	28.848958	G#4	74	80	0
371	28.632812	28.639323	B4	47	80	0
372	28.707031	28.848958	C#5	63	80	0
373	28.785156	30.389323	B4	65	80	0
374	28.860677	29.049479	G#4	67	80	0
375	28.930990	29.149740	C#5	56	80	0
376	29.057292	29.279948	G#4	64	80	0
377	29.154948	29.348958	C#5	56	80	0
378	29.290365	29.628906	G#4	74	80	0
379	29.384115	29.699219	C#5	58	80	0
380	29.505208	29.688802	C#4	44	80	0
381	29.640625	29.878906	G#4	69	80	0
382	29.704427	29.899740	C#5	65	80	0
383	29.752604	29.878906	B3	49	80	0
384	29.891927	30.188802	G#4	70	80	0
385	30.096354	30.109375	C#5	61	80	0
386	30.114583	30.739583	C#4	48	80	0
387	30.201823	30.669271	G#4	62	80	0
388	30.227865	30.739583	C#5	69	80	0
389	30.273438	30.279948	F#3	44	80	0
390	30.546875	30.699219	E4	43	80	0
391	30.674479	30.789062	G#4	73	80	0
392	30.744792	30.829427	C#5	64	80	0
393	30.796875	31.408854	G#4	70	80	0
394	30.799479	30.848958	E5	54	80	0
395	30.803385	30.899740	B3	57	80	0
396	30.805990	30.869792	G#5	69	80	0
397	31.243490	31.250000	C#5	56	80	0
398	31.302083	31.309896	G#5	67	80	0
399	31.415365	31.718750	G#4	65	80	0
400	31.725260	31.859375	G#4	59	80	0
401	31.727865	31.848958	G#3	50	80	0
402	31.863281	32.079427	G#3	52	80	0
403	31.867188	32.029948	G#4	66	80	0
404	32.006510	32.036458	C#4	48	80	0
405	32.044271	32.218750	G#4	65	80	0
406	32.125000	32.139323	C#5	64	80	0
407	32.125000	32.289062	C#4	63	80	0
408	32.226562	32.369792	G#4	70	80	0
409	32.381510	32.739583	G#4	73	80	0
410	32.651042	32.809896	C#5	67	80	0
411	33.184896	33.279948	C#5	55	80	0
412	33.464844	33.569010	C#5	56	80	0
413	33.748698	33.848958	C#5	53	80	0
414	35.061198	35.158854	B3	39	80	0
415	35.149740	35.259115	E4	41	80	0
416	35.287760	35.348958	A4	46	80	0
417	35.407552	35.559896	F#5	55	80	0
418	35.574219	35.799479	F#5	56	80	0
419	35.582031	35.799479	C#5	43	80	0
420	35.774740	35.949219	A4	50	80	0
421	35.779948	35.869792	B4	47	80	0
422	35.930990	36.079427	B4	49	80	0
423	35.955729	36.039062	A4	46	80	0
424	35.975260	36.098958	Eb5	54	80	0
425	36.053385	36.199219	F#5	52	80	0
426	36.143229	36.378906	B5	55	80	0
427	36.345052	36.429688	C#6	65	80	0
428	36.347656	36.479167	C#5	53	80	0
429	36.365885	36.519531	F#5	49	80	0
430	36.432292	36.509115	E5	35	80	0
431	36.516927	36.579427	A4	52	80	0
432	36.522135	36.639323	B4	52	80	0
433	36.686198	36.859375	B4	52	80	0
434	36.687500	36.968750	A4	51	80	0
435	36.733073	36.938802	F#5	61	80	0
436	36.785156	36.799479	E5	32	80	0
437	36.898438	37.128906	B5	60	80	0
438	36.912760	37.098958	Eb5	48	80	0
439	37.078125	37.199219	C#6	68	80	0
440	37.084635	37.279948	C#5	55	80	0
441	37.161458	37.369792	F#5	46	80	0
442	37.242188	37.250000	E5	40	80	0
443	37.324219	37.489583	B4	50	80	0
444	37.342448	37.539062	A4	52	80	0
445	37.494792	37.769531	G#5	57	80	0
446	37.494792	37.649740	G#4	55	80	0
447	37.501302	37.949219	B4	49	80	0
448	37.649740	37.938802	F#5	45	80	0
449	37.691406	38.009115	B5	50	80	0
450	37.895833	38.179688	G#5	60	80	0
451	37.902344	38.098958	G#4	61	80	0
452	37.946615	38.119792	F#5	45	80	0
453	38.091146	38.169271	A4	40	80	0
454	38.246094	38.359375	F#4	44	80	0
455	38.252604	38.519531	F#5	53	80	0
456	38.261719	38.609375	A4	43	80	0
457	38.272135	38.378906	B4	39	80	0
458	38.515625	38.688802	B3	41	80	0
459	38.614583	38.859375	C#4	46	80	0
460	38.614583	38.848958	C#5	52	80	0
461	38.734375	38.908854	F#5	53	80	0
462	38.812500	38.819010	E5	44	80	0
463	38.855469	39.408854	A4	42	80	0
464	38.880208	38.929688	B4	35	80	0
465	38.992188	39.149740	Eb4	46	80	0
466	38.992188	39.299479	Eb5	56	80	0
467	39.022135	39.128906	B4	44	80	0
468	39.170573	39.429688	F#5	46	80	0
469	39.213542	39.369792	B5	55	80	0
470	39.352865	39.479167	B4	50	80	0
471	39.367188	39.519531	C#4	47	80	0
472	39.434896	39.628906	F#5	49	80	0
473	39.524740	39.639323	E5	44	80	0
474	39.601562	39.739583	A4	47	80	0
475	39.604167	39.709635	B4	47	80	0
476	39.736979	39.848958	F#4	48	80	0
477	39.738281	39.878906	F#5	57	80	0
478	39.748698	40.128906	A4	49	80	0
479	39.752604	39.869792	B4	44	80	0
480	39.904948	40.098958	Eb5	60	80	0
481	39.921875	40.059896	Eb4	44	80	0
482	40.069010	40.279948	C#5	54	80	0
483	40.085938	40.279948	C#4	47	80	0
484	40.157552	40.369792	F#5	53	80	0
485	40.243490	40.408854	E5	50	80	0
486	40.319010	40.529948	A4	58	80	0
487	40.321615	40.399740	B4	56	80	0
488	40.427083	40.549479	G#4	67	80	0
489	40.432292	40.492188	G#3	48	80	0
490	40.455729	40.679688	B4	56	80	0
491	40.567708	40.628906	E5	48	80	0
492	40.611979	40.769531	F#5	57	80	0
493	40.656250	40.878906	B5	55	80	0
494	40.802083	40.929688	G#4	70	80	0
495	40.804688	40.878906	B4	59	80	0
496	40.805990	40.875000	G#3	53	80	0
497	40.846354	41.369792	F#5	54	80	0
498	40.984375	41.128906	B4	55	80	0
499	41.130208	41.209635	F#4	49	80	0
500	41.136719	41.259115	A4	48	80	0
501	41.143229	41.239583	F#3	40	80	0
502	41.540365	41.759115	B3	41	80	0
503	41.587240	41.750000	C#6	73	80	0
504	41.610677	41.809896	F#5	57	80	0
505	41.628906	41.759115	C#5	51	80	0
506	41.697917	41.709635	E3	29	80	0
507	41.773438	42.378906	A4	43	80	0
508	41.997396	42.049479	Eb6	60	80	0
509	42.010417	42.438802	F#5	50	80	0
510	42.014323	42.319010	Eb5	53	80	0
511	42.024740	42.579427	C#5	47	80	0
512	42.191406	42.369792	G#4	57	80	0
513	42.305990	42.529948	B3	38	80	0
514	42.384115	42.569010	C#6	71	80	0
515	42.509115	42.619792	E4	41	80	0
516	42.743490	42.789062	F#6	70	80	0
517	42.774740	43.079427	F#5	45	80	0
518	42.782552	42.878906	B5	39	80	0
519	42.945312	43.089844	E4	42	80	0
520	42.970052	43.049479	G#4	55	80	0
521	42.992188	43.109375	G#5	55	80	0
522	43.014323	43.209635	C#4	34	80	0
523	43.149740	43.214844	B3	45	80	0
524	43.153646	43.289062	B4	61	80	0
525	43.157552	43.378906	C#6	73	80	0
526	43.175781	43.309896	C#5	57	80	0
527	43.332031	43.609375	E4	47	80	0
528	43.334635	43.399740	G#4	59	80	0
529	43.557292	43.949219	G#5	66	80	0
530	43.572917	43.869792	C#5	51	80	0
531	43.582031	43.829427	G#4	59	80	0
532	43.985677	44.229167	B4	51	80	0
533	44.005208	44.218750	G#4	49	80	0
534	44.005208	44.489583	G#5	60	80	0
535	44.153646	44.399740	E4	39	80	0
536	44.345052	44.359375	B3	35	80	0
537	44.445312	44.649740	F#5	64	80	0
538	44.446615	44.628906	C#5	47	80	0
539	44.454427	44.533854	F#4	44	80	0
540	44.544271	44.639323	Eb4	32	80	0
541	44.755208	44.878906	G#3	38	80	0
542	44.832031	45.279948	E5	62	80	0
543	44.957031	45.139323	C#4	42	80	0
544	45.053385	45.179688	E4	43	80	0
545	45.162760	45.266927	F#3	34	80	0
546	45.221354	45.519531	F#5	70	80	0
547	45.244792	45.509115	C#5	44	80	0
548	45.255208	45.475260	A4	52	80	0
549	45.264323	45.369792	F#4	48	80	0
550	45.442708	45.598958	E5	54	80	0
551	45.445312	45.569010	E4	44	80	0
552	45.618490	45.739583	B4	46	80	0
553	45.622396	45.684896	E3	34	80	0
554	45.709635	45.968750	C#5	60	80	0
555	45.710938	45.829427	F#4	42	80	0
556	45.860677	45.959635	A4	47	80	0
557	45.895833	46.019531	A3	32	80	0
558	45.997396	46.009115	E5	48	80	0
559	46.183594	46.269531	A4	45	80	0
560	46.188802	46.429688	F#3	32	80	0
561	46.299479	46.459635	C#3	38	80	0
562	46.369792	46.679688	E5	64	80	0
563	46.381510	46.519531	A4	53	80	0
564	46.386719	46.559896	C#5	43	80	0
565	46.641927	46.709635	C#5	51	80	0
566	46.643229	46.809896	C#4	36	80	0
567	46.705729	46.799479	F#5	73	80	0
568	46.720052	46.989583	C#5	51	80	0
569	46.721354	46.829427	F#4	59	80	0
570	46.873698	46.963542	E3	36	80	0
571	47.066406	47.119792	B2	37	80	0
572	47.125000	47.339844	C#5	56	80	0
573	47.313802	47.438802	B4	57	80	0
574	47.358073	47.514323	F#3	37	80	0
575	47.454427	47.649740	A4	59	80	0
576	47.467448	47.959635	A3	56	80	0
577	47.477865	47.609375	F#4	53	80	0
578	47.485677	47.779948	C#5	57	80	0
579	47.667969	47.829427	E3	40	80	0
580	47.674479	47.750000	G#4	65	80	0
581	47.783854	47.949219	A2	49	80	0
582	47.854167	48.269531	E5	68	80	0
583	47.855469	48.119792	C#5	58	80	0
584	48.105469	48.239583	F#3	40	80	0
585	48.216146	48.348958	A4	66	80	0
586	48.218750	48.429688	F#5	80	80	0
587	48.231771	48.359375	F#4	66	80	0
588	48.239583	48.438802	C#5	59	80	0
589	48.253906	48.639323	F#3	45	80	0
590	48.466146	48.559896	G#2	57	80	0
591	48.555990	49.039062	E5	67	80	0
592	48.555990	48.679688	E4	58	80	0
593	48.674479	48.839844	E3	42	80	0
594	48.786458	48.848958	F#4	58	80	0
595	48.786458	49.000000	F#3	44	80	0
596	48.876302	49.119792	A4	66	80	0
597	48.907552	49.269531	F#4	56	80	0
598	48.914062	49.339844	C#5	67	80	0
599	48.929688	49.019531	C#4	48	80	0
600	49.145833	49.438802	C#3	61	80	0
601	49.214844	49.279948	F#2	51	80	0
602	49.292969	49.799479	B4	75	80	0
603	49.303385	49.449219	B3	54	80	0
604	49.615885	49.750000	A3	46	80	0
605	49.804688	51.169271	B4	63	80	0
606	49.808594	50.089844	E3	40	80	0
607	49.915365	49.929688	E2	46	80	0
608	49.920573	50.109375	G4	62	80	0
609	50.016927	51.239583	C#5	68	80	0
610	51.235677	51.598958	C#4	34	80	0
611	51.252604	51.628906	C#5	51	80	0
612	51.256510	51.639323	Eb5	56	80	0
613	51.270833	51.579427	G4	41	80	0
614	51.674479	51.789062	E4	44	80	0
615	52.007812	52.149740	D5	44	80	0
616	52.233073	52.239583	G4	44	80	0
617	52.234375	52.468750	Eb3	39	80	0
618	52.234375	52.348958	Eb2	39	80	0
619	52.382812	52.569010	C#4	41	80	0
620	52.382812	52.459635	G4	53	80	0
621	52.532552	52.699219	Eb5	62	80	0
622	52.544271	52.688802	Eb4	47	80	0
623	52.545573	52.739583	Bb4	53	80	0
624	52.545573	52.589844	G4	42	80	0
625	52.684896	52.759115	G4	66	80	0
626	52.691406	52.889323	C#5	58	80	0
627	52.812500	53.019531	Eb4	46	80	0
628	52.822917	52.929688	Eb5	62	80	0
629	52.903646	52.908854	G3	42	80	0
630	52.984375	53.049479	E4	57	80	0
631	52.985677	53.059896	D4	52	80	0
632	52.988281	53.109375	F3	45	80	0
633	52.992188	53.000000	B4	58	80	0
634	53.200521	53.339844	B3	46	80	0
635	53.285156	53.348958	A5	65	80	0
636	53.292969	53.399740	A4	58	80	0
637	53.292969	53.389323	D5	59	80	0
638	53.505208	53.669271	Bb4	61	80	0
639	53.520833	53.639323	Bb3	48	80	0
640	53.537760	53.549479	G4	52	80	0
641	53.630208	53.759115	C#5	61	80	0
642	53.855469	53.949219	G4	62	80	0
643	53.884115	54.009115	C#5	56	80	0
644	53.940104	53.979167	Eb6	71	80	0
645	53.942708	54.059896	Bb5	62	80	0
646	53.950521	54.069010	Eb5	66	80	0
647	54.154948	54.204427	G3	51	80	0
648	54.184896	54.289062	D4	38	80	0
649	54.253906	54.300781	F5	74	80	0
650	54.255208	54.339844	E6	73	80	0
651	54.256510	54.313802	B5	69	80	0
652	54.264323	54.348958	E5	72	80	0
653	54.315104	54.408854	A4	70	80	0
654	54.429688	54.529948	B4	72	80	0
655	54.536458	54.589844	F4	58	80	0
656	54.542969	54.602865	F5	66	80	0
657	54.575521	54.699219	A6	76	80	0
658	54.583333	54.709635	D6	61	80	0
659	54.584635	54.589844	D5	57	80	0
660	54.584635	54.669271	A5	68	80	0
661	54.585938	54.669271	A4	64	80	0
662	54.622396	54.628906	Bb4	58	80	0
663	54.710938	55.000000	Bb4	73	80	0
664	54.755208	55.049479	Eb4	61	80	0
665	54.865885	55.009115	G6	73	80	0
666	54.865885	54.979167	C#6	73	80	0
667	54.994792	55.049479	Eb7	79	80	0
668	54.996094	55.109375	F5	70	80	0
669	55.002604	55.098958	Eb6	79	80	0
670	55.104167	55.209635	C#6	73	80	0
671	55.118490	55.309896	C#7	77	80	0
672	55.135417	55.191406	G6	72	80	0
673	55.233073	55.319010	Eb7	69	80	0
674	55.242188	55.329427	Bb6	74	80	0
675	55.273438	55.408854	Bb4	68	80	0
676	55.283854	55.378906	G4	70	80	0
677	55.326823	55.339844	D5	63	80	0
678	55.355469	55.569010	E5	74	80	0
679	55.359375	55.479167	E6	81	80	0
680	55.368490	55.500000	C7	80	80	0
681	55.604167	55.699219	D7	71	80	0
682	55.609375	55.718750	A6	76	80	0
683	55.828125	56.229167	Bb4	65	80	0
684	55.861979	55.929688	G6	72	80	0
685	55.861979	55.959635	Eb6	71	80	0
686	55.864583	55.908854	D6	73	80	0
687	55.877604	55.979167	G5	59	80	0
688	55.877604	55.968750	C6	74	80	0
689	56.033854	56.098958	D6	67	80	0
690	56.035156	56.158854	G5	68	80	0
691	56.096354	56.209635	Bb6	89	80	0
692	56.105469	56.229167	G6	76	80	0
693	56.196615	56.269531	D6	66	80	0
694	56.273438	56.389323	G6	70	80	0
695	56.359375	56.406250	D6	63	80	0
696	56.363281	56.449219	G5	64	80	0
697	56.434896	56.500000	G6	68	80	0
698	56.516927	56.598958	D6	63	80	0
699	56.522135	56.619792	G5	64	80	0
700	56.585938	56.688802	G6	80	80	0
701	56.666667	56.710938	G5	61	80	0
702	56.740885	56.819010	G6	76	80	0
703	56.815104	56.889323	G5	65	80	0
704	56.824219	57.049479	Bb5	73	80	0
705	56.824219	56.899740	G6	68	80	0
706	56.828125	56.899740	Eb6	60	80	0
707	56.833333	56.959635	Eb5	64	80	0
708	56.910156	57.019531	G6	68	80	0
709	56.993490	57.128906	G5	66	80	0
710	57.089844	57.209635	G6	76	80	0
711	57.118490	57.229167	Bb6	83	80	0
712	57.182292	57.231771	D6	69	80	0
713	57.187500	57.259115	G5	59	80	0
714	57.274740	57.408854	G6	73	80	0
715	57.354167	57.429688	D6	72	80	0
716	57.355469	57.438802	G5	71	80	0
717	57.416667	57.559896	G6	76	80	0
718	57.496094	57.639323	G5	60	80	0
719	57.574219	57.669271	G6	56	80	0
720	57.651042	57.809896	G5	64	80	0
721	57.714844	57.829427	G6	75	80	0
722	57.776042	57.878906	Bb5	74	80	0
723	57.778646	57.878906	Eb5	66	80	0
724	57.852865	58.019531	G5	72	80	0
725	57.897135	58.009115	D6	71	80	0
726	57.962240	58.069010	G6	76	80	0
727	58.026042	58.158854	Bb6	88	80	0
728	58.075521	58.169271	G6	66	80	0
729	58.125000	58.229167	D6	71	80	0
730	58.201823	58.289062	G5	75	80	0
731	58.268229	58.378906	F#5	77	80	0
732	58.395833	58.460938	F5	61	80	0
733	58.406250	58.459635	C5	63	80	0
734	58.471354	58.549479	G4	68	80	0
735	58.515625	58.589844	Bb4	76	80	0
736	58.531250	58.609375	Eb4	59	80	0
737	58.626302	58.729167	G4	73	80	0
738	58.662760	58.701823	C4	56	80	0
739	58.688802	58.779948	D4	49	80	0
740	58.721354	58.779948	G3	56	80	0
741	58.773438	58.889323	Bb3	66	80	0
742	58.785156	58.859375	G3	60	80	0
743	58.804688	58.839844	G4	73	80	0
744	58.863281	58.869792	D4	39	80	0
745	58.929688	59.009115	G4	72	80	0
746	59.000000	59.042969	Eb4	59	80	0
747	59.002604	59.119792	Bb4	75	80	0
748	59.067708	59.149740	G4	75	80	0
749	59.123698	59.218750	D5	73	80	0
750	59.184896	59.299479	G5	76	80	0
751	59.233073	59.359375	Eb5	59	80	0
752	59.240885	59.628906	Bb5	70	80	0
753	59.311198	59.569010	G5	68	80	0
754	59.355469	59.479167	D6	66	80	0
755	59.420573	59.539062	G6	74	80	0
756	59.473958	59.669271	Bb6	84	80	0
757	59.548177	59.769531	G6	76	80	0
758	59.605469	59.729167	D6	65	80	0
759	59.674479	60.029948	G5	65	80	0
760	59.729167	60.158854	Bb5	70	80	0
761	59.851562	59.979167	D6	67	80	0
762	59.921875	60.158854	G6	72	80	0
763	60.002604	60.199219	Bb6	73	80	0
764	60.114583	60.229167	D6	67	80	0
765	60.183594	60.348958	G5	64	80	0
766	60.279948	60.729167	Bb5	65	80	0
767	60.355469	60.809896	G5	60	80	0
768	60.735677	60.750000	D6	60	80	0
769	60.820312	61.289062	G5	56	80	0
770	60.889323	61.128906	Bb5	62	80	0
771	63.804688	64.029948	F#5	52	80	0
772	63.807292	63.819010	B4	47	80	0
773	64.398438	64.609375	F#5	53	80	0
774	64.614583	64.789062	C#5	40	80	0
775	64.618490	64.919271	G#5	47	80	0
776	64.792969	65.049479	Bb5	53	80	0
777	65.005208	65.128906	F5	51	80	0
778	65.186198	65.419271	G#5	61	80	0
779	65.377604	65.609375	F#5	57	80	0
780	65.377604	65.609375	B4	52	80	0
781	65.555990	65.899740	G#5	45	80	0
782	65.563802	65.569010	Eb5	36	80	0
783	65.736979	65.919271	Eb5	52	80	0
784	65.924479	66.158854	B4	52	80	0
785	65.933594	66.139323	F#5	56	80	0
786	66.109375	66.348958	B5	61	80	0
787	66.135417	66.389323	C#5	41	80	0
788	66.136719	66.339844	G#5	47	80	0
789	66.315104	66.438802	Bb5	53	80	0
790	66.321615	66.408854	F5	44	80	0
791	66.494792	66.639323	C#6	64	80	0
792	66.503906	66.699219	F5	47	80	0
793	66.683594	66.919271	G#5	42	80	0
794	66.684896	66.919271	C#5	45	80	0
795	66.863281	67.169271	F#5	56	80	0
796	66.864583	67.158854	B4	50	80	0
797	67.045573	67.059896	Eb5	42	80	0
798	67.054688	67.229167	G#5	49	80	0
799	67.225260	67.449219	Eb5	48	80	0
800	67.235677	67.329427	B4	47	80	0
801	67.236979	67.500000	G#4	56	80	0
802	67.242188	67.479167	G#5	55	80	0
803	67.423177	67.539062	F#5	57	80	0
804	67.423177	67.718750	B4	47	80	0
805	67.593750	67.688802	A4	52	80	0
806	67.611979	67.859375	E5	35	80	0
807	67.777344	68.089844	F#5	48	80	0
808	67.789062	67.869792	C#5	33	80	0
809	67.949219	68.009115	C#6	63	80	0
810	67.963542	68.049479	A5	48	80	0
811	67.964844	68.468750	C#5	46	80	0
812	68.134115	68.259115	A4	40	80	0
813	68.308594	68.729167	Bb5	46	80	0
814	68.324219	68.968750	F#5	42	80	0
815	68.334635	68.339844	D5	37	80	0
816	68.342448	68.679688	G#4	44	80	0
817	68.683594	68.938802	C5	45	80	0
818	68.688802	68.959635	G#4	36	80	0
819	68.692708	68.899740	F5	44	80	0
820	68.852865	69.179688	Eb5	54	80	0
821	69.031250	69.113281	F#4	46	80	0
822	69.037760	69.218750	Bb4	52	80	0
823	69.042969	69.239583	G#4	49	80	0
824	69.250000	69.408854	G#4	49	80	0
825	69.432292	69.539062	C6	61	80	0
826	69.434896	69.649740	G#5	52	80	0
827	69.464844	69.688802	F#5	53	80	0
828	69.471354	69.619792	Bb4	48	80	0
829	69.611979	69.664062	G#4	53	80	0
830	69.822917	69.880208	E4	37	80	0
831	69.822917	70.059896	C#5	45	80	0
832	69.825521	70.128906	E5	49	80	0
833	69.826823	70.079427	G#5	55	80	0
834	69.832031	70.069010	G#4	51	80	0
835	69.841146	70.079427	F#3	31	80	0
836	69.993490	70.055990	F#4	47	80	0
837	70.216146	70.459635	G#5	59	80	0
838	70.226562	70.438802	Bb4	51	80	0
839	70.233073	70.285156	G#4	55	80	0
840	70.406250	70.470052	F#4	44	80	0
841	70.406250	70.457031	F#5	59	80	0
842	70.588542	70.667969	F#4	36	80	0
843	70.595052	70.750000	Bb5	58	80	0
844	70.597656	70.799479	Bb4	52	80	0
845	70.604167	70.671875	Eb4	32	80	0
846	70.627604	70.789062	F#5	39	80	0
847	70.777344	70.919271	G#4	53	80	0
848	70.983073	71.188802	F#5	51	80	0
849	70.985677	71.069010	G#4	47	80	0
850	71.152344	71.201823	G#4	55	80	0
851	71.341146	71.404948	E4	35	80	0
852	71.346354	71.559896	Bb4	48	80	0
853	71.350260	71.559896	C#5	43	80	0
854	71.351562	71.500000	G#4	52	80	0
855	71.352865	71.598958	G#5	59	80	0
856	71.352865	71.489583	C#4	36	80	0
857	71.363281	71.669271	E5	45	80	0
858	71.507812	71.570312	F#4	51	80	0
859	71.513021	71.589844	G#4	55	80	0
860	71.718750	71.839844	G#4	58	80	0
861	71.720052	71.919271	Bb4	51	80	0
862	71.882812	71.940104	F#4	43	80	0
863	71.884115	72.000000	F#5	60	80	0
864	72.037760	72.113281	F#4	52	80	0
865	72.040365	72.299479	G#4	61	80	0
866	72.045573	72.188802	G#3	41	80	0
867	72.046875	72.188802	Bb4	61	80	0
868	72.054688	72.259115	Bb5	65	80	0
869	72.054688	72.199219	Eb4	40	80	0
870	72.057292	72.209635	F#5	52	80	0
871	72.425781	72.589844	F#5	60	80	0
872	72.428385	72.500000	C5	50	80	0
873	72.587240	72.658854	G#4	51	80	0
874	72.757812	72.979167	G#5	62	80	0
875	72.765625	73.009115	C#5	47	80	0
876	72.769531	72.989583	E4	42	80	0
877	72.769531	73.009115	E5	51	80	0
878	72.772135	73.000000	G#4	50	80	0
879	72.773438	72.989583	C#4	40	80	0
880	72.783854	73.039062	F#3	36	80	0
881	72.944010	73.059896	F#4	46	80	0
882	73.111979	73.229167	Bb5	59	80	0
883	73.123698	73.250000	Bb4	55	80	0
884	73.123698	73.239583	F#5	53	80	0
885	73.125000	73.269531	E5	43	80	0
886	73.134115	73.218750	G#4	53	80	0
887	73.295573	73.511719	F#4	48	80	0
888	73.446615	73.739583	B3	51	80	0
889	73.464844	73.609375	D5	54	80	0
890	73.464844	73.619792	G#4	53	80	0
891	73.467448	73.919271	F#5	64	80	0
892	73.473958	73.649740	D4	39	80	0
893	73.786458	73.938802	G#5	62	80	0
894	73.792969	73.919271	D5	57	80	0
895	73.820312	73.929688	G#4	64	80	0
896	73.824219	73.938802	E5	50	80	0
897	73.826823	73.908854	F#4	44	80	0
898	74.128906	74.269531	Bb3	52	80	0
899	74.134115	74.378906	D5	52	80	0
900	74.136719	74.369792	G#4	57	80	0
901	74.140625	74.369792	F5	58	80	0
902	74.143229	74.378906	Bb4	57	80	0
903	74.468750	74.718750	G#4	56	80	0
904	74.477865	74.589844	D4	49	80	0
905	74.796875	74.949219	D5	51	80	0
906	74.804688	74.908854	F#4	48	80	0
907	74.804688	74.959635	F#5	57	80	0
908	74.805990	74.938802	D4	39	80	0
909	74.808594	75.019531	G#4	52	80	0
910	75.127604	75.239583	G#5	66	80	0
911	75.135417	75.559896	D5	59	80	0
912	75.140625	75.250000	G#4	63	80	0
913	75.143229	75.348958	F#5	62	80	0
914	75.145833	75.239583	F#4	53	80	0
915	75.283854	75.369792	E5	57	80	0
916	75.285156	75.389323	G#4	54	80	0
917	75.287760	75.328125	E4	54	80	0
918	75.454427	75.598958	F3	38	80	0
919	75.455729	75.609375	Bb3	53	80	0
920	75.457031	75.589844	G#4	63	80	0
921	75.463542	75.718750	G#3	50	80	0
922	75.640625	75.779948	F5	64	80	0
923	75.652344	76.000000	G#4	50	80	0
924	75.654948	75.859375	F4	47	80	0
925	75.804688	75.899740	D5	56	80	0
926	75.807292	75.889323	C#5	56	80	0
927	75.837240	75.979167	D4	41	80	0
928	76.121094	76.239583	B4	57	80	0
929	76.123698	76.239583	D4	45	80	0
930	76.127604	76.289062	F#5	65	80	0
931	76.132812	76.250000	G#4	59	80	0
932	76.132812	76.269531	D5	52	80	0
933	76.134115	76.188802	E5	55	80	0
934	76.140625	76.239583	F#4	50	80	0
935	76.446615	76.559896	D5	61	80	0
936	76.446615	76.549479	G#5	67	80	0
937	76.475260	76.539062	E5	50	80	0
938	76.475260	76.559896	G#4	56	80	0
939	76.606771	76.679688	E4	47	80	0
940	76.809896	77.029948	G#4	59	80	0
941	76.811198	76.919271	Bb3	53	80	0
942	76.812500	76.908854	G#3	52	80	0
943	76.813802	77.019531	F5	56	80	0
944	76.819010	77.000000	D5	49	80	0
945	76.938802	76.986979	F4	51	80	0
946	77.082031	77.179688	Bb4	70	80	0
947	77.135417	77.259115	D4	46	80	0
948	77.234375	77.319010	F4	46	80	0
949	77.234375	77.309896	F5	60	80	0
950	77.391927	77.529948	F#4	61	80	0
951	77.393229	77.750000	B3	56	80	0
952	77.394531	77.500000	G#4	69	80	0
953	77.397135	77.468750	B4	59	80	0
954	77.402344	77.464844	E3	48	80	0
955	77.488281	77.500000	E5	62	80	0
956	77.503906	77.569010	E4	48	80	0
957	77.505208	77.739583	G#4	71	80	0
958	77.585938	77.598958	B4	52	80	0
959	77.688802	77.769531	B4	75	80	0
960	77.691406	77.789062	F#4	64	80	0
961	77.699219	77.789062	C#5	64	80	0
962	77.746094	77.848958	D4	50	80	0
963	77.765625	77.889323	D5	73	80	0
964	77.817708	78.049479	G#4	69	80	0
965	77.996094	78.089844	F#5	74	80	0
966	78.011719	78.057292	B4	74	80	0
967	78.113281	78.199219	G#5	75	80	0
968	78.278646	78.326823	F#5	63	80	0
969	78.281250	78.342448	B5	71	80	0
970	78.282552	78.348958	B4	64	80	0
971	78.292969	78.399740	C#5	59	80	0
972	78.346354	78.429688	D5	65	80	0
973	78.386719	78.399740	D6	77	80	0
974	78.388021	78.459635	G#5	69	80	0
975	78.393229	78.449219	C#6	75	80	0
976	78.596354	78.679688	G#6	74	80	0
977	78.596354	78.729167	B5	71	80	0
978	78.596354	78.750000	G#5	72	80	0
979	78.600260	78.709635	B4	67	80	0
980	78.611979	78.718750	E5	52	80	0
981	78.686198	78.789062	G#6	73	80	0
982	78.705729	78.756510	E6	57	80	0
983	78.855469	78.901042	B6	76	80	0
984	78.863281	78.904948	B5	71	80	0
985	78.864583	78.949219	F#6	71	80	0
986	78.877604	78.929688	G#6	67	80	0
987	78.891927	78.949219	C#6	66	80	0
988	78.933594	78.989583	D6	60	80	0
989	79.002604	79.036458	B5	74	80	0
990	79.003906	79.079427	G#6	71	80	0
991	79.005208	79.059896	B6	71	80	0
992	79.157552	79.218750	Bb5	75	80	0
993	79.161458	79.299479	Bb4	77	80	0
994	79.212240	79.279948	D7	70	80	0
995	79.273438	79.359375	Bb6	85	80	0
996	79.342448	79.408854	F5	59	80	0
997	79.430990	79.438802	Bb5	67	80	0
998	79.434896	79.438802	C6	72	80	0
999	79.480469	79.589844	F5	61	80	0
1000	79.536458	79.582031	Bb5	75	80	0
1001	79.675781	79.750000	F6	61	80	0
1002	79.683594	79.747396	Bb5	68	80	0
1003	79.743490	79.829427	Bb6	76	80	0
1004	79.764323	79.815104	D7	71	80	0
1005	79.856771	80.098958	G#4	71	80	0
1006	80.042969	80.049479	B6	76	80	0
1007	80.059896	80.069010	B5	70	80	0
1008	80.093750	80.143229	F#5	67	80	0
1009	80.095052	80.136719	D5	52	80	0
1010	80.190104	80.239583	B6	71	80	0
1011	80.242188	80.319010	D7	61	80	0
1012	80.286458	80.345052	B6	70	80	0
1013	80.335938	80.385417	G#6	73	80	0
1014	80.423177	80.476562	D7	63	80	0
1015	80.460938	80.500000	Bb3	62	80	0
1016	80.475260	80.539062	Bb4	71	80	0
1017	80.496094	80.579427	Bb6	76	80	0
1018	80.518229	80.559896	F6	68	80	0
1019	80.622396	80.699219	D6	80	80	0
1020	80.625000	80.859375	Bb4	71	80	0
1021	80.626302	80.688802	D5	67	80	0
1022	80.678385	80.750000	Bb5	55	80	0
1023	80.725260	80.829427	F5	50	80	0
1024	80.809896	80.959635	D5	65	80	0
1025	80.915365	81.009115	G#4	65	80	0
1026	80.921875	81.049479	F5	63	80	0
1027	81.084635	81.169271	F#5	69	80	0
1028	81.092448	81.188802	G#3	50	80	0
1029	81.164062	81.286458	D5	55	80	0
1030	81.234375	81.319010	B4	73	80	0
1031	81.274740	81.399740	F#4	61	80	0
1032	81.276042	81.389323	D4	52	80	0
1033	81.372396	81.519531	G#5	77	80	0
1034	81.441406	81.779948	D5	67	80	0
1035	81.457031	81.507812	B3	58	80	0
1036	81.492188	81.569010	B4	66	80	0
1037	81.540365	81.938802	G#4	68	80	0
1038	81.614583	81.750000	F5	64	80	0
1039	81.687500	81.779948	Bb5	72	80	0
1040	81.687500	81.839844	Bb4	70	80	0
1041	82.552083	82.709635	D4	53	80	0
1042	82.565104	82.649740	Bb3	48	80	0
1043	82.691406	82.829427	F#4	62	80	0
1044	82.697917	82.752604	F#3	45	80	0
1045	82.740885	82.750000	G#4	65	80	0
1046	82.876302	82.989583	F#4	54	80	0
1047	82.901042	83.009115	D5	56	80	0
1048	82.903646	83.000000	B4	64	80	0
1049	82.906250	82.989583	D4	45	80	0
1050	83.059896	83.179688	C#5	66	80	0
1051	83.226562	83.295573	D5	59	80	0
1052	83.236979	83.339844	Bb4	70	80	0
1053	83.242188	83.319010	B4	68	80	0
1054	83.341146	83.479167	F#4	61	80	0
1055	83.351562	83.359375	F#5	66	80	0
1056	83.385417	83.429688	G#4	53	80	0
1057	83.562500	83.739583	G#4	62	80	0
1058	83.563802	83.658854	B5	61	80	0
1059	83.714844	83.789062	C#6	67	80	0
1060	83.861979	83.979167	Bb4	63	80	0
1061	83.872396	83.968750	Bb5	69	80	0
1062	83.875000	83.949219	D6	58	80	0
1063	84.027344	84.149740	G#4	65	80	0
1064	84.028646	84.149740	F#5	63	80	0
1065	84.184896	84.468750	G4	61	80	0
1066	84.317708	84.389323	B6	81	80	0
1067	84.324219	84.359375	B5	65	80	0
1068	84.373698	84.438802	G6	75	80	0
1069	84.432292	84.489583	D6	62	80	0
1070	84.548177	84.609375	B5	56	80	0
1071	84.604167	84.666667	D5	67	80	0
1072	84.686198	84.799479	B5	70	80	0
1073	84.725260	84.829427	B4	62	80	0
1074	84.915365	85.019531	C4	50	80	0
1075	85.145833	85.195312	F#4	56	80	0
1076	85.153646	85.209635	F#5	64	80	0
1077	85.170573	85.229167	Eb5	57	80	0
1078	85.381510	85.433594	F#4	60	80	0
1079	85.552083	85.621094	B6	74	80	0
1080	85.602865	85.643229	G6	75	80	0
1081	85.651042	85.709635	D6	66	80	0
1082	85.727865	85.819010	G4	59	80	0
1083	85.743490	85.791667	B4	64	80	0
1084	85.743490	85.795573	B5	68	80	0
1085	85.802083	85.869792	D4	51	80	0
1086	85.802083	85.869792	G5	61	80	0
1087	85.852865	86.019531	D5	68	80	0
1088	85.953125	86.001302	B4	66	80	0
1089	85.981771	86.039062	D4	45	80	0
1090	86.002604	86.089844	G4	53	80	0
1091	86.071615	86.128906	D4	54	80	0
1092	86.095052	86.250000	G4	55	80	0
1093	86.148438	86.218750	C4	43	80	0
1094	86.201823	86.339844	Eb5	64	80	0
1095	86.304688	86.459635	Bb4	68	80	0
1096	86.363281	86.421875	F#3	47	80	0
1097	86.416667	86.500000	Eb4	38	80	0
1098	86.524740	86.649740	F5	67	80	0
1099	86.734375	86.968750	B4	67	80	0
1100	86.856771	87.098958	G4	60	80	0
1101	87.156250	87.226562	B3	58	80	0
1102	87.243490	87.359375	F#3	52	80	0
1103	87.337240	87.489583	Bb4	75	80	0
1104	87.346354	87.459635	Bb3	58	80	0
1105	88.415365	88.529948	D6	62	80	0
1106	88.617188	88.759115	F5	46	80	0
1107	88.701823	88.869792	D5	43	80	0
1108	88.805990	88.889323	C#6	64	80	0
1109	89.085938	89.309896	C#5	49	80	0
1110	89.255208	89.399740	G5	58	80	0
1111	89.384115	89.500000	F5	49	80	0
1112	89.459635	89.619792	B4	52	80	0
1113	89.553385	89.639323	G4	57	80	0
1114	89.653646	89.848958	G#5	64	80	0
1115	89.760417	89.889323	F5	61	80	0
1116	89.838542	90.029948	B4	53	80	0
1117	89.915365	90.069010	G#4	50	80	0
1118	90.065104	90.279948	C#4	40	80	0
1119	90.134115	90.378906	B5	62	80	0
1120	90.255208	90.438802	G5	54	80	0
1121	90.326823	90.339844	E4	43	80	0
1122	90.417969	90.549479	B4	57	80	0
1123	90.496094	90.579427	G4	52	80	0
1124	90.515625	90.609375	Eb5	51	80	0
1125	90.644531	90.709635	E5	53	80	0
1126	90.714844	90.799479	F5	62	80	0
1127	90.764323	90.769531	F#5	61	80	0
1128	90.835938	90.959635	G5	63	80	0
1129	90.924479	91.019531	G#5	58	80	0
1130	90.962240	91.119792	B4	49	80	0
1131	91.069010	91.158854	Bb5	67	80	0
1132	91.170573	91.179688	B5	60	80	0
1133	91.213542	91.218750	E6	73	80	0
1134	91.273438	91.279948	Eb6	70	80	0
1135	91.335938	91.389323	D6	73	80	0
1136	91.412760	91.718750	C#4	45	80	0
1137	91.472656	91.589844	D6	72	80	0
1138	91.578125	91.750000	G5	61	80	0
1139	91.677083	91.799479	F5	51	80	0
1140	91.725260	91.878906	D5	61	80	0
1141	91.834635	91.919271	C#6	70	80	0
1142	91.925781	91.979167	G5	57	80	0
1143	91.962240	92.139323	B4	50	80	0
1144	92.032552	92.039062	F5	44	80	0
1145	92.096354	92.319010	C#5	50	80	0
1146	92.257812	92.429688	G5	62	80	0
1147	92.378906	92.529948	F5	54	80	0
1148	92.471354	92.639323	B4	54	80	0
1149	92.539062	92.639323	G4	60	80	0
1150	92.662760	92.829427	G#5	68	80	0
1151	92.774740	92.919271	F5	63	80	0
1152	92.837240	92.979167	B4	62	80	0
1153	92.897135	93.119792	G#4	69	80	0
1154	93.053385	93.269531	C#4	46	80	0
1155	93.062500	93.389323	B5	71	80	0
1156	93.164062	93.339844	G5	54	80	0
1157	93.247396	93.359375	E5	50	80	0
1158	93.316406	93.489583	B4	56	80	0
1159	93.408854	93.509115	Eb5	60	80	0
1160	93.472656	93.579427	G4	60	80	0
1161	93.546875	93.639323	E5	57	80	0
1162	93.582031	93.656250	F5	66	80	0
1163	93.596354	93.739583	B4	49	80	0
1164	93.638021	93.699219	F#5	71	80	0
1165	93.713542	93.809896	G5	67	80	0
1166	93.785156	93.899740	G#5	69	80	0
1167	93.861979	94.079427	B4	53	80	0
1168	93.934896	94.069010	Bb5	73	80	0
1169	94.011719	94.098958	G4	66	80	0
1170	94.035156	94.179688	B5	70	80	0
1171	94.061198	94.109375	E6	73	80	0
1172	94.141927	94.229167	Eb6	68	80	0
1173	94.194010	94.329427	D6	73	80	0
1174	94.325521	94.378906	G#4	57	80	0
1175	94.332031	94.459635	C#6	68	80	0
1176	94.339844	94.438802	D6	64	80	0
1177	94.433594	94.549479	B5	61	80	0
1178	94.520833	94.639323	F5	47	80	0
1179	94.583333	94.679688	D5	62	80	0
1180	94.682292	94.779948	C#6	75	80	0
1181	94.755208	94.848958	B5	60	80	0
1182	94.826823	94.884115	C#5	62	80	0
1183	94.829427	94.938802	B4	65	80	0
1184	94.839844	94.979167	F5	58	80	0
1185	94.981771	95.079427	B4	62	80	0
1186	94.983073	95.042969	E6	75	80	0
1187	94.984375	95.027344	E5	67	80	0
1188	94.985677	95.000000	E4	62	80	0
1189	95.119792	95.269531	B5	67	80	0
1190	95.227865	95.239583	F5	50	80	0
1191	95.263021	95.449219	E5	55	80	0
1192	95.412760	95.500000	B4	64	80	0
1193	95.420573	95.539062	D4	63	80	0
1194	95.423177	95.519531	D6	76	80	0
1195	95.522135	95.658854	B5	66	80	0
1196	95.604167	95.729167	F5	58	80	0
1197	95.664062	95.746094	D5	69	80	0
1198	95.688802	95.799479	G#4	64	80	0
1199	95.696615	95.799479	C#4	58	80	0
1200	95.746094	95.812500	D6	81	80	0
1201	95.838542	95.894531	B5	73	80	0
1202	95.904948	96.029948	F5	60	80	0
1203	95.951823	96.059896	D5	63	80	0
1204	96.042969	96.109375	G#4	65	80	0
1205	96.052083	96.059896	B5	68	80	0
1206	96.053385	96.179688	B4	69	80	0
1207	96.074219	96.169271	C#6	70	80	0
1208	96.164062	96.250000	B5	63	80	0
1209	96.204427	96.369792	F5	62	80	0
1210	96.326823	96.438802	D6	74	80	0
1211	96.364583	96.408854	B4	61	80	0
1212	96.364583	96.468750	D4	56	80	0
1213	96.423177	96.509115	B5	67	80	0
1214	96.505208	96.619792	F5	61	80	0
1215	96.513021	96.619792	D5	60	80	0
1216	96.593750	96.709635	E4	62	80	0
1217	96.597656	96.688802	B4	62	80	0
1218	96.623698	96.799479	E6	80	80	0
1219	96.709635	96.799479	B5	63	80	0
1220	96.768229	96.779948	F5	50	80	0
1221	96.825521	97.218750	E5	53	80	0
1222	96.942708	97.169271	F#3	60	80	0
1223	97.023438	97.449219	G6	80	80	0
1224	97.121094	97.289062	C6	55	80	0
1225	97.184896	97.199219	C#4	42	80	0
1226	97.233073	97.369792	Bb5	70	80	0
1227	97.289062	97.408854	G5	58	80	0
1228	97.324219	97.500000	E4	54	80	0
1229	97.412760	97.619792	F#6	71	80	0
1230	97.507812	97.679688	C6	65	80	0
1231	97.567708	97.779948	Bb4	53	80	0
1232	97.654948	97.869792	F#5	52	80	0
1233	97.795573	97.949219	C6	68	80	0
1234	97.911458	98.109375	Bb5	60	80	0
1235	98.014323	98.179688	E5	51	80	0
1236	98.055990	98.209635	C5	53	80	0
1237	98.177083	98.449219	C#6	72	80	0
1238	98.179688	98.319010	C6	73	80	0
1239	98.334635	98.449219	E5	50	80	0
1240	98.384115	98.529948	C#5	51	80	0
1241	98.526042	98.699219	E6	71	80	0
1242	98.602865	98.739583	C6	63	80	0
1243	98.664062	98.718750	C4	43	80	0
1244	98.671875	98.779948	A5	61	80	0
1245	98.756510	98.889323	E5	47	80	0
1246	98.841146	98.949219	G#5	63	80	0
1247	98.845052	98.899740	A4	53	80	0
1248	98.984375	99.024740	Bb5	67	80	0
1249	99.070312	99.158854	B5	65	80	0
1250	99.145833	99.279948	C6	68	80	0
1251	99.194010	99.269531	C#6	61	80	0
1252	99.273438	99.319010	D6	59	80	0
1253	99.337240	99.438802	Eb6	67	80	0
1254	99.424479	99.549479	E6	63	80	0
1255	99.494792	99.609375	A6	72	80	0
1256	99.565104	99.688802	G#6	75	80	0
1257	99.595052	99.669271	G6	69	80	0
1258	99.690104	99.799479	F#3	53	80	0
1259	99.704427	99.809896	F#6	68	80	0
1260	99.722656	99.819010	G6	73	80	0
1261	99.792969	99.854167	E6	69	80	0
1262	99.864583	99.949219	Bb5	69	80	0
1263	99.917969	99.962240	G5	62	80	0
1264	99.993490	100.139323	F#6	74	80	0
1265	100.075521	100.114583	A4	68	80	0
1266	100.082031	100.169271	Bb4	71	80	0
1267	100.122396	100.229167	Bb5	64	80	0
1268	100.134115	100.239583	F#5	62	80	0
1269	100.217448	100.399740	A4	68	80	0
1270	100.242188	100.348958	A6	78	80	0
1271	100.343750	100.403646	E6	74	80	0
1272	100.421875	100.519531	Bb5	69	80	0
1273	100.484375	100.559896	A5	61	80	0
1274	100.576823	100.628906	G4	59	80	0
1275	100.592448	100.688802	Bb4	62	80	0
1276	100.623698	100.718750	G6	76	80	0
1277	100.694010	100.799479	E6	71	80	0
1278	100.765625	100.805990	Bb5	72	80	0
1279	100.825521	100.949219	G5	67	80	0
1280	100.830729	100.839844	G4	66	80	0
1281	100.833333	100.839844	F#4	66	80	0
1282	100.911458	101.049479	G6	79	80	0
1283	100.971354	101.035156	E6	76	80	0
1284	101.032552	101.139323	Bb5	73	80	0
1285	101.096354	101.153646	G5	73	80	0
1286	101.175781	101.329427	F#6	82	80	0
1287	101.177083	101.299479	Bb4	77	80	0
1288	101.194010	101.299479	F#4	68	80	0
1289	101.242188	101.250000	E5	49	80	0
1290	101.285156	101.334635	Bb5	76	80	0
1291	101.334635	101.408854	F#5	67	80	0
1292	101.445312	101.549479	G6	79	80	0
1293	101.453125	101.506510	G4	75	80	0
1294	101.453125	101.549479	Bb4	79	80	0
1295	101.493490	101.569010	E5	58	80	0
1296	101.507812	101.570312	E6	69	80	0
1297	101.559896	101.669271	Bb5	75	80	0
1298	101.598958	101.699219	F#5	58	80	0
1299	101.647135	101.769531	A4	62	80	0
1300	101.700521	101.789062	A6	83	80	0
1301	101.773438	101.837240	E6	76	80	0
1302	101.812500	101.929688	Bb5	70	80	0
1303	101.868490	101.908854	A5	68	80	0
1304	101.873698	101.979167	G5	65	80	0
1305	101.954427	102.158854	G3	68	80	0
1306	101.959635	102.009115	G4	60	80	0
1307	102.032552	102.179688	C7	90	80	0
1308	102.160156	102.309896	C#4	55	80	0
1309	102.196615	102.289062	C#6	72	80	0
1310	102.207031	102.289062	C6	76	80	0
1311	102.277344	102.348958	F5	56	80	0
1312	102.278646	102.408854	F4	50	80	0
1313	102.355469	102.468750	Bb6	78	80	0
1314	102.424479	102.539062	Bb4	71	80	0
1315	102.531250	102.619792	Bb5	75	80	0
1316	102.611979	102.759115	Bb3	63	80	0
1317	102.660156	102.769531	G4	61	80	0
1318	102.674479	102.799479	Eb6	77	80	0
1319	102.755208	102.824219	C#6	70	80	0
1320	102.824219	102.919271	G#5	75	80	0
1321	102.863281	102.949219	Eb5	67	80	0
1322	102.898438	103.019531	E5	59	80	0
1323	102.906250	102.989583	E4	57	80	0
1324	102.951823	103.059896	G#4	72	80	0
1325	102.983073	103.052083	E6	78	80	0
1326	103.027344	103.128906	C#5	64	80	0
1327	103.049479	103.169271	C#6	71	80	0
1328	103.195312	103.319010	E5	63	80	0
1329	103.244792	103.509115	C#4	53	80	0
1330	103.273438	103.419271	G6	83	80	0
1331	103.386719	103.475260	B5	73	80	0
1332	103.425781	103.589844	G#4	72	80	0
1333	103.425781	103.619792	G4	65	80	0
1334	103.468750	103.569010	G5	71	80	0
1335	103.571615	103.626302	E5	61	80	0
1336	103.625000	103.639323	A5	73	80	0
1337	103.704427	103.819010	Bb5	79	80	0
1338	103.721354	103.929688	C#4	59	80	0
1339	103.773438	103.808594	B5	78	80	0
1340	103.845052	103.949219	C6	82	80	0
1341	103.893229	103.979167	C#6	77	80	0
1342	103.933594	104.049479	Bb3	59	80	0
1343	104.013021	104.063802	Eb6	78	80	0
1344	104.089844	104.164062	E6	83	80	0
1345	104.119792	104.177083	G3	67	80	0
1346	104.166667	104.279948	C7	83	80	0
1347	104.231771	104.348958	C#4	62	80	0
1348	104.244792	104.250000	F6	73	80	0
1349	104.308594	104.375000	C#6	75	80	0
1350	104.367188	104.408854	C6	74	80	0
1351	104.432292	104.539062	Bb6	87	80	0
1352	104.444010	104.539062	G4	72	80	0
1353	104.494792	104.539062	F6	64	80	0
1354	104.558594	104.658854	C#6	73	80	0
1355	104.625000	104.759115	F5	55	80	0
1356	104.625000	104.739583	Bb5	78	80	0
1357	104.705729	104.839844	Bb4	80	80	0
1358	104.725260	104.859375	C#7	83	80	0
1359	104.813802	104.881510	G#6	80	80	0
1360	104.864583	104.907552	E6	74	80	0
1361	104.937500	105.019531	E5	59	80	0
1362	104.942708	105.029948	C#6	73	80	0
1363	104.998698	105.139323	G#5	64	80	0
1364	105.032552	105.039062	C6	71	80	0
1365	105.053385	105.128906	C7	84	80	0
1366	105.089844	105.151042	G#6	77	80	0
1367	105.149740	105.186198	E6	75	80	0
1368	105.214844	105.329427	C6	74	80	0
1369	105.263021	105.369792	G4	77	80	0
1370	105.295573	105.399740	C7	82	80	0
1371	105.342448	105.348958	F6	67	80	0
1372	105.386719	105.519531	C#5	70	80	0
1373	105.410156	105.489583	C#6	75	80	0
1374	105.444010	105.483073	C6	69	80	0
1375	105.484375	105.679688	F5	65	80	0
1376	105.516927	105.649740	Bb6	92	80	0
1377	105.623698	105.718750	C#6	68	80	0
1378	105.665365	105.759115	Bb5	77	80	0
1379	105.716146	105.859375	Bb4	80	80	0
1380	105.765625	105.843750	C7	85	80	0
1381	105.839844	105.901042	G#6	85	80	0
1382	105.852865	105.904948	E5	67	80	0
1383	105.912760	105.949219	E6	65	80	0
1384	105.953125	106.164062	C6	76	80	0
1385	105.959635	106.059896	G#5	76	80	0
1386	106.042969	106.139323	C#7	90	80	0
1387	106.095052	106.161458	G#6	79	80	0
1388	106.173177	106.229167	C#6	70	80	0
1389	106.222656	106.289062	A4	82	80	0
1390	106.257812	106.338542	D7	83	80	0
1391	106.332031	106.408854	G6	82	80	0
1392	106.363281	106.479167	Eb5	79	80	0
1393	106.382812	106.479167	Eb6	83	80	0
1394	106.436198	106.500000	D6	72	80	0
1395	106.451823	106.628906	G5	72	80	0
1396	106.498698	106.565104	C7	79	80	0
1397	106.542969	106.639323	G6	75	80	0
1398	106.604167	106.656250	Eb6	75	80	0
1399	106.638021	106.699219	C6	70	80	0
1400	106.704427	106.789062	C5	76	80	0
1401	106.704427	106.760417	C6	73	80	0
1402	106.781250	106.856771	Eb7	87	80	0
1403	106.854167	106.938802	Bb6	87	80	0
1404	106.884115	107.029948	F#5	69	80	0
1405	106.914062	106.929688	E5	66	80	0
1406	106.924479	107.019531	F#6	81	80	0
1407	106.975260	107.059896	Bb5	75	80	0
1408	106.980469	107.059896	Eb6	71	80	0
1409	107.065104	107.134115	D7	80	80	0
1410	107.071615	107.188802	C7	83	80	0
1411	107.095052	107.209635	Bb6	79	80	0
1412	107.161458	107.214844	F#6	86	80	0
1413	107.208333	107.281250	D6	71	80	0
1414	107.235677	107.276042	A5	71	80	0
1415	107.247396	107.309896	A4	81	80	0
1416	107.276042	107.341146	D7	81	80	0
1417	107.334635	107.394531	G6	85	80	0
1418	107.373698	107.468750	Eb5	74	80	0
1419	107.397135	107.509115	Eb6	81	80	0
1420	107.423177	107.429688	D6	76	80	0
1421	107.454427	107.628906	G5	76	80	0
1422	107.492188	107.549479	C6	78	80	0
1423	107.497396	107.555990	C7	86	80	0
1424	107.536458	107.619792	G6	75	80	0
1425	107.604167	107.654948	Eb6	81	80	0
1426	107.626302	107.709635	C6	71	80	0
1427	107.664062	107.769531	C5	80	80	0
1428	107.723958	107.812500	D7	90	80	0
1429	107.766927	107.959635	F#5	76	80	0
1430	107.794271	107.865885	Bb6	95	80	0
1431	107.852865	107.929688	F#6	69	80	0
1432	107.871094	107.949219	Bb5	76	80	0
1433	107.880208	107.932292	D6	82	80	0
1434	107.962240	108.009115	Eb7	82	80	0
1435	107.962240	108.022135	C6	84	80	0
1436	107.964844	108.128906	C7	82	80	0
1437	108.024740	108.092448	Bb6	91	80	0
1438	108.079427	108.179688	F#6	82	80	0
1439	108.104167	108.188802	C5	77	80	0
1440	108.226562	108.399740	F#5	77	80	0
1441	108.243490	108.399740	Bb6	90	80	0
1442	108.274740	108.408854	F#6	75	80	0
1443	108.308594	108.384115	Bb5	74	80	0
1444	108.367188	108.519531	C#5	83	80	0
1445	108.394531	108.479167	Eb7	87	80	0
1446	108.425781	108.549479	B6	80	80	0
1447	108.473958	108.569010	G5	75	80	0
1448	108.479167	108.579427	G6	88	80	0
1449	108.492188	108.500000	B5	71	80	0
1450	108.522135	108.574219	Eb6	80	80	0
1451	108.574219	108.658854	D5	69	80	0
1452	108.635417	108.649740	C6	85	80	0
1453	108.636719	108.759115	C7	89	80	0
1454	108.723958	108.782552	A6	79	80	0
1455	108.725260	108.785156	C6	73	80	0
1456	108.726562	108.809896	Eb5	71	80	0
1457	108.779948	108.848958	F#6	74	80	0
1458	108.942708	109.007812	Bb6	85	80	0
1459	108.984375	109.079427	F#6	71	80	0
1460	109.023438	109.098958	F6	73	80	0
1461	109.036458	109.139323	C5	78	80	0
1462	109.122396	109.279948	F#5	79	80	0
1463	109.153646	109.279948	Bb6	92	80	0
1464	109.177083	109.279948	Bb5	73	80	0
1465	109.195312	109.289062	F#6	77	80	0
1466	109.250000	109.389323	C#5	82	80	0
1467	109.278646	109.369792	Eb7	88	80	0
1468	109.307292	109.369792	B6	79	80	0
1469	109.352865	109.459635	G5	80	80	0
1470	109.376302	109.468750	G6	90	80	0
1471	109.390625	109.489583	Eb6	85	80	0
1472	109.460938	109.539062	D5	83	80	0
1473	109.520833	109.598958	C#7	87	80	0
1474	109.535156	109.609375	F#5	73	80	0
1475	109.545573	109.598958	G5	73	80	0
1476	109.598958	109.654948	A6	82	80	0
1477	109.613281	109.674479	F#6	73	80	0
1478	109.644531	109.739583	Eb5	76	80	0
1479	109.712240	109.769531	F7	76	80	0
1480	109.759115	109.807292	Bb5	86	80	0
1481	109.770833	109.869792	Bb6	90	80	0
1482	109.782552	109.789062	C6	80	80	0
1483	109.813802	109.889323	F#6	72	80	0
1484	109.841146	109.938802	F6	70	80	0
1485	109.903646	109.908854	B4	81	80	0
1486	109.912760	110.079427	F7	76	80	0
1487	109.915365	109.979167	C5	82	80	0
1488	109.915365	109.989583	C7	77	80	0
1489	109.984375	110.128906	Bb6	97	80	0
1490	109.993490	110.149740	F#5	79	80	0
1491	110.018229	110.089844	F#6	77	80	0
1492	110.037760	110.119792	Bb5	77	80	0
1493	110.113281	110.179688	Eb7	86	80	0
1494	110.118490	110.229167	C#7	89	80	0
1495	110.130208	110.229167	C#5	81	80	0
1496	110.144531	110.229167	B6	81	80	0
1497	110.203125	110.279948	G#6	87	80	0
1498	110.204427	110.289062	G6	86	80	0
1499	110.223958	110.268229	Eb6	73	80	0
1500	110.305990	110.438802	Eb5	79	80	0
1501	110.316406	110.375000	D5	79	80	0
1502	110.356771	110.389323	F#6	76	80	0
1503	110.367188	110.417969	F#5	82	80	0
1504	110.373698	110.438802	C6	75	80	0
1505	110.391927	110.468750	C7	81	80	0
1506	110.430990	110.502604	G#6	80	80	0
1507	110.433594	110.509115	F#6	70	80	0
1508	110.526042	110.688802	C#7	74	80	0
1509	110.528646	110.584635	C#6	76	80	0
1510	110.580729	110.648438	Bb6	81	80	0
1511	110.628906	110.739583	F#6	79	80	0
1512	110.651042	110.699219	F6	77	80	0
1513	110.662760	110.799479	C5	77	80	0
1514	110.751302	110.829427	Eb5	65	80	0
1515	110.782552	110.833333	F#5	76	80	0
1516	110.794271	110.979167	Bb6	95	80	0
1517	110.813802	110.819010	F5	81	80	0
1518	110.829427	110.839844	F6	74	80	0
1519	110.904948	111.000000	C#7	85	80	0
1520	110.908854	111.069010	C#5	78	80	0
1521	110.911458	110.919271	Eb7	84	80	0
1522	110.941406	110.989583	Bb5	70	80	0
1523	110.975260	111.029948	F#6	73	80	0
1524	110.975260	111.019531	Eb6	77	80	0
1525	111.003906	111.054688	F#5	76	80	0
1526	111.113281	111.209635	Bb6	81	80	0
1527	111.121094	111.239583	Bb5	83	80	0
1528	111.122396	111.128906	F6	69	80	0
1529	111.255208	111.359375	F#6	76	80	0
1530	111.256510	111.339844	F#7	79	80	0
1531	111.436198	111.669271	Bb6	91	80	0
1532	111.445312	111.529948	G#3	66	80	0
1533	111.565104	111.618490	Bb3	71	80	0
1534	111.588542	111.598958	C#5	67	80	0
1535	111.605469	111.679688	C#4	57	80	0
1536	111.643229	111.718750	Eb4	70	80	0
1537	111.680990	111.750000	F#4	74	80	0
1538	111.765625	111.859375	G#4	83	80	0
1539	111.779948	111.859375	Bb4	78	80	0
1540	111.884115	112.009115	Eb5	71	80	0
1541	111.885417	111.989583	F#5	79	80	0
1542	111.960938	112.059896	G#5	81	80	0
1543	111.962240	112.049479	G#4	85	80	0
1544	112.035156	112.119792	Bb4	74	80	0
1545	112.100260	112.174479	C#5	71	80	0
1546	112.154948	112.269531	Eb5	73	80	0
1547	112.200521	112.289062	F#5	81	80	0
1548	112.205729	112.255208	G#5	83	80	0
1549	112.259115	112.359375	Bb5	74	80	0
1550	112.295573	112.408854	C#6	79	80	0
1551	112.335938	112.408854	F#6	76	80	0
1552	112.440104	112.539062	G#5	73	80	0
1553	112.444010	112.539062	Bb5	75	80	0
1554	112.523438	112.529948	Eb6	75	80	0
1555	112.604167	112.653646	C#6	74	80	0
1556	112.611979	112.688802	Bb5	73	80	0
1557	112.656250	112.718750	Bb6	84	80	0
1558	112.656250	112.669271	G#6	70	80	0
1559	112.746094	112.790365	C#6	82	80	0
1560	112.746094	112.790365	Bb5	79	80	0
1561	112.747396	112.759115	F#6	74	80	0
1562	112.808594	112.919271	G#6	86	80	0
1563	112.893229	112.949219	C#6	77	80	0
1564	112.893229	112.959635	Bb5	80	80	0
1565	112.893229	112.968750	G#5	77	80	0
1566	112.933594	112.985677	G#6	87	80	0
1567	113.023438	113.098958	C#6	81	80	0
1568	113.023438	113.058594	Bb5	77	80	0
1569	113.079427	113.122396	G#6	88	80	0
1570	113.152344	113.191406	Bb5	79	80	0
1571	113.153646	113.250000	C#6	85	80	0
1572	113.207031	113.309896	G#6	89	80	0
1573	113.209635	113.256510	Bb6	88	80	0
1574	113.279948	113.339844	Bb5	78	80	0
1575	113.282552	113.378906	C#6	77	80	0
1576	113.285156	113.378906	G#5	75	80	0
1577	113.345052	113.390625	G#6	87	80	0
1578	113.348958	113.359375	Bb5	69	80	0
1579	113.417969	113.509115	Bb5	77	80	0
1580	113.417969	113.500000	C#6	83	80	0
1581	113.475260	113.516927	G#6	90	80	0
1582	113.476562	113.519531	Bb6	90	80	0
1583	113.483073	113.549479	F#6	81	80	0
1584	113.541667	113.592448	Bb5	79	80	0
1585	113.545573	113.628906	C#6	77	80	0
1586	113.553385	113.628906	G#5	79	80	0
1587	113.605469	113.658854	Bb6	91	80	0
1588	113.606771	113.709635	G#6	90	80	0
1589	113.679688	113.726562	C#6	81	80	0
1590	113.683594	113.759115	G#5	75	80	0
1591	113.736979	113.848958	G#6	89	80	0
1592	113.807292	113.845052	C#6	80	80	0
1593	113.812500	113.878906	G#5	73	80	0
1594	113.856771	113.959635	G#6	91	80	0
1595	113.932292	114.089844	G#5	76	80	0
1596	113.934896	114.049479	C#6	81	80	0
1597	113.973958	114.119792	G#6	89	80	0
1598	114.052083	114.139323	Bb5	82	80	0
1599	114.055990	114.128906	C#6	76	80	0
1600	114.061198	114.149740	Bb6	90	80	0
1601	114.317708	114.329427	C#7	74	80	0
1602	114.406250	114.419271	Eb7	73	80	0
1603	114.446615	114.544271	C#7	88	80	0
1604	114.496094	114.571615	Bb6	90	80	0
1605	114.532552	114.601562	G#6	87	80	0
1606	114.580729	114.621094	F#6	82	80	0
1607	114.614583	114.679688	Eb6	73	80	0
1608	114.648438	114.750000	C#6	75	80	0
1609	114.666667	114.759115	Bb5	65	80	0
1610	114.734375	115.729167	G#5	73	80	0
1611	114.748698	114.848958	F#5	80	80	0
1612	114.792969	117.500000	Eb5	66	80	0
1613	114.825521	114.929688	C#5	64	80	0
1614	114.882812	116.289062	G#4	82	80	0
1615	114.923177	115.019531	F#4	76	80	0
1616	114.957031	115.049479	Eb4	68	80	0
1617	114.993490	115.139323	C#4	67	80	0
1618	119.292969	119.598958	F4	37	80	0
1619	119.300781	119.549479	C4	33	80	0
1620	119.605469	119.779948	D4	39	80	0
1621	119.615885	119.968750	A3	45	80	0
1622	119.638021	119.819010	F#3	30	80	0
1623	119.888021	120.179688	A4	62	80	0
1624	119.897135	120.089844	F#4	48	80	0
1625	120.042969	120.139323	D4	43	80	0
1626	120.152344	120.158854	Bb3	45	80	0
1627	120.157552	120.539062	Eb4	43	80	0
1628	120.494792	120.878906	C4	29	80	0
1629	120.755208	120.959635	D4	44	80	0
1630	120.772135	121.299479	A3	45	80	0
1631	121.533854	122.250000	C4	39	80	0
1632	121.639323	121.649740	F5	64	80	0
1633	121.936198	122.009115	D5	60	80	0
1634	121.937500	121.949219	A4	64	80	0
1635	122.328125	122.598958	A4	66	80	0
1636	122.445312	122.500000	Eb4	50	80	0
1637	122.656250	122.829427	C4	41	80	0
1638	122.752604	122.889323	F5	71	80	0
1639	123.032552	123.158854	D5	65	80	0
1640	123.221354	123.369792	C4	55	80	0
1641	123.244792	123.459635	A4	71	80	0
1642	123.834635	123.929688	G4	59	80	0
1643	124.053385	124.119792	A2	57	80	0
1644	124.300781	124.369792	C5	61	80	0
1645	124.471354	124.628906	A4	69	80	0
1646	124.606771	124.729167	F#4	61	80	0
1647	124.638021	124.750000	A4	70	80	0
1648	124.707031	124.819010	D5	73	80	0
1649	124.766927	124.949219	C5	76	80	0
1650	124.768229	124.829427	C4	61	80	0
1651	124.897135	125.079427	G#4	71	80	0
1652	124.932292	125.069010	F#5	75	80	0
1653	124.986979	125.069010	G#5	73	80	0
1654	125.031250	125.109375	A4	82	80	0
1655	125.058594	125.128906	D5	66	80	0
1656	125.070312	125.109375	C6	75	80	0
1657	125.070312	125.169271	C5	76	80	0
1658	125.182292	125.188802	G#5	72	80	0
1659	125.196615	125.242188	D6	77	80	0
1660	125.287760	125.329427	C6	78	80	0
1661	125.292969	125.449219	C5	69	80	0
1662	125.343750	125.539062	G#5	69	80	0
1663	125.535156	125.628906	C6	81	80	0
1664	125.539062	125.580729	D6	70	80	0
1665	125.604167	125.679688	A6	76	80	0
1666	125.643229	125.649740	D7	67	80	0
1667	125.746094	125.759115	C#6	68	80	0
1668	125.748698	125.829427	F#5	69	80	0
1669	125.813802	125.908854	C6	66	80	0
1670	125.911458	125.919271	G5	72	80	0
1671	125.923177	126.009115	C6	75	80	0
1672	126.016927	126.098958	F#4	68	80	0
1673	126.026042	126.098958	C#5	61	80	0
1674	126.106771	126.139323	C#5	73	80	0
1675	126.108073	126.309896	A5	75	80	0
1676	126.110677	126.148438	D5	71	80	0
1677	126.213542	126.264323	C5	71	80	0
1678	126.214844	126.250000	D5	63	80	0
1679	126.235677	126.250000	C6	67	80	0
1680	126.315104	126.419271	G#4	78	80	0
1681	126.316406	126.355469	G#3	62	80	0
1682	126.402344	126.549479	F#4	69	80	0
1683	126.526042	126.609375	C4	60	80	0
1684	126.667969	126.750000	Bb3	70	80	0
1685	126.865885	127.029948	F#3	57	80	0
1686	126.960938	127.179688	G3	64	80	0
1687	127.885417	127.949219	G4	63	80	0
1688	127.894531	128.014323	B3	54	80	0
1689	128.153646	128.195312	B3	66	80	0
1690	128.388021	128.589844	B4	72	80	0
1691	128.391927	128.589844	G#4	76	80	0
1692	128.634115	128.729167	F5	76	80	0
1693	128.641927	129.839844	G#4	73	80	0
1694	128.643229	128.649740	F4	68	80	0
1695	128.955729	129.069010	B4	70	80	0
1696	128.963542	129.039062	G4	67	80	0
1697	129.264323	129.359375	E5	71	80	0
1698	129.364583	129.489583	D4	67	80	0
1699	130.049479	130.089844	D3	60	80	0
1700	130.264323	130.339844	D4	55	80	0
1701	130.304688	130.549479	G#4	76	80	0
1702	130.342448	130.539062	B4	74	80	0
1703	130.414062	130.539062	E5	77	80	0
1704	130.515625	130.609375	D5	73	80	0
1705	130.635417	130.729167	G#4	75	80	0
1706	130.682292	130.959635	G#5	75	80	0
1707	130.695312	130.779948	B5	73	80	0
1708	130.765625	130.889323	B4	75	80	0
1709	130.902344	130.949219	E6	78	80	0
1710	130.992188	131.059896	D6	82	80	0
1711	130.997396	131.054688	D5	78	80	0
1712	131.042969	131.089844	E5	62	80	0
1713	131.095052	131.188802	G#5	83	80	0
1714	131.095052	131.169271	G#6	86	80	0
1715	131.279948	131.369792	C6	73	80	0
1716	131.315104	131.371094	G#6	76	80	0
1717	131.427083	131.519531	G#5	72	80	0
1718	131.514323	131.555990	B6	87	80	0
1719	131.526042	131.569010	E6	73	80	0
1720	131.541667	131.709635	B5	78	80	0
1721	131.638021	131.718750	E6	73	80	0
1722	131.709635	131.829427	Eb5	80	80	0
1723	131.739583	131.750000	G4	69	80	0
1724	131.805990	131.839844	D6	77	80	0
1725	131.805990	131.869792	B5	78	80	0
1726	131.811198	131.869792	D5	80	80	0
1727	131.833333	131.949219	E5	72	80	0
1728	131.906250	131.938802	D5	79	80	0
1729	131.992188	132.040365	G#3	67	80	0
1730	132.091146	132.130208	B4	75	80	0
1731	132.092448	132.149740	E4	69	80	0
1732	132.095052	132.199219	B5	75	80	0
1733	132.100260	132.319010	G#4	79	80	0
1734	132.173177	132.279948	Eb4	68	80	0
1735	132.194010	132.269531	D4	61	80	0
1736	132.292969	132.342448	C#4	69	80	0
1737	132.368490	132.479167	B3	70	80	0
1738	133.442708	133.839844	G#4	74	80	0
1739	133.891927	134.009115	C4	67	80	0
1740	133.894531	134.089844	G#4	81	80	0
1741	134.013021	134.019531	D4	68	80	0
1742	134.145833	134.158854	E4	73	80	0
1743	134.283854	134.479167	C6	82	80	0
1744	134.423177	134.639323	E5	70	80	0
1745	134.604167	134.789062	D6	73	80	0
1746	134.678385	134.721354	A5	67	80	0
1747	134.739583	135.009115	F#5	78	80	0
1748	134.748698	134.839844	F#4	71	80	0
1749	134.753906	134.799479	D5	66	80	0
1750	134.811198	134.878906	D5	70	80	0
1751	134.885417	135.009115	B5	82	80	0
1752	135.006510	135.069010	D5	72	80	0
1753	135.014323	135.250000	G#4	70	80	0
1754	135.055990	135.199219	B4	71	80	0
1755	135.149740	135.319010	F#5	71	80	0
1756	135.204427	135.289062	D5	72	80	0
1757	135.285156	135.419271	C#5	68	80	0
1758	135.315104	135.479167	B4	69	80	0
1759	135.462240	135.699219	G#4	73	80	0
1760	135.466146	135.809896	F#5	71	80	0
1761	135.574219	135.669271	F#4	59	80	0
1762	135.671875	135.721354	Bb4	69	80	0
1763	135.763021	136.059896	G#5	68	80	0
1764	135.846354	136.029948	C5	69	80	0
1765	136.010417	136.209635	C6	72	80	0
1766	136.040365	136.399740	G#4	62	80	0
1767	136.166667	136.299479	C5	66	80	0
1768	136.309896	136.419271	C5	66	80	0
1769	136.364583	137.069010	F5	62	80	0
1770	136.473958	136.559896	D5	67	80	0
1771	136.563802	137.049479	Bb4	64	80	0
1772	136.786458	137.069010	C#6	70	80	0
1773	136.963542	137.429688	F#5	71	80	0
1774	136.966146	137.408854	G#1	55	80	0
1775	137.083333	137.089844	G#6	76	80	0
1776	137.239583	137.809896	C6	78	80	0
1777	137.725260	138.339844	C#6	61	80	0
1778	138.019531	138.029948	B6	66	80	0
1779	138.264323	138.269531	B4	44	80	0
1780	138.285156	138.299479	F#4	42	80	0
1781	138.864583	139.718750	G#4	47	80	0
1782	138.940104	139.519531	Eb5	52	80	0
1783	139.115885	139.750000	G#5	52	80	0
1784	139.255208	140.079427	B4	46	80	0
1785	139.644531	140.039062	E5	42	80	0
1786	139.760417	140.408854	G#5	54	80	0
1787	139.886719	139.899740	A4	45	80	0
1788	139.954427	139.959635	C#5	50	80	0
1789	140.264323	141.209635	Eb5	61	80	0
1790	140.423177	141.009115	G#5	55	80	0
1791	140.575521	141.149740	B4	49	80	0
1792	140.582031	141.128906	G#4	50	80	0
1793	140.914062	141.128906	E5	49	80	0
1794	141.074219	141.299479	G#5	57	80	0
1795	141.174479	141.239583	A4	53	80	0
1796	141.235677	141.378906	C#5	56	80	0
1797	141.307292	141.699219	G#5	59	80	0
1798	141.375000	141.449219	C#6	66	80	0
1799	141.457031	141.468750	E6	63	80	0
1800	141.536458	143.609375	Eb5	57	80	0
1801	141.712240	142.158854	G#5	64	80	0
1802	141.842448	142.149740	B4	49	80	0
1803	141.846354	142.619792	G#4	54	80	0
1804	142.154948	142.959635	B4	51	80	0
1805	142.174479	142.799479	G#5	57	80	0
1806	142.174479	142.929688	E5	44	80	0
1807	142.503906	142.509115	G#6	66	80	0
1808	142.811198	143.408854	G#5	58	80	0
1809	142.973958	143.069010	C#6	67	80	0
1810	143.114583	143.598958	F5	46	80	0
1811	143.134115	143.269531	E5	43	80	0
1812	143.415365	144.059896	G#5	47	80	0
1813	143.460938	143.468750	G#6	60	80	0
1814	143.593750	143.598958	C#6	54	80	0
1815	143.747396	144.348958	G#4	55	80	0
1816	143.760417	143.769531	D4	36	80	0
1817	143.760417	144.188802	F#5	56	80	0
1818	143.916667	143.929688	E6	64	80	0
1819	144.138021	144.459635	G#5	67	80	0
1820	144.274740	144.369792	C#6	68	80	0
1821	144.385417	144.729167	E5	45	80	0
1822	144.684896	144.688802	A5	45	80	0
1823	144.864583	144.959635	C#6	57	80	0
1824	144.972656	144.979167	C5	52	80	0
1825	145.002604	145.009115	F#4	42	80	0
1826	145.005208	145.019531	D4	33	80	0
1827	145.014323	145.169271	F#5	59	80	0
1828	145.070312	145.079427	C6	59	80	0
1829	145.145833	145.158854	E6	52	80	0
1830	145.216146	145.229167	G#6	66	80	0
1831	145.295573	145.739583	E5	41	80	0
1832	145.394531	145.929688	G#5	66	80	0
1833	145.455729	145.509115	C#6	70	80	0
1834	145.520833	145.619792	G#6	68	80	0
1835	145.574219	145.609375	C#7	67	80	0
1836	145.696615	145.839844	C#6	58	80	0
1837	145.845052	145.989583	A4	56	80	0
1838	145.867188	146.049479	E5	42	80	0
1839	145.929688	146.089844	C#5	51	80	0
1840	146.005208	146.339844	G#5	50	80	0
1841	146.057292	146.139323	C#6	63	80	0
1842	146.114583	146.269531	G#6	73	80	0
1843	146.136719	146.408854	E5	49	80	0
1844	146.393229	146.479167	A4	50	80	0
1845	146.421875	146.549479	G#4	52	80	0
1846	146.516927	146.628906	C#5	51	80	0
1847	146.592448	146.919271	G#5	62	80	0
1848	146.632812	146.679688	A4	47	80	0
1849	146.656250	146.669271	C#6	64	80	0
1850	146.770833	146.779948	C#5	48	80	0
1851	147.061198	147.229167	G#4	60	80	0
1852	147.130208	147.218750	C#5	55	80	0
1853	147.197917	147.339844	E5	51	80	0
1854	147.197917	148.339844	G#5	65	80	0
1855	147.697917	148.378906	G#4	69	80	0
1856	147.752604	147.759115	C#5	62	80	0
1857	150.562500	150.789062	C4	42	80	0
1858	150.764323	150.779948	Eb4	42	80	0
1859	150.984375	150.989583	F#4	54	80	0
1860	151.067708	151.079427	Eb5	70	80	0
1861	152.554688	152.559896	E6	61	80	0
1862	152.755208	152.769531	C6	68	80	0
1863	152.966146	152.979167	C6	60	80	0
1864	153.091146	153.139323	C6	65	80	0
1865	153.346354	153.529948	F#5	62	80	0
1866	153.425781	153.569010	C6	58	80	0
1867	153.589844	153.908854	Eb5	58	80	0
1868	153.674479	153.688802	A5	55	80	0
1869	153.675781	153.759115	F5	49	80	0
1870	153.846354	153.949219	C5	56	80	0
1871	153.932292	154.199219	F#5	60	80	0
1872	154.063802	154.149740	A4	61	80	0
1873	154.132812	154.139323	B4	48	80	0
1874	154.145833	154.158854	C5	52	80	0
1875	154.229167	154.239583	E5	42	80	0
1876	154.334635	155.378906	F#4	57	80	0
1877	154.412760	154.419271	G#4	61	80	0
1878	154.595052	154.609375	Eb4	42	80	0
1879	154.657552	154.669271	C5	53	80	0
1880	154.667969	154.679688	A4	55	80	0
1881	154.834635	154.908854	C4	43	80	0
1882	154.886719	154.899740	D4	41	80	0
1883	160.819010	160.829427	C5	71	80	0
1884	160.904948	160.919271	E5	67	80	0
1885	160.992188	161.029948	C5	70	80	0
1886	161.117188	161.259115	C5	78	80	0
1887	161.204427	161.279948	E5	74	80	0
1888	161.250000	161.309896	F#5	83	80	0
1889	161.268229	161.399740	C6	84	80	0
1890	161.472656	161.589844	G6	87	80	0
1891	161.531250	161.628906	C7	82	80	0
1892	161.634115	161.718750	C7	84	80	0
1893	161.674479	161.750000	G6	79	80	0
1894	161.733073	161.774740	E6	76	80	0
1895	161.808594	161.878906	C6	83	80	0
1896	161.816406	161.848958	F#5	83	80	0
1897	161.919271	161.929688	B5	79	80	0
1898	161.964844	161.996094	F5	76	80	0
1899	161.996094	162.069010	E5	73	80	0
1900	162.002604	162.009115	D5	69	80	0
1901	162.063802	162.179688	C5	77	80	0
1902	162.184896	162.230469	F#5	71	80	0
1903	162.229167	162.299479	C6	81	80	0
1904	162.291667	162.334635	F#5	75	80	0
1905	162.296875	162.337240	Bb5	78	80	0
1906	162.354167	162.395833	C6	74	80	0
1907	162.403646	162.489583	E6	80	80	0
1908	162.417969	162.489583	G6	81	80	0
1909	162.505208	162.628906	C#7	84	80	0
1910	162.531250	162.539062	Bb6	81	80	0
1911	162.583333	162.589844	C7	80	80	0
1912	162.630208	162.667969	G6	87	80	0
1913	162.657552	162.759115	E6	82	80	0
1914	162.722656	162.819010	C6	74	80	0
1915	162.833333	162.919271	C6	81	80	0
1916	162.871094	162.979167	G5	69	80	0
1917	162.891927	163.098958	E5	66	80	0
1918	162.934896	162.989583	C5	76	80	0
1919	163.105469	163.359375	E5	65	80	0
1920	163.114583	163.619792	G5	72	80	0
1921	163.156250	163.204427	C6	76	80	0
1922	163.207031	163.218750	Bb5	70	80	0
1923	163.364583	163.539062	E5	60	80	0
1924	163.385417	163.421875	C5	73	80	0
1925	163.550781	163.679688	E5	68	80	0
1926	163.569010	163.579427	F#5	72	80	0
1927	163.615885	163.759115	C6	79	80	0
1928	163.696615	163.839844	F#5	77	80	0
1929	163.772135	163.779948	G5	68	80	0
1930	163.829427	164.179688	E5	69	80	0
1931	163.924479	163.929688	C#5	75	80	0
1932	164.029948	164.039062	G5	69	80	0
1933	164.091146	164.098958	C6	73	80	0
1934	164.166667	164.389323	F#5	78	80	0
1935	164.235677	164.250000	G5	73	80	0
1936	164.424479	164.429688	C#5	68	80	0
1937	164.505208	164.519531	G4	70	80	0
1938	164.592448	164.598958	E5	58	80	0
1939	164.608073	164.619792	G5	74	80	0
1940	164.656250	164.669271	Bb5	71	80	0
1941	164.782552	165.109375	E5	62	80	0
1942	165.035156	165.049479	C5	56	80	0
1943	165.108073	165.119792	F#5	73	80	0
1944	165.118490	165.279948	E5	58	80	0
1945	165.192708	165.199219	Bb5	66	80	0
1946	165.285156	165.619792	E5	55	80	0
1947	165.386719	165.399740	G4	70	80	0
1948	165.451823	165.459635	Bb4	70	80	0
1949	165.630208	166.158854	E5	55	80	0
1950	165.912760	165.919271	G4	68	80	0
1951	166.167969	166.348958	E5	53	80	0
1952	166.355469	167.009115	E5	51	80	0
1953	173.903646	173.908854	D4	27	80	0
1954	174.151042	174.250000	G4	45	80	0
1955	174.444010	174.628906	G4	46	80	0
1956	174.716146	174.848958	C#5	41	80	0
1957	174.721354	174.848958	Bb4	36	80	0
1958	175.003906	175.179688	G4	42	80	0
1959	175.005208	175.438802	G5	51	80	0
1960	175.253906	175.389323	D5	44	80	0
1961	175.255208	175.269531	A4	41	80	0
1962	175.539062	175.809896	D5	46	80	0
1963	175.539062	175.598958	A4	45	80	0
1964	175.787760	175.899740	Bb4	40	80	0
1965	176.057292	176.309896	Bb4	39	80	0
1966	176.303385	176.378906	G4	47	80	0
1967	176.548177	176.739583	C5	42	80	0
1968	176.554688	176.899740	G4	44	80	0
1969	176.770833	177.009115	C#5	51	80	0
1970	176.787760	177.188802	F5	46	80	0
1971	177.045573	177.059896	Bb4	50	80	0
1972	177.049479	177.059896	F4	45	80	0
1973	177.274740	177.359375	A4	42	80	0
1974	177.274740	177.289062	D5	42	80	0
1975	177.528646	180.529948	F5	46	80	0
1976	177.535156	177.718750	A4	44	80	0
1977	177.536458	178.000000	D5	44	80	0
1978	178.024740	179.209635	C#5	40	80	0
1979	178.024740	178.039062	F4	35	80	0
1980	178.273438	178.279948	G4	44	80	0
1981	178.532552	179.098958	G4	48	80	0
1982	179.084635	182.500000	B4	40	80	0
1983	179.093750	180.299479	G#4	38	80	0
1984	180.376302	180.389323	A4	37	80	0
1985	180.378906	182.119792	G#4	41	80	0
1986	180.394531	181.889323	F#4	31	80	0
1987	183.136719	184.049479	C#5	56	80	0
1988	183.143229	183.699219	F#4	38	80	0
1989	183.153646	183.419271	A4	37	80	0
1990	183.626302	183.889323	G#4	36	80	0
1991	183.645833	183.878906	Eb4	18	80	0
1992	184.036458	184.589844	B3	32	80	0
1993	184.036458	184.479167	B4	43	80	0
1994	184.054688	184.718750	G#4	46	80	0
1995	184.058594	184.919271	C#5	45	80	0
1996	184.411458	184.699219	F#4	45	80	0
1997	184.421875	184.699219	C#4	27	80	0
1998	184.756510	186.729167	B4	54	80	0
1999	184.782552	185.139323	B3	33	80	0
2000	184.785156	184.799479	G4	36	80	0
2001	184.789062	184.989583	F#4	32	80	0
2002	184.791667	185.019531	A3	33	80	0
2003	184.794271	184.799479	G3	30	80	0
2004	185.138021	185.359375	F#4	48	80	0
2005	185.147135	186.000000	B3	32	80	0
2006	185.148438	185.468750	C#4	28	80	0
2007	185.158854	185.250000	A3	32	80	0
2008	185.528646	187.169271	F#5	57	80	0
2009	185.532552	185.539062	A4	40	80	0
2010	185.533854	185.859375	F#4	41	80	0
2011	185.533854	185.539062	D4	31	80	0
2012	185.537760	186.000000	C#5	39	80	0
2013	185.540365	186.529948	A3	33	80	0
2014	185.546875	186.049479	C#4	31	80	0
2015	185.865885	186.419271	A4	51	80	0
2016	185.868490	186.229167	D5	54	80	0
2017	185.872396	186.059896	F#4	43	80	0
2018	186.233073	187.649740	C#5	58	80	0
2019	186.246094	186.729167	F#4	39	80	0
2020	186.261719	186.729167	B3	35	80	0
2021	186.592448	186.829427	G#4	51	80	0
2022	186.596354	186.674479	Eb4	26	80	0
2023	186.901042	187.959635	Eb5	58	80	0
2024	186.914062	187.438802	B4	43	80	0
2025	186.936198	187.429688	Eb4	31	80	0
2026	186.937500	187.229167	B3	29	80	0
2027	186.942708	187.218750	G#4	49	80	0
2028	187.227865	187.639323	G#4	52	80	0
2029	187.230469	187.569010	F#4	47	80	0
2030	187.242188	187.859375	C#4	35	80	0
2031	187.242188	187.559896	B3	36	80	0
2032	187.542969	189.539062	B4	65	80	0
2033	187.554688	187.809896	G4	48	80	0
2034	187.562500	187.938802	E4	37	80	0
2035	187.563802	187.569010	G3	35	80	0
2036	187.566406	188.079427	B3	36	80	0
2037	187.566406	188.468750	A3	36	80	0
2038	187.864583	188.059896	F#4	47	80	0
2039	187.865885	189.500000	C#4	31	80	0
2040	188.216146	188.669271	F#4	43	80	0
2041	188.221354	188.408854	A4	42	80	0
2042	188.226562	188.569010	D4	32	80	0
2043	188.544271	188.929688	D5	56	80	0
2044	188.553385	188.669271	A4	36	80	0
2045	188.890625	190.309896	C#5	52	80	0
2046	188.904948	189.709635	F#4	39	80	0
2047	188.916667	189.389323	B3	31	80	0
2048	188.924479	189.209635	A3	35	80	0
2049	189.244792	190.199219	G#4	48	80	0
2050	189.296875	190.019531	Eb4	23	80	0
2051	189.601562	189.609375	D5	49	80	0
2052	189.604167	190.098958	B3	31	80	0
2053	189.605469	190.239583	B4	41	80	0
2054	189.954427	190.348958	F#4	36	80	0
2055	189.963542	190.449219	C#4	29	80	0
2056	190.320312	191.489583	B4	52	80	0
2057	190.320312	190.750000	G4	41	80	0
2058	190.322917	190.329427	G3	32	80	0
2059	190.324219	191.169271	B3	33	80	0
2060	190.325521	190.589844	A3	35	80	0
2061	190.721354	190.968750	G#4	46	80	0
2062	190.721354	191.049479	F#4	37	80	0
2063	190.727865	191.089844	C#4	23	80	0
2064	190.742188	190.809896	A3	29	80	0
2065	191.075521	191.878906	C#5	52	80	0
2066	191.089844	191.709635	F#4	38	80	0
2067	191.102865	191.598958	C#4	32	80	0
2068	191.102865	191.459635	A3	32	80	0
2069	191.494792	192.139323	E4	32	80	0
2070	191.500000	192.669271	B4	37	80	0
2071	191.503906	191.769531	B3	32	80	0
2072	191.895833	192.489583	A4	55	80	0
2073	191.929688	192.128906	D4	27	80	0
2074	191.932292	192.188802	B3	33	80	0
2075	192.356771	192.699219	E4	33	80	0
2076	192.361979	192.669271	B3	30	80	0
2077	192.819010	197.500000	B4	59	80	0
2078	192.824219	193.289062	G4	45	80	0
2079	192.825521	193.309896	E4	37	80	0
2080	192.826823	193.339844	B3	39	80	0
2081	192.828125	193.369792	G3	40	80	0
2082	192.843750	192.848958	C4	32	80	0
2083	193.264323	193.279948	C5	53	80	0
2084	193.269531	193.468750	C4	38	80	0
2085	193.945312	197.309896	G#4	63	80	0
2086	193.947917	194.019531	E4	43	80	0
2087	193.953125	194.878906	Bb3	43	80	0
2088	193.954427	193.989583	E3	41	80	0
2089	193.958333	194.149740	F#3	42	80	0
2090	198.744792	198.759115	A4	40	80	0
2091	198.822917	198.908854	E4	41	80	0
2092	198.916667	198.959635	A4	43	80	0
2093	198.916667	198.929688	B4	44	80	0
2094	199.042969	200.169271	A4	44	80	0
2095	199.752604	199.759115	B5	58	80	0
2096	199.763021	199.769531	A5	55	80	0
2097	199.856771	199.869792	E5	40	80	0
2098	199.996094	200.009115	Eb6	64	80	0
2099	200.002604	200.628906	Eb5	59	80	0
2100	200.537760	201.119792	B5	65	80	0
2101	200.540365	201.009115	C#6	68	80	0
2102	200.549479	201.239583	C#5	53	80	0
2103	200.865885	200.878906	F#5	47	80	0
2104	200.880208	201.098958	E5	41	80	0
2105	201.065104	202.059896	F#5	65	80	0
2106	201.109375	201.789062	E5	41	80	0
2107	201.192708	201.359375	B5	54	80	0
2108	201.332031	201.709635	Eb5	59	80	0
2109	201.376302	202.029948	A4	52	80	0
2110	201.614583	202.259115	B5	66	80	0
2111	201.632812	202.500000	C#5	62	80	0
2112	201.966146	202.169271	E5	56	80	0
2113	202.037760	202.500000	A4	50	80	0
2114	202.147135	202.269531	G#4	65	80	0
2115	202.151042	202.279948	G#5	65	80	0
2116	202.180990	203.019531	E5	52	80	0
2117	202.268229	202.378906	B5	64	80	0
2118	202.390625	203.569010	B5	65	80	0
2119	202.631510	203.359375	G#5	69	80	0
2120	202.641927	204.059896	G#4	72	80	0
2121	203.106771	203.119792	F#4	47	80	0
2122	203.135417	203.989583	E5	48	80	0
2123	203.584635	204.188802	C#4	50	80	0
2124	204.003906	204.549479	E5	52	80	0
2125	204.026042	204.039062	A4	46	80	0
2126	204.125000	204.839844	A4	59	80	0
2127	204.592448	205.119792	C#4	49	80	0
2128	204.901042	204.908854	F#5	46	80	0
2129	205.095052	206.009115	F#4	54	80	0
2130	205.095052	205.449219	A4	51	80	0
2131	205.105469	205.408854	E5	56	80	0
2132	205.334635	205.569010	Eb4	55	80	0
2133	205.559896	206.579427	C#5	63	80	0
2134	205.565104	206.059896	C#4	49	80	0
2135	205.566406	206.649740	A4	50	80	0
2136	206.557292	207.989583	G#4	62	80	0
2137	206.937500	207.179688	A4	49	80	0
2138	207.045573	207.218750	F#3	36	80	0
2139	207.795573	208.500000	E4	46	80	0
2140	207.802083	210.009115	C#5	44	80	0
2141	207.803385	208.438802	A4	46	80	0
2142	207.805990	208.539062	C#4	33	80	0
2143	208.446615	208.829427	F#4	57	80	0
2144	208.453125	208.769531	A4	56	80	0
2145	208.779948	209.619792	E4	53	80	0
2146	208.783854	209.158854	A4	47	80	0
2147	209.171875	209.628906	A4	56	80	0
2148	209.175781	210.009115	C#4	50	80	0
2149	209.188802	210.169271	A3	45	80	0
2150	209.824219	210.169271	A4	51	80	0
2151	210.449219	211.019531	G#4	55	80	0
2152	210.449219	210.669271	A4	52	80	0
2153	210.451823	211.199219	E4	52	80	0
2154	210.454427	211.199219	C#4	35	80	0
2155	210.455729	211.019531	G#3	41	80	0
2156	211.121094	211.339844	F#4	52	80	0
2157	211.123698	211.289062	A4	47	80	0
2158	211.453125	212.269531	E4	58	80	0
2159	211.835938	212.229167	A4	51	80	0
2160	211.842448	212.339844	C#4	45	80	0
2161	212.298177	212.809896	B3	55	80	0
2162	212.585938	212.750000	A4	51	80	0
2163	212.604167	212.959635	C#4	55	80	0
2164	213.361979	213.968750	C#5	47	80	0
2165	213.361979	214.059896	E4	50	80	0
2166	213.364583	213.799479	A4	53	80	0
2167	213.371094	214.119792	C#4	38	80	0
2168	213.976562	214.619792	F#4	49	80	0
2169	213.977865	214.408854	C#5	44	80	0
2170	213.983073	214.279948	A4	48	80	0
2171	214.533854	217.269531	E5	60	80	0
2172	214.541667	215.149740	E4	52	80	0
2173	214.545573	214.878906	A4	51	80	0
2174	214.546875	215.319010	C#5	42	80	0
2175	214.825521	215.029948	F#5	60	80	0
2176	215.044271	215.429688	A4	54	80	0
2177	215.104167	215.438802	C#4	48	80	0
2178	215.122396	215.289062	F#4	41	80	0
2179	215.476562	215.829427	G#4	48	80	0
2180	215.479167	215.609375	F#4	43	80	0
2181	215.481771	215.529948	B3	40	80	0
2182	215.605469	215.848958	A4	52	80	0
2183	215.611979	215.809896	A3	41	80	0
2184	215.790365	216.479167	B3	52	80	0
2185	215.854167	216.049479	A4	50	80	0
2186	216.404948	216.509115	A4	53	80	0
2187	216.437500	216.679688	F#4	47	80	0
2188	216.515625	216.750000	E4	48	80	0
2189	216.592448	216.809896	A4	55	80	0
2190	216.703125	216.709635	C#5	49	80	0
2191	216.881510	216.889323	E3	36	80	0
2192	217.007812	217.239583	A4	57	80	0
2193	217.013021	217.019531	A3	48	80	0
2194	217.183594	217.319010	C#4	51	80	0
2195	218.200521	218.209635	E2	41	80	0
2196	218.644531	219.039062	C#5	55	80	0
2197	218.662760	218.859375	C#4	44	80	0
2198	218.908854	219.500000	B4	51	80	0
2199	219.019531	219.329427	G#4	56	80	0
2200	219.085938	219.279948	E4	41	80	0
2201	219.187500	219.459635	C#4	44	80	0
2202	219.283854	223.339844	Eb5	67	80	0
2203	219.317708	219.919271	Eb4	44	80	0
2204	219.450521	219.769531	G#4	55	80	0
2205	219.567708	220.289062	B4	55	80	0
2206	219.690104	220.829427	E5	54	80	0
2207	219.856771	221.309896	G#4	67	80	0
2208	220.276042	220.509115	C#4	49	80	0
2209	220.407552	222.649740	B4	66	80	0
2210	220.414062	220.759115	B3	57	80	0
2211	220.842448	222.500000	E5	52	80	0
2212	220.967448	221.389323	C#5	62	80	0
2213	220.968750	221.329427	C#4	53	80	0
2214	221.316406	222.089844	G#4	66	80	0
2215	221.552083	222.259115	Eb4	62	80	0
2216	221.596354	222.179688	C#4	41	80	0
2217	222.102865	222.429688	G#4	62	80	0
2218	222.442708	223.829427	G#4	60	80	0
2219	222.575521	222.959635	C#4	51	80	0
2220	222.664062	228.658854	B4	61	80	0
2221	222.670573	222.679688	B3	51	80	0
2222	223.217448	226.049479	C#4	46	80	0
2223	223.769531	227.500000	Eb5	68	80	0
2224	223.770833	223.779948	Eb4	43	80	0
2225	227.083333	227.089844	B3	46	80	0
#SusPed	3.541667	53	0
#SusPed	3.688802	0	0
#SusPed	3.696615	52	0
#SofPed	4.763021	96	0
#SofPed	4.819010	0	0
#SofPed	4.833333	110	0
#SofPed	5.019531	0	0
#SofPed	5.032552	88	0
#SofPed	5.149740	0	0
#SofPed	5.154948	59	0
#SofPed	5.289062	0	0
#SofPed	5.294271	77	0
#SofPed	5.539062	0	0
#SofPed	5.544271	101	0
#SofPed	5.688802	0	0
#SofPed	5.705729	88	0
#SofPed	5.718750	0	0
#SusPed	6.049479	0	0
#SusPed	6.061198	61	0
#SusPed	6.279948	0	0
#SusPed	6.286458	55	0
#SusPed	8.799479	0	0
#SusPed	8.808594	62	0
#SusPed	8.938802	0	0
#SusPed	8.947917	55	0
#SusPed	9.229167	0	0
#SusPed	9.242188	54	0
#SusPed	9.399740	0	0
#SusPed	9.407552	66	0
#SusPed	10.500000	0	0
#SusPed	10.505208	54	0
#SusPed	11.609375	0	0
#SusPed	11.615885	59	0
#SusPed	11.709635	0	0
#SusPed	11.717448	79	0
#SusPed	13.269531	0	0
#SusPed	13.277344	55	0
#SusPed	13.789062	0	0
#SusPed	13.794271	53	0
#SusPed	13.949219	0	0
#SusPed	13.955729	59	0
#SusPed	14.128906	0	0
#SusPed	14.143229	58	0
#SusPed	14.218750	0	0
#SusPed	14.227865	60	0
#SusPed	14.559896	0	0
#SusPed	14.565104	76	0
#SusPed	15.359375	0	0
#SusPed	15.364583	60	0
#SusPed	15.519531	0	0
#SusPed	15.528646	68	0
#SusPed	16.459635	0	0
#SusPed	16.472656	62	0
#SusPed	16.639323	0	0
#SusPed	16.653646	51	0
#SusPed	17.059896	0	0
#SusPed	17.065104	65	0
#SusPed	17.128906	0	0
#SusPed	17.143229	61	0
#SusPed	17.209635	0	0
#SusPed	17.221354	62	0
#SusPed	17.389323	0	0
#SusPed	17.397135	61	0
#SusPed	17.718750	0	0
#SusPed	17.725260	71	0
#SusPed	17.899740	0	0
#SusPed	17.907552	75	0
#SusPed	18.598958	0	0
#SusPed	18.613281	62	0
#SusPed	18.769531	0	0
#SusPed	18.779948	69	0
#SusPed	18.819010	0	0
#SusPed	18.825521	72	0
#SusPed	18.959635	0	0
#SusPed	18.971354	78	0
#SusPed	24.968750	0	0
#SusPed	41.462240	87	0
#SusPed	41.598958	0	0
#SusPed	41.610677	105	0
#SusPed	47.609375	0	0
#SusPed	48.554688	77	0
#SusPed	48.649740	0	0
#SusPed	48.656250	74	0
#SusPed	50.679688	0	0
#SusPed	50.686198	90	0
#SusPed	50.848958	0	0
#SusPed	50.859375	98	0
#SusPed	52.229167	0	0
#SusPed	52.242188	91	0
#SusPed	52.329427	0	0
#SusPed	52.343750	90	0
#SusPed	55.378906	0	0
#SusPed	55.388021	94	0
#SusPed	55.769531	0	0
#SusPed	55.782552	94	0
#SusPed	55.848958	0	0
#SusPed	55.858073	94	0
#SusPed	61.859375	0	0
#SofPed	63.089844	87	0
#SofPed	63.209635	0	0
#SofPed	63.217448	88	0
#SofPed	63.378906	0	0
#SofPed	63.385417	102	0
#SofPed	64.049479	0	0
#SofPed	70.442708	92	0
#SusPed	70.464844	82	0
#SusPed	70.609375	0	0
#SusPed	70.622396	85	0
#SofPed	70.718750	0	0
#SusPed	71.869792	0	0
#SusPed	71.876302	75	0
#SusPed	72.059896	0	0
#SusPed	72.074219	88	0
#SusPed	72.639323	0	0
#SusPed	72.644531	85	0
#SusPed	72.819010	0	0
#SusPed	72.825521	86	0
#SusPed	73.359375	0	0
#SusPed	73.371094	85	0
#SofPed	73.492188	76	0
#SofPed	73.658854	0	0
#SofPed	73.674479	57	0
#SofPed	73.829427	0	0
#SofPed	73.842448	49	0
#SusPed	73.859375	0	0
#SusPed	73.867188	93	0
#SofPed	74.000000	0	0
#SofPed	74.009115	74	0
#SusPed	74.128906	0	0
#SusPed	74.143229	90	0
#SofPed	74.149740	0	0
#SofPed	74.164062	95	0
#SofPed	74.269531	0	0
#SofPed	74.277344	89	0
#SusPed	74.279948	0	0
#SusPed	74.287760	91	0
#SusPed	74.459635	0	0
#SusPed	74.464844	94	0
#SofPed	74.468750	0	0
#SofPed	74.480469	54	0
#SofPed	74.589844	0	0
#SofPed	74.595052	58	0
#SusPed	74.709635	0	0
#SusPed	74.722656	89	0
#SofPed	74.759115	0	0
#SofPed	74.770833	72	0
#SofPed	74.819010	0	0
#SofPed	74.825521	61	0
#SusPed	74.899740	0	0
#SusPed	74.904948	98	0
#SofPed	75.179688	0	0
#SofPed	75.184896	83	0
#SofPed	75.269531	0	0
#SofPed	75.283854	99	0
#SofPed	75.459635	0	0
#SofPed	75.466146	101	0
#SofPed	77.149740	0	0
#SofPed	77.158854	64	0
#SofPed	77.209635	0	0
#SofPed	77.220052	67	0
#SofPed	77.309896	0	0
#SofPed	77.315104	84	0
#SofPed	77.408854	0	0
#SofPed	77.419271	95	0
#SofPed	77.809896	0	0
#SofPed	77.816406	88	0
#SusPed	78.549479	0	0
#SusPed	78.562500	64	0
#SusPed	78.679688	0	0
#SusPed	78.691406	79	0
#SofPed	78.779948	0	0
#SusPed	79.029948	0	0
#SusPed	79.042969	68	0
#SusPed	79.209635	0	0
#SusPed	79.222656	81	0
#SusPed	82.119792	0	0
#SusPed	82.132812	66	0
#SusPed	82.289062	0	0
#SusPed	82.303385	75	0
#SofPed	84.916667	68	0
#SofPed	85.109375	0	0
#SofPed	85.115885	79	0
#SofPed	85.229167	0	0
#SofPed	85.242188	77	0
#SofPed	85.299479	0	0
#SofPed	85.309896	61	0
#SofPed	85.399740	0	0
#SofPed	85.412760	50	0
#SofPed	85.589844	0	0
#SofPed	85.595052	84	0
#SofPed	86.119792	0	0
#SofPed	86.134115	79	0
#SofPed	86.218750	0	0
#SofPed	86.230469	96	0
#SofPed	86.309896	0	0
#SofPed	86.317708	101	0
#SofPed	86.369792	0	0
#SofPed	86.382812	99	0
#SofPed	86.539062	0	0
#SofPed	86.545573	98	0
#SofPed	86.679688	0	0
#SofPed	86.687500	92	0
#SofPed	86.739583	0	0
#SofPed	86.744792	91	0
#SusPed	86.859375	0	0
#SofPed	86.859375	0	0
#SofPed	86.872396	96	0
#SusPed	86.872396	76	0
#SofPed	87.158854	0	0
#SofPed	87.164062	85	0
#SofPed	87.479167	0	0
#SusPed	88.029948	0	0
#SusPed	88.041667	67	0
#SusPed	88.408854	0	0
#SusPed	88.416667	77	0
#SusPed	88.519531	0	0
#SusPed	88.533854	77	0
#SusPed	90.139323	0	0
#SusPed	90.148438	78	0
#SusPed	91.489583	0	0
#SusPed	91.498698	88	0
#SusPed	91.569010	0	0
#SusPed	91.576823	91	0
#SusPed	93.019531	0	0
#SusPed	93.031250	66	0
#SusPed	93.169271	0	0
#SusPed	93.175781	63	0
#SusPed	97.158854	0	0
#SusPed	97.174479	78	0
#SofPed	97.610677	64	0
#SofPed	97.699219	0	0
#SofPed	97.713542	74	0
#SofPed	97.750000	0	0
#SofPed	97.756510	74	0
#SofPed	98.000000	0	0
#SofPed	98.011719	88	0
#SofPed	98.059896	0	0
#SofPed	98.065104	89	0
#SofPed	98.158854	0	0
#SofPed	98.167969	76	0
#SofPed	98.299479	0	0
#SofPed	98.313802	47	0
#SofPed	98.468750	0	0
#SofPed	98.479167	56	0
#SofPed	98.539062	0	0
#SofPed	98.544271	71	0
#SofPed	98.709635	0	0
#SofPed	98.721354	83	0
#SofPed	98.769531	0	0
#SofPed	98.783854	94	0
#SofPed	98.869792	0	0
#SofPed	98.882812	78	0
#SofPed	98.929688	0	0
#SofPed	98.944010	68	0
#SofPed	99.009115	0	0
#SofPed	99.023438	58	0
#SofPed	99.079427	0	0
#SofPed	99.084635	54	0
#SofPed	99.139323	0	0
#SofPed	99.152344	61	0
#SofPed	99.289062	0	0
#SofPed	99.298177	96	0
#SofPed	99.429688	0	0
#SofPed	99.436198	83	0
#SofPed	99.598958	0	0
#SusPed	99.609375	0	0
#SofPed	99.614583	65	0
#SusPed	99.617188	97	0
#SofPed	99.718750	0	0
#SofPed	99.723958	79	0
#SofPed	99.799479	0	0
#SofPed	99.807292	81	0
#SusPed	99.839844	0	0
#SusPed	99.845052	103	0
#SofPed	99.979167	0	0
#SofPed	99.989583	71	0
#SofPed	100.158854	0	0
#SofPed	100.165365	85	0
#SofPed	100.209635	0	0
#SofPed	100.214844	85	0
#SofPed	100.359375	0	0
#SofPed	100.365885	73	0
#SofPed	100.438802	0	0
#SofPed	100.445312	72	0
#SofPed	100.489583	0	0
#SofPed	100.497396	61	0
#SofPed	100.609375	0	0
#SofPed	100.622396	42	0
#SofPed	100.709635	0	0
#SofPed	100.714844	81	0
#SofPed	100.789062	0	0
#SofPed	100.796875	77	0
#SofPed	100.979167	0	0
#SofPed	100.986979	73	0
#SofPed	101.039062	0	0
#SofPed	101.062500	69	0
#SofPed	101.069010	0	0
#SusPed	101.959635	0	0
#SusPed	101.968750	58	0
#SofPed	101.981771	54	0
#SofPed	101.989583	0	0
#SusPed	102.098958	0	0
#SusPed	102.109375	69	0
#SofPed	102.552083	80	0
#SofPed	102.559896	0	0
#SusPed	102.619792	0	0
#SusPed	102.632812	95	0
#SofPed	102.640625	87	0
#SofPed	102.649740	0	0
#SofPed	102.712240	88	0
#SofPed	102.718750	0	0
#SofPed	102.786458	78	0
#SofPed	102.799479	0	0
#SofPed	102.993490	75	0
#SofPed	103.119792	0	0
#SofPed	103.154948	82	0
#SofPed	103.169271	0	0
#SofPed	103.470052	59	0
#SofPed	103.479167	0	0
#SofPed	103.591146	74	0
#SofPed	103.598958	0	0
#SofPed	103.645833	73	0
#SofPed	103.658854	0	0
#SofPed	103.782552	73	0
#SofPed	103.789062	0	0
#SofPed	103.976562	66	0
#SofPed	104.128906	0	0
#SofPed	104.134115	74	0
#SofPed	104.329427	0	0
#SofPed	104.339844	77	0
#SofPed	104.459635	0	0
#SofPed	104.473958	52	0
#SofPed	104.569010	0	0
#SofPed	104.583333	62	0
#SofPed	104.699219	0	0
#SofPed	104.713542	65	0
#SofPed	104.759115	0	0
#SofPed	104.772135	57	0
#SusPed	104.799479	0	0
#SusPed	104.805990	88	0
#SofPed	104.869792	0	0
#SofPed	104.880208	84	0
#SofPed	104.938802	0	0
#SofPed	104.944010	99	0
#SofPed	105.119792	0	0
#SofPed	105.126302	97	0
#SofPed	105.250000	0	0
#SofPed	105.263021	89	0
#SusPed	105.329427	0	0
#SofPed	105.339844	0	0
#SusPed	105.339844	74	0
#SofPed	105.350260	85	0
#SofPed	105.399740	0	0
#SofPed	105.410156	81	0
#SusPed	105.449219	0	0
#SusPed	105.463542	84	0
#SofPed	105.529948	0	0
#SofPed	105.544271	90	0
#SusPed	105.619792	0	0
#SusPed	105.630208	94	0
#SusPed	105.669271	0	0
#SusPed	105.683594	92	0
#SofPed	105.718750	0	0
#SofPed	105.727865	68	0
#SusPed	105.799479	0	0
#SusPed	105.812500	90	0
#SofPed	105.908854	0	0
#SofPed	105.916667	76	0
#SofPed	106.049479	0	0
#SofPed	106.055990	78	0
#SofPed	106.128906	0	0
#SofPed	106.138021	83	0
#SofPed	106.199219	0	0
#SofPed	106.207031	83	0
#SofPed	106.299479	0	0
#SofPed	106.311198	83	0
#SofPed	106.369792	0	0
#SofPed	106.455729	66	0
#SofPed	106.468750	0	0
#SofPed	106.565104	48	0
#SofPed	106.579427	0	0
#SofPed	107.572917	41	0
#SofPed	107.579427	0	0
#SusPed	109.919271	0	0
#SusPed	109.925781	87	0
#SusPed	110.019531	0	0
#SusPed	110.026042	109	0
#SusPed	111.429688	0	0
#SusPed	111.441406	91	0
#SusPed	111.529948	0	0
#SusPed	111.535156	101	0
#SusPed	117.539062	0	0
#SusPed	118.765625	84	0
#SusPed	119.218750	0	0
#SusPed	119.234375	104	0
#SusPed	120.218750	0	0
#SusPed	120.225260	90	0
#SusPed	120.529948	0	0
#SusPed	120.541667	99	0
#SusPed	120.609375	0	0
#SusPed	120.618490	97	0
#SusPed	121.218750	0	0
#SusPed	121.231771	86	0
#SusPed	121.369792	0	0
#SusPed	121.384115	95	0
#SusPed	124.769531	0	0
#SusPed	124.781250	71	0
#SofPed	124.786458	61	0
#SusPed	124.889323	0	0
#SusPed	124.903646	80	0
#SofPed	124.949219	0	0
#SofPed	124.960938	73	0
#SofPed	125.019531	0	0
#SofPed	125.031250	66	0
#SusPed	125.079427	0	0
#SofPed	125.079427	0	0
#SusPed	125.085938	107	0
#SofPed	125.088542	55	0
#SofPed	125.199219	0	0
#SofPed	125.212240	63	0
#SofPed	125.359375	0	0
#SofPed	125.369792	65	0
#SofPed	125.408854	0	0
#SofPed	125.424479	67	0
#SofPed	125.569010	0	0
#SofPed	125.574219	65	0
#SofPed	126.029948	0	0
#SofPed	126.039062	62	0
#SofPed	126.979167	0	0
#SofPed	126.992188	94	0
#SofPed	127.089844	0	0
#SofPed	127.101562	85	0
#SofPed	127.348958	0	0
#SofPed	127.355469	72	0
#SusPed	127.359375	0	0
#SusPed	127.364583	75	0
#SusPed	127.679688	0	0
#SofPed	128.239583	0	0
#SofPed	130.304688	84	0
#SofPed	131.389323	0	0
#SofPed	131.403646	55	0
#SofPed	131.438802	0	0
#SofPed	131.453125	58	0
#SofPed	131.658854	0	0
#SofPed	131.669271	71	0
#SofPed	131.729167	0	0
#SofPed	131.744792	70	0
#SofPed	131.839844	0	0
#SofPed	131.846354	68	0
#SofPed	131.929688	0	0
#SofPed	131.936198	76	0
#SofPed	132.000000	0	0
#SofPed	132.005208	63	0
#SofPed	132.128906	0	0
#SofPed	132.138021	67	0
#SusPed	133.003906	70	0
#SusPed	133.259115	0	0
#SusPed	133.273438	82	0
#SofPed	134.169271	0	0
#SofPed	134.177083	69	0
#SofPed	134.438802	0	0
#SofPed	134.446615	59	0
#SusPed	135.279948	0	0
#SusPed	135.291667	81	0
#SusPed	135.378906	0	0
#SusPed	135.388021	69	0
#SofPed	135.559896	0	0
#SusPed	136.509115	0	0
#SusPed	136.514323	73	0
#SusPed	136.709635	0	0
#SusPed	136.721354	84	0
#SusPed	137.449219	0	0
#SusPed	138.822917	75	0
#SofPed	138.832031	99	0
#SusPed	139.089844	0	0
#SusPed	139.095052	85	0
#SusPed	139.199219	0	0
#SusPed	139.204427	83	0
#SofPed	139.289062	0	0
#SofPed	139.304688	72	0
#SofPed	139.359375	0	0
#SofPed	139.372396	72	0
#SofPed	139.669271	0	0
#SofPed	139.675781	87	0
#SofPed	139.769531	0	0
#SofPed	139.774740	104	0
#SofPed	139.899740	0	0
#SofPed	139.914062	108	0
#SofPed	140.019531	0	0
#SofPed	140.028646	101	0
#SofPed	140.169271	0	0
#SofPed	140.175781	77	0
#SofPed	140.729167	0	0
#SofPed	142.332031	84	0
#SofPed	142.339844	0	0
#SofPed	142.425781	77	0
#SofPed	142.438802	0	0
#SusPed	142.500000	0	0
#SofPed	142.526042	78	0
#SofPed	142.539062	0	0
#SusPed	144.016927	94	0
#SusPed	144.158854	0	0
#SusPed	144.165365	106	0
#SusPed	144.389323	0	0
#SusPed	151.654948	66	0
#SusPed	152.079427	0	0
#SusPed	152.092448	91	0
#SusPed	152.269531	0	0
#SusPed	152.281250	98	0
#SusPed	152.500000	0	0
#SusPed	157.555990	104	0
#SusPed	157.819010	0	0
#SusPed	157.834635	105	0
#SusPed	157.929688	0	0
#SusPed	157.942708	104	0
#SusPed	158.119792	0	0
#SusPed	158.131510	102	0
#SusPed	160.919271	0	0
#SusPed	170.002604	76	0
#SusPed	170.319010	0	0
#SusPed	170.333333	77	0
#SusPed	170.729167	0	0
#SusPed	170.738281	78	0
#SusPed	171.158854	0	0
#SusPed	171.173177	74	0
#SusPed	172.658854	0	0
#SusPed	172.664062	82	0
#SusPed	178.669271	0	0
#SusPed	185.604167	89	0
#SusPed	186.239583	0	0
#SusPed	186.244792	93	0
#SusPed	187.009115	0	0
#SusPed	187.019531	63	0
#SusPed	187.279948	0	0
#SusPed	187.291667	100	0
#SusPed	187.589844	0	0
#SusPed	187.604167	72	0
#SusPed	188.929688	0	0
#SusPed	188.941406	80	0
#SusPed	190.399740	0	0
#SusPed	190.408854	79	0
#SusPed	191.098958	0	0
#SusPed	191.105469	93	0
#SusPed	191.938802	0	0
#SusPed	191.945312	75	0
#SusPed	192.019531	0	0
#SusPed	192.031250	81	0
#SusPed	192.299479	0	0
#SusPed	192.307292	105	0
#SusPed	192.889323	0	0
#SusPed	192.901042	74	0
#SusPed	193.989583	0	0
#SusPed	194.003906	76	0
#SusPed	194.169271	0	0
#SusPed	194.178385	67	0
#SusPed	196.549479	0	0
#SusPed	196.554688	86	0
#SusPed	196.688802	0	0
#SusPed	196.695312	92	0
#SusPed	196.938802	0	0
#SusPed	196.945312	93	0
#SusPed	197.408854	0	0
#SusPed	197.424479	95	0
#SusPed	198.968750	0	0
#SusPed	207.343750	75	0
#SusPed	213.339844	0	0
#SusPed	215.451823	105	0
#SusPed	218.218750	0	0
#SusPed	218.225260	71	0
#SusPed	218.468750	0	0
#SusPed	218.476562	100	0
#SusPed	224.479167	0	0
#SusPed	228.421875	96	0
#SusPed	228.509115	0	0
#SusPed	228.518229	95	0
#SusPed	228.709635	0	0
#SusPed	228.714844	96	0
#SusPed	228.809896	0	0
#SusPed	228.815104	95	0
#SusPed	231.359375	0	0
#SusPed	231.367188	65	0
#SusPed	231.589844	0	0
#SusPed	231.597656	70	0
#SusPed	232.559896	0	0
#SusPed	232.565104	68	0
#SusPed	232.938802	0	0
#SusPed	232.951823	74	0
#SusPed	238.949219	0	0
