//Version: PianoRoll_v170101
0	0.476562	3.299479	G4	66	80	0
1	0.533854	1.319010	B3	39	80	0
2	1.238281	2.209635	D4	39	80	0
3	1.897135	3.109375	G2	39	80	0
4	1.899740	2.829427	G3	37	80	0
5	1.910156	2.419271	B3	37	80	0
6	2.575521	3.119792	D4	41	80	0
7	3.195312	4.049479	C2	38	80	0
8	3.195312	3.438802	E4	27	80	0
9	3.203125	3.539062	B3	33	80	0
10	3.875000	4.649740	A4	64	80	0
11	4.552083	5.839844	F#4	60	80	0
12	4.606771	5.229167	B3	37	80	0
13	4.614583	4.878906	A3	40	80	0
14	4.621094	5.218750	E3	46	80	0
15	5.177083	6.000000	E4	56	80	0
16	5.867188	7.309896	D4	51	80	0
17	5.876302	7.589844	F#3	46	80	0
18	6.561198	6.908854	B3	40	80	0
19	7.194010	8.049479	E4	53	80	0
20	7.235677	7.529948	B3	36	80	0
21	7.252604	7.500000	B2	36	80	0
22	7.804688	8.199219	F#4	56	80	0
23	7.837240	8.348958	B3	38	80	0
24	8.501302	9.509115	F#4	52	80	0
25	8.593750	8.989583	B3	35	80	0
26	9.208333	9.919271	E4	44	80	0
27	9.236979	10.169271	B3	30	80	0
28	9.925781	10.869792	E4	39	80	0
29	9.960938	11.029948	D3	39	80	0
30	9.966146	10.658854	G3	31	80	0
31	10.638021	10.989583	B3	34	80	0
32	11.398438	14.829427	B4	73	80	0
33	11.463542	12.378906	C4	33	80	0
34	12.143229	13.009115	E4	38	80	0
35	12.803385	13.598958	C4	38	80	0
36	12.812500	13.579427	G3	42	80	0
37	13.467448	13.750000	E4	42	80	0
38	14.085938	15.188802	E4	33	80	0
39	14.088542	15.359375	A2	40	80	0
40	14.092448	18.279948	C4	36	80	0
41	14.716146	15.819010	C5	65	80	0
42	15.384115	16.239583	A4	58	80	0
43	15.399740	15.989583	G3	44	80	0
44	16.013021	16.908854	G4	60	80	0
45	16.022135	16.839844	E4	40	80	0
46	16.756510	19.739583	F#4	58	80	0
47	16.830729	20.819010	D3	46	80	0
48	17.533854	17.889323	D4	39	80	0
49	18.213542	19.188802	G4	58	80	0
50	18.294271	19.079427	C4	26	80	0
51	18.886719	20.000000	A4	58	80	0
52	18.920573	19.959635	D4	37	80	0
53	18.933594	18.938802	B3	33	80	0
54	19.615885	20.269531	B3	34	80	0
55	19.625000	21.819010	G2	31	80	0
56	19.662760	19.669271	G3	26	80	0
57	20.251302	21.639323	B4	65	80	0
58	20.287760	21.098958	D4	39	80	0
59	20.934896	21.889323	G4	60	80	0
60	20.993490	21.679688	B3	31	80	0
61	21.002604	21.009115	F#3	34	80	0
62	21.609375	22.759115	F#4	51	80	0
63	21.613281	22.158854	D4	43	80	0
64	22.395833	24.119792	E4	50	80	0
65	22.436198	22.878906	C4	35	80	0
66	22.441406	25.149740	C3	41	80	0
67	23.140625	24.119792	C4	33	80	0
68	23.816406	25.369792	F#4	48	80	0
69	23.885417	24.598958	B3	33	80	0
70	24.513021	26.098958	G4	52	80	0
71	24.523438	25.628906	C4	40	80	0
72	25.236979	27.408854	F#2	39	80	0
73	25.938802	27.359375	A4	55	80	0
74	25.964844	27.438802	C4	33	80	0
75	26.667969	27.688802	F#4	52	80	0
76	26.727865	27.500000	A3	35	80	0
77	26.734375	28.539062	E3	37	80	0
78	27.401042	28.609375	E4	47	80	0
79	27.454427	28.408854	C4	25	80	0
80	28.342448	32.039062	F#4	46	80	0
81	28.389323	30.559896	F#3	29	80	0
82	28.412760	29.209635	B2	25	80	0
83	29.122396	30.269531	B3	35	80	0
84	29.824219	30.029948	D4	34	80	0
85	30.600260	31.729167	B3	27	80	0
86	31.414062	32.869792	F#2	48	80	0
87	32.321615	33.289062	A4	61	80	0
88	32.364583	32.938802	E4	39	80	0
89	32.364583	32.809896	C4	42	80	0
90	33.143229	34.569010	F#4	51	80	0
91	33.160156	33.718750	D4	39	80	0
92	33.177083	33.848958	G3	37	80	0
93	33.178385	33.789062	B3	40	80	0
94	33.182292	34.199219	G2	36	80	0
95	34.117188	34.799479	E4	40	80	0
96	34.148438	34.899740	F#3	33	80	0
97	34.148438	35.158854	C4	34	80	0
98	34.154948	35.598958	A2	34	80	0
99	35.352865	41.348958	F#4	43	80	0
100	35.352865	41.348958	D4	37	80	0
101	35.355469	37.779948	D3	37	80	0
102	35.386719	36.500000	B3	25	80	0
103	37.010417	40.339844	B4	52	80	0
104	38.694010	41.329427	B1	34	80	0
105	38.696615	40.059896	B2	34	80	0
106	40.623698	41.628906	B4	42	80	0
107	42.338542	42.348958	G1	33	80	0
108	42.553385	42.938802	B3	44	80	0
109	42.555990	42.679688	C4	40	80	0
110	42.644531	43.539062	E4	50	80	0
111	42.716146	44.459635	G4	43	80	0
112	42.783854	43.919271	B4	57	80	0
113	42.884115	45.279948	E5	60	80	0
114	43.097656	43.109375	A1	28	80	0
115	44.033854	44.929688	E4	42	80	0
116	44.734375	45.269531	G4	41	80	0
117	44.736979	45.559896	B3	34	80	0
118	45.424479	46.289062	G4	29	80	0
119	45.424479	46.229167	E4	31	80	0
120	46.042969	46.438802	C4	34	80	0
121	46.669271	47.649740	A4	57	80	0
122	46.722656	47.319010	E4	33	80	0
123	46.734375	47.598958	A3	34	80	0
124	47.363281	48.109375	D5	63	80	0
125	47.404948	47.968750	G4	39	80	0
126	47.415365	47.859375	D4	39	80	0
127	47.925781	48.299479	B4	63	80	0
128	47.971354	48.229167	B3	41	80	0
129	47.975260	49.468750	G4	39	80	0
130	47.981771	48.218750	E4	35	80	0
131	47.981771	48.199219	D4	35	80	0
132	48.582031	50.369792	B4	55	80	0
133	49.289062	49.436198	D2	31	80	0
134	49.290365	49.529948	E4	32	80	0
135	49.294271	49.468750	F#3	32	80	0
136	49.295573	49.468750	A3	28	80	0
137	49.303385	49.309896	D4	24	80	0
138	49.886719	51.959635	A4	57	80	0
139	49.927083	50.789062	F#3	36	80	0
140	49.928385	50.859375	A3	37	80	0
141	50.614583	51.449219	E4	32	80	0
142	50.623698	51.000000	D4	24	80	0
143	51.180990	52.628906	G4	59	80	0
144	51.259115	51.989583	B3	41	80	0
145	51.882812	52.938802	E4	33	80	0
146	52.484375	53.709635	A4	54	80	0
147	52.539062	53.109375	A3	42	80	0
148	52.544271	53.459635	C4	33	80	0
149	53.184896	53.489583	E4	24	80	0
150	54.019531	55.188802	E4	46	80	0
151	54.053385	55.609375	G3	32	80	0
152	54.804688	55.319010	B3	34	80	0
153	55.463542	56.579427	E4	38	80	0
154	56.106771	57.309896	B4	42	80	0
155	56.809896	57.250000	E4	32	80	0
156	56.822917	57.339844	G#4	33	80	0
157	56.824219	57.250000	E3	32	80	0
158	56.832031	57.259115	E2	30	80	0
159	57.695312	58.519531	D5	55	80	0
160	57.714844	58.109375	D3	38	80	0
161	57.714844	58.289062	F#4	38	80	0
162	57.729167	58.149740	D2	35	80	0
163	57.731771	57.829427	A4	39	80	0
164	57.734375	58.209635	D4	37	80	0
165	57.735677	58.188802	C5	47	80	0
166	58.582031	59.419271	G4	42	80	0
167	58.593750	59.029948	G3	34	80	0
168	58.604167	59.429688	B4	32	80	0
169	58.613281	59.009115	D4	24	80	0
170	58.623698	59.209635	G2	30	80	0
171	59.563802	60.029948	D5	47	80	0
172	59.571615	60.378906	F#4	38	80	0
173	59.574219	60.479167	Bb4	36	80	0
174	59.589844	60.250000	F#3	34	80	0
175	59.600260	60.399740	F#2	35	80	0
176	60.731771	61.968750	E5	51	80	0
177	60.740885	62.269531	E3	39	80	0
178	60.742188	62.179688	B4	45	80	0
179	60.748698	63.989583	E2	36	80	0
180	60.752604	62.089844	G#4	40	80	0
181	60.753906	61.718750	E4	38	80	0
182	60.764323	60.769531	B3	33	80	0
183	61.792969	62.188802	B3	67	80	0
184	62.587240	64.218750	D4	66	80	0
185	62.588542	65.079427	B4	63	80	0
186	62.617188	64.329427	B3	51	80	0
187	63.363281	65.209635	E4	74	80	0
188	64.496094	66.309896	F#4	79	80	0
189	64.523438	65.929688	D4	55	80	0
190	64.533854	65.789062	G#3	47	80	0
191	64.542969	65.959635	B2	43	80	0
192	64.542969	66.250000	E2	39	80	0
193	64.544271	64.549479	E1	45	80	0
194	66.583333	68.789062	E4	67	80	0
195	66.605469	68.419271	C4	55	80	0
196	66.608073	66.619792	A1	41	80	0
197	66.614583	68.639323	F#3	46	80	0
198	66.622396	68.109375	A2	41	80	0
199	67.358073	68.639323	B3	54	80	0
200	68.115885	68.829427	A3	51	80	0
201	68.117188	69.878906	A2	37	80	0
202	69.533854	72.500000	F#4	54	80	0
203	69.541667	72.449219	B2	44	80	0
204	69.541667	72.019531	B3	46	80	0
205	69.544271	72.438802	F#3	48	80	0
206	69.546875	72.500000	D4	37	80	0
207	69.554688	72.500000	B1	43	80	0
208	69.554688	72.449219	D3	42	80	0
209	69.554688	72.500000	F#2	43	80	0
210	73.019531	73.539062	B4	39	80	0
211	73.023438	73.399740	B3	29	80	0
212	73.024740	73.669271	F#4	28	80	0
213	73.031250	73.218750	F#3	28	80	0
214	73.714844	74.089844	D4	35	80	0
215	73.725260	74.079427	B3	35	80	0
216	74.346354	74.699219	F#4	36	80	0
217	74.408854	75.009115	D4	29	80	0
218	75.074219	75.438802	B4	42	80	0
219	75.096354	75.399740	F#4	34	80	0
220	76.253906	77.709635	F#5	52	80	0
221	76.276042	76.769531	D5	38	80	0
222	76.286458	77.009115	B4	33	80	0
223	76.313802	76.319010	F#4	25	80	0
224	76.319010	78.598958	B2	31	80	0
225	76.321615	78.729167	B1	32	80	0
226	77.128906	77.359375	D5	31	80	0
227	77.144531	77.559896	B4	31	80	0
228	77.160156	77.339844	A4	26	80	0
229	77.807292	78.750000	G5	48	80	0
230	77.822917	78.299479	B4	39	80	0
231	77.830729	78.089844	D5	36	80	0
232	77.845052	78.319010	G4	33	80	0
233	78.464844	78.658854	D5	31	80	0
234	78.466146	78.739583	B4	35	80	0
235	78.475260	78.669271	G4	26	80	0
236	79.045573	79.389323	D5	34	80	0
237	79.048177	79.658854	B4	33	80	0
238	79.070312	85.069010	B1	30	80	0
239	79.071615	80.679688	B2	29	80	0
240	79.071615	79.539062	G4	28	80	0
241	79.744792	80.468750	F#5	42	80	0
242	79.765625	79.989583	D5	32	80	0
243	79.781250	79.908854	A4	28	80	0
244	79.783854	80.209635	B4	28	80	0
245	80.363281	80.869792	G5	55	80	0
246	80.371094	80.579427	D5	36	80	0
247	80.412760	80.569010	G4	33	80	0
248	80.414062	80.649740	B4	32	80	0
249	80.954427	81.329427	A5	53	80	0
250	80.984375	81.229167	D5	37	80	0
251	80.994792	81.359375	B4	40	80	0
252	81.003906	81.279948	F#4	29	80	0
253	81.713542	83.239583	D5	52	80	0
254	81.747396	82.188802	B4	41	80	0
255	81.790365	82.049479	G4	33	80	0
256	81.804688	81.979167	E4	28	80	0
257	82.488281	82.829427	B4	44	80	0
258	82.522135	82.789062	G4	30	80	0
259	82.524740	82.769531	E4	32	80	0
260	83.174479	83.699219	B4	40	80	0
261	83.175781	84.569010	C#5	41	80	0
262	83.229167	83.589844	G4	29	80	0
263	83.234375	83.549479	E4	26	80	0
264	83.234375	84.039062	B3	28	80	0
265	83.868490	84.199219	B4	34	80	0
266	83.880208	84.169271	G4	30	80	0
267	83.881510	84.109375	E4	23	80	0
268	84.484375	84.929688	B4	37	80	0
269	84.485677	84.908854	G4	32	80	0
270	84.496094	84.718750	E4	23	80	0
271	85.079427	85.509115	B4	39	80	0
272	85.104167	85.739583	E4	27	80	0
273	85.109375	85.569010	G4	33	80	0
274	85.720052	86.218750	B4	37	80	0
275	85.734375	85.968750	B3	28	80	0
276	85.743490	85.899740	B2	26	80	0
277	85.744792	86.049479	G4	29	80	0
278	85.753906	86.000000	E4	23	80	0
279	86.347656	86.878906	B4	39	80	0
280	86.347656	86.589844	E4	28	80	0
281	86.373698	86.598958	G4	29	80	0
282	87.096354	88.449219	D5	58	80	0
283	87.104167	87.750000	B4	47	80	0
284	87.144531	88.279948	B2	31	80	0
285	87.145833	88.039062	F#4	37	80	0
286	87.154948	89.438802	B1	31	80	0
287	87.854167	88.259115	B4	47	80	0
288	87.894531	88.128906	G4	32	80	0
289	87.895833	87.908854	B3	27	80	0
290	88.542969	89.449219	E5	55	80	0
291	88.585938	89.069010	B4	43	80	0
292	88.595052	89.019531	G4	33	80	0
293	88.596354	88.929688	E4	36	80	0
294	88.597656	88.609375	B3	38	80	0
295	89.167969	89.589844	B4	39	80	0
296	89.205729	89.429688	E4	25	80	0
297	89.212240	89.408854	G4	28	80	0
298	89.875000	91.069010	E5	52	80	0
299	89.906250	90.459635	B4	40	80	0
300	89.924479	91.739583	B2	34	80	0
301	89.924479	90.179688	E4	33	80	0
302	89.929688	92.449219	B1	34	80	0
303	90.582031	91.408854	D5	58	80	0
304	90.596354	91.119792	B4	46	80	0
305	90.656250	90.848958	F#4	35	80	0
306	90.666667	90.899740	G4	38	80	0
307	91.204427	91.959635	E5	62	80	0
308	91.251302	91.839844	B4	48	80	0
309	91.265625	91.438802	B3	31	80	0
310	91.268229	91.549479	E4	34	80	0
311	91.270833	91.279948	D4	32	80	0
312	91.860677	92.500000	F#5	54	80	0
313	91.906250	92.348958	B4	34	80	0
314	91.911458	92.089844	D4	36	80	0
315	91.915365	92.000000	F#4	27	80	0
316	92.733073	93.809896	B4	56	80	0
317	92.794271	92.929688	G4	37	80	0
318	92.802083	95.339844	B1	41	80	0
319	92.803385	94.009115	B2	41	80	0
320	93.571615	93.819010	G4	30	80	0
321	93.604167	93.829427	E4	26	80	0
322	93.613281	93.829427	C#4	28	80	0
323	94.227865	94.559896	A4	50	80	0
324	94.277344	94.500000	G4	36	80	0
325	94.286458	94.750000	C#4	33	80	0
326	94.287760	94.539062	E4	30	80	0
327	94.986979	95.438802	E4	34	80	0
328	94.989583	95.319010	G4	39	80	0
329	95.825521	96.619792	F#4	42	80	0
330	95.878906	96.269531	D4	32	80	0
331	96.625000	96.979167	F#4	34	80	0
332	96.634115	96.848958	D4	25	80	0
333	97.231771	97.539062	F#4	39	80	0
334	97.276042	97.449219	D4	29	80	0
335	97.281250	97.419271	C#4	29	80	0
336	97.880208	98.218750	F#4	33	80	0
337	97.889323	98.139323	D4	28	80	0
338	98.752604	100.049479	A4	47	80	0
339	98.773438	99.509115	F#4	34	80	0
340	98.800781	99.628906	D4	29	80	0
341	98.809896	102.500000	A1	33	80	0
342	98.813802	102.500000	A2	32	80	0
343	99.606771	99.968750	F#4	28	80	0
344	99.641927	99.989583	D4	23	80	0
345	99.647135	99.919271	A3	28	80	0
346	100.333333	102.378906	B4	51	80	0
347	100.364583	100.819010	F#4	34	80	0
348	100.372396	100.769531	B3	30	80	0
349	100.382812	100.688802	A3	29	80	0
350	100.385417	100.729167	D4	27	80	0
351	101.016927	101.309896	F#4	34	80	0
352	101.018229	101.289062	D4	29	80	0
353	101.041667	101.968750	B3	31	80	0
354	101.055990	101.269531	A3	30	80	0
355	101.636719	101.989583	F#4	38	80	0
356	101.656250	101.989583	D4	31	80	0
357	101.666667	102.579427	A3	25	80	0
358	101.673177	101.679688	E3	27	80	0
359	102.299479	103.069010	A4	50	80	0
360	102.305990	102.739583	F#4	40	80	0
361	102.324219	102.609375	C#4	36	80	0
362	102.326823	102.519531	D4	34	80	0
363	102.960938	103.779948	B4	58	80	0
364	102.994792	103.369792	F#4	34	80	0
365	103.001302	103.389323	B3	37	80	0
366	103.003906	103.259115	D4	29	80	0
367	103.601562	104.019531	C#5	54	80	0
368	103.653646	104.019531	F#4	34	80	0
369	103.660156	104.089844	A3	36	80	0
370	103.661458	104.089844	D4	34	80	0
371	104.665365	105.908854	F#4	62	80	0
372	104.692708	105.949219	D4	45	80	0
373	104.707031	105.628906	G3	42	80	0
374	104.721354	105.619792	B2	37	80	0
375	104.723958	105.979167	E2	35	80	0
376	106.147135	107.789062	E4	57	80	0
377	106.174479	107.729167	B3	49	80	0
378	106.182292	107.848958	G3	48	80	0
379	106.183594	107.639323	E3	44	80	0
380	106.190104	108.729167	A2	42	80	0
381	108.174479	108.699219	D4	53	80	0
382	108.180990	108.669271	A3	46	80	0
383	108.204427	108.598958	F#3	40	80	0
384	108.212240	108.679688	D3	42	80	0
385	108.989583	109.559896	E4	53	80	0
386	109.028646	109.589844	G3	39	80	0
387	109.031250	109.519531	B3	39	80	0
388	109.033854	109.399740	E3	41	80	0
389	109.035156	109.979167	A2	38	80	0
390	109.843750	110.529948	F#4	58	80	0
391	109.875000	110.519531	D4	37	80	0
392	109.875000	111.149740	E2	35	80	0
393	109.881510	110.559896	B2	36	80	0
394	110.994792	112.658854	E4	44	80	0
395	111.023438	112.500000	G3	38	80	0
396	111.023438	112.500000	B3	36	80	0
397	111.027344	112.500000	E3	35	80	0
398	111.049479	112.500000	A2	27	80	0
399	113.328125	114.579427	D3	31	80	0
400	113.334635	114.908854	D4	28	80	0
401	113.343750	114.709635	F#3	29	80	0
402	117.002604	118.209635	F#5	42	80	0
403	117.003906	117.699219	B4	35	80	0
404	117.005208	117.369792	D5	33	80	0
405	117.019531	117.739583	A4	34	80	0
406	117.020833	117.429688	B2	29	80	0
407	117.022135	119.449219	B1	30	80	0
408	117.837240	118.079427	D5	35	80	0
409	117.837240	118.279948	B4	33	80	0
410	117.841146	118.218750	A4	29	80	0
411	118.578125	119.429688	G5	48	80	0
412	118.605469	119.059896	B4	36	80	0
413	118.610677	118.889323	D5	40	80	0
414	118.618490	118.949219	G4	36	80	0
415	119.274740	119.559896	D5	31	80	0
416	119.277344	119.658854	B4	33	80	0
417	119.283854	119.549479	G4	32	80	0
418	120.023438	120.389323	G5	44	80	0
419	120.042969	120.156250	D5	34	80	0
420	120.054688	120.389323	B4	27	80	0
421	120.071615	120.279948	G4	28	80	0
422	120.730469	121.098958	F#5	43	80	0
423	120.743490	121.009115	D5	32	80	0
424	120.757812	121.069010	B4	30	80	0
425	120.764323	120.938802	A4	25	80	0
426	121.391927	121.699219	G5	42	80	0
427	121.394531	121.503906	D5	34	80	0
428	121.427083	121.609375	B4	28	80	0
429	121.437500	121.497396	G4	28	80	0
430	122.019531	122.359375	A5	45	80	0
431	122.057292	122.309896	D5	32	80	0
432	122.058594	122.389323	B4	33	80	0
433	122.062500	122.309896	F#4	30	80	0
434	122.871094	124.459635	D5	46	80	0
435	122.915365	123.408854	B4	28	80	0
436	122.916667	123.259115	G4	30	80	0
437	122.925781	123.199219	E2	31	80	0
438	122.942708	123.688802	E4	26	80	0
439	123.696615	123.979167	B4	33	80	0
440	123.729167	123.968750	G4	29	80	0
441	123.735677	124.179688	E4	22	80	0
442	124.425781	125.889323	C#5	36	80	0
443	124.429688	124.779948	B4	33	80	0
444	124.488281	124.729167	G4	21	80	0
445	124.490885	124.809896	E4	20	80	0
446	125.131510	125.408854	B4	33	80	0
447	125.164062	125.309896	G4	26	80	0
448	125.165365	125.479167	E4	22	80	0
449	125.799479	126.079427	B4	32	80	0
450	125.803385	126.039062	G4	27	80	0
451	125.805990	126.079427	E4	22	80	0
452	126.427083	127.319010	E4	31	80	0
453	126.434896	126.789062	B4	34	80	0
454	126.458333	126.679688	G4	25	80	0
455	127.113281	127.408854	B4	37	80	0
456	127.114583	127.619792	B3	34	80	0
457	127.123698	127.309896	G4	35	80	0
458	127.759115	128.089844	B4	40	80	0
459	127.764323	128.079427	E4	31	80	0
460	127.769531	128.009115	G4	28	80	0
461	128.552083	130.029948	D5	53	80	0
462	128.575521	128.979167	F#4	33	80	0
463	128.604167	129.209635	B4	38	80	0
464	128.621094	129.139323	G4	31	80	0
465	128.626302	129.609375	E4	25	80	0
466	128.634115	128.639323	A3	25	80	0
467	128.634115	132.218750	A2	26	80	0
468	129.334635	129.718750	B4	39	80	0
469	129.354167	129.509115	F#4	33	80	0
470	129.355469	129.679688	G4	35	80	0
471	130.033854	131.549479	E5	50	80	0
472	130.074219	130.399740	G4	31	80	0
473	130.078125	130.419271	B4	40	80	0
474	130.127604	130.419271	E4	23	80	0
475	130.694010	131.019531	B4	42	80	0
476	130.705729	131.009115	G4	34	80	0
477	130.714844	131.049479	E4	26	80	0
478	131.274740	131.669271	B4	42	80	0
479	131.304688	131.649740	G4	35	80	0
480	131.322917	131.848958	E4	27	80	0
481	131.933594	132.519531	D5	56	80	0
482	131.938802	132.339844	B4	44	80	0
483	131.984375	132.229167	F#4	33	80	0
484	132.002604	132.289062	G4	36	80	0
485	132.576823	133.149740	E5	56	80	0
486	132.613281	132.989583	B4	39	80	0
487	132.621094	132.949219	G4	33	80	0
488	132.622396	133.000000	E4	34	80	0
489	133.207031	133.539062	F#5	56	80	0
490	133.261719	133.589844	B4	35	80	0
491	133.264323	133.500000	D4	32	80	0
492	133.266927	133.589844	G4	30	80	0
493	133.942708	134.938802	B4	50	80	0
494	133.993490	134.539062	G4	31	80	0
495	133.994792	134.519531	E4	27	80	0
496	134.002604	134.459635	C#4	27	80	0
497	134.752604	135.019531	G4	33	80	0
498	134.755208	135.009115	E4	27	80	0
499	134.756510	134.989583	C#4	32	80	0
500	135.486979	136.658854	A4	45	80	0
501	135.513021	136.149740	G4	37	80	0
502	135.523438	136.199219	E4	29	80	0
503	135.527344	136.109375	C#4	23	80	0
504	135.532552	137.069010	A2	28	80	0
505	136.352865	137.069010	G4	39	80	0
506	136.356771	136.739583	C#4	25	80	0
507	136.361979	136.699219	E4	28	80	0
508	137.210938	137.968750	F#4	36	80	0
509	137.213542	137.979167	D4	33	80	0
510	137.214844	138.789062	A4	35	80	0
511	137.227865	139.750000	D3	33	80	0
512	137.231771	139.079427	A3	30	80	0
513	137.975260	138.649740	F#4	28	80	0
514	137.984375	138.500000	D4	19	80	0
515	138.656250	139.079427	F#4	26	80	0
516	138.666667	139.009115	D4	27	80	0
517	139.373698	139.829427	F#4	29	80	0
518	139.415365	139.759115	D4	20	80	0
519	140.343750	141.839844	A4	38	80	0
520	140.373698	141.109375	B3	31	80	0
521	140.378906	142.188802	G2	30	80	0
522	140.380208	144.069010	G1	34	80	0
523	140.381510	140.979167	F#4	32	80	0
524	140.384115	140.829427	D4	26	80	0
525	141.281250	141.649740	F#4	29	80	0
526	141.294271	141.609375	D4	24	80	0
527	142.055990	143.009115	B4	46	80	0
528	142.093750	142.459635	F#4	31	80	0
529	142.095052	142.438802	B3	29	80	0
530	142.100260	142.319010	D4	23	80	0
531	142.716146	143.059896	F#4	31	80	0
532	142.720052	142.989583	D4	25	80	0
533	142.734375	143.029948	B3	28	80	0
534	143.404948	144.438802	B4	42	80	0
535	143.420573	143.878906	F#4	29	80	0
536	143.451823	143.799479	D4	23	80	0
537	143.458333	143.889323	B3	26	80	0
538	144.130208	144.949219	A4	42	80	0
539	144.141927	144.519531	F#4	33	80	0
540	144.166667	144.429688	D4	31	80	0
541	144.175781	144.389323	C#4	32	80	0
542	144.864583	145.779948	B4	49	80	0
543	144.889323	145.399740	F#4	38	80	0
544	144.894531	145.378906	D4	35	80	0
545	144.897135	145.348958	B3	39	80	0
546	144.912760	144.919271	B2	33	80	0
547	144.914062	145.250000	B1	32	80	0
548	145.643229	146.039062	C#5	54	80	0
549	145.658854	146.179688	F#4	45	80	0
550	145.665365	145.979167	A4	44	80	0
551	145.677083	146.128906	A3	38	80	0
552	145.677083	146.139323	D4	37	80	0
553	146.773438	148.069010	F#4	62	80	0
554	146.791667	147.408854	C#4	56	80	0
555	146.794271	147.979167	D4	53	80	0
556	146.803385	147.500000	G#3	50	80	0
557	146.805990	146.819010	B3	48	80	0
558	146.815104	149.919271	E2	45	80	0
559	146.842448	147.729167	B2	43	80	0
560	148.236979	149.679688	E4	57	80	0
561	148.264323	149.609375	C#4	51	80	0
562	148.265625	149.658854	E3	45	80	0
563	148.266927	149.579427	B3	49	80	0
564	148.268229	149.598958	G3	43	80	0
565	148.273438	150.218750	A2	42	80	0
566	148.278646	150.799479	A1	42	80	0
567	150.252604	150.819010	D4	51	80	0
568	150.264323	150.799479	B3	48	80	0
569	150.292969	150.709635	F#3	45	80	0
570	150.298177	150.729167	A3	45	80	0
571	150.311198	150.929688	D2	38	80	0
572	150.313802	150.329427	D3	36	80	0
573	151.042969	151.628906	E4	61	80	0
574	151.072917	151.699219	C#4	57	80	0
575	151.079427	151.529948	B3	54	80	0
576	151.089844	151.509115	G3	44	80	0
577	151.098958	151.619792	A1	40	80	0
578	151.104167	151.459635	A2	42	80	0
579	151.911458	152.619792	F#4	58	80	0
580	151.933594	152.500000	D4	47	80	0
581	151.944010	152.449219	G#3	43	80	0
582	151.951823	152.459635	B2	41	80	0
583	151.955729	151.968750	E3	40	80	0
584	153.032552	154.289062	E4	54	80	0
585	153.061198	154.019531	B3	40	80	0
586	153.065104	154.239583	C#4	42	80	0
587	153.074219	153.938802	E3	38	80	0
588	153.085938	154.188802	G3	33	80	0
589	153.104167	154.319010	A2	32	80	0
590	154.972656	156.049479	D4	37	80	0
591	154.983073	155.968750	D3	32	80	0
592	154.989583	155.929688	A2	31	80	0
593	154.989583	155.389323	A3	35	80	0
594	154.993490	155.938802	F#3	34	80	0
595	157.334635	158.938802	F#4	81	80	0
596	157.346354	158.699219	D4	73	80	0
597	157.347656	158.679688	B2	70	80	0
598	157.347656	158.549479	E2	67	80	0
599	157.348958	158.329427	G#3	73	80	0
600	159.242188	160.929688	E4	73	80	0
601	159.252604	161.348958	F#3	72	80	0
602	159.252604	161.989583	C4	72	80	0
603	159.252604	160.059896	A1	66	80	0
604	159.253906	161.769531	A2	67	80	0
605	161.804688	162.809896	D4	71	80	0
606	161.812500	162.459635	E4	65	80	0
607	161.813802	162.569010	Bb3	70	80	0
608	161.817708	162.389323	E3	67	80	0
609	161.817708	162.729167	G2	68	80	0
610	161.824219	161.829427	G1	66	80	0
611	161.832031	162.699219	C2	63	80	0
612	162.694010	163.359375	E4	72	80	0
613	162.704427	163.709635	C4	66	80	0
614	162.716146	163.319010	F#3	64	80	0
615	162.717448	163.658854	A2	61	80	0
616	162.722656	162.729167	A1	64	80	0
617	163.503906	164.679688	F#4	74	80	0
618	163.515625	165.359375	D4	66	80	0
619	163.522135	163.529948	B2	64	80	0
620	163.523438	164.329427	G#3	64	80	0
621	163.524740	164.669271	E2	63	80	0
622	163.524740	163.539062	E3	61	80	0
623	163.526042	163.539062	E1	67	80	0
624	164.692708	167.109375	E4	65	80	0
625	164.705729	167.059896	B3	57	80	0
626	164.708333	166.709635	G3	62	80	0
627	164.710938	166.829427	G1	60	80	0
628	164.712240	167.250000	G2	60	80	0
629	164.714844	166.669271	D3	60	80	0
630	164.723958	164.729167	F3	58	80	0
631	165.894531	166.529948	G#3	51	80	0
632	165.897135	166.649740	F#3	50	80	0
633	167.837240	169.959635	C4	31	80	0
634	167.839844	169.709635	A2	29	80	0
635	167.843750	169.949219	A3	33	80	0
636	167.845052	169.929688	D4	30	80	0
637	167.846354	169.779948	D3	28	80	0
638	171.248698	171.378906	G1	26	80	0
639	171.307292	171.468750	G2	21	80	0
640	171.416667	171.628906	D3	35	80	0
641	171.539062	171.585938	B3	35	80	0
642	171.632812	171.859375	D4	45	80	0
643	171.755208	172.000000	B4	48	80	0
644	171.923177	173.128906	G5	62	80	0
645	172.669271	173.009115	D5	29	80	0
646	173.372396	174.209635	G4	31	80	0
647	173.373698	174.399740	B4	34	80	0
648	173.373698	173.579427	D4	28	80	0
649	174.074219	174.779948	D5	37	80	0
650	174.444010	175.329427	C2	28	80	0
651	174.597656	175.688802	G2	26	80	0
652	174.738281	175.759115	B4	33	80	0
653	174.744792	175.279948	E3	31	80	0
654	174.753906	175.009115	D4	23	80	0
655	174.755208	175.269531	E4	27	80	0
656	175.397135	176.158854	A5	62	80	0
657	175.455729	175.679688	E5	33	80	0
658	176.065104	176.759115	F#5	53	80	0
659	176.118490	176.968750	E4	31	80	0
660	176.126302	176.569010	B4	32	80	0
661	176.130208	176.789062	G4	32	80	0
662	176.134115	176.429688	B3	28	80	0
663	176.699219	177.429688	E5	53	80	0
664	176.734375	177.188802	B4	41	80	0
665	177.109375	177.239583	D2	29	80	0
666	177.248698	179.779948	D2	30	80	0
667	177.252604	177.848958	B2	29	80	0
668	177.384115	178.639323	D5	55	80	0
669	177.393229	178.069010	B4	43	80	0
670	177.447917	178.309896	F#4	29	80	0
671	177.453125	177.459635	F#3	32	80	0
672	177.455729	177.468750	B3	27	80	0
673	178.083333	178.569010	B4	40	80	0
674	178.662760	179.389323	E5	51	80	0
675	178.723958	179.500000	F#4	31	80	0
676	178.726562	179.139323	B4	30	80	0
677	178.746094	179.089844	B3	23	80	0
678	179.308594	179.799479	F#5	54	80	0
679	179.326823	179.829427	B4	40	80	0
680	179.773438	180.709635	E2	25	80	0
681	179.897135	181.819010	B2	24	80	0
682	179.964844	181.019531	F#5	50	80	0
683	180.005208	180.688802	B4	31	80	0
684	180.023438	180.029948	G3	31	80	0
685	180.653646	180.989583	E5	47	80	0
686	180.696615	181.059896	B4	35	80	0
687	181.285156	182.299479	E5	51	80	0
688	181.342448	181.759115	B4	30	80	0
689	181.347656	181.709635	G4	30	80	0
690	181.347656	182.009115	B3	28	80	0
691	181.350260	181.979167	E4	26	80	0
692	181.933594	182.158854	B4	40	80	0
693	182.351562	184.250000	C3	30	80	0
694	182.468750	184.559896	G3	32	80	0
695	182.575521	184.419271	B5	62	80	0
696	182.638021	183.639323	B4	44	80	0
697	182.643229	183.639323	C5	45	80	0
698	182.662760	183.389323	E4	32	80	0
699	183.360677	183.889323	E5	35	80	0
700	183.941406	184.669271	C5	46	80	0
701	183.989583	184.319010	E4	27	80	0
702	184.009115	184.688802	B4	34	80	0
703	184.589844	185.059896	E5	41	80	0
704	184.936198	185.419271	A2	28	80	0
705	185.082031	185.628906	E3	35	80	0
706	185.174479	185.489583	C5	40	80	0
707	185.192708	185.449219	B4	42	80	0
708	185.218750	186.188802	C4	35	80	0
709	185.820312	186.179688	C6	61	80	0
710	185.863281	186.139323	E5	39	80	0
711	186.475260	187.169271	A5	62	80	0
712	186.483073	187.239583	C5	44	80	0
713	186.536458	186.750000	E4	33	80	0
714	186.544271	186.848958	G4	37	80	0
715	187.097656	187.309896	G5	61	80	0
716	187.153646	187.279948	E5	39	80	0
717	187.648438	189.229167	B2	35	80	0
718	187.723958	189.059896	F#3	37	80	0
719	187.787760	188.938802	F#5	54	80	0
720	187.824219	188.799479	B4	39	80	0
721	187.838542	188.819010	D4	35	80	0
722	188.447917	188.889323	D5	46	80	0
723	189.018229	189.419271	G5	63	80	0
724	189.067708	189.408854	B4	42	80	0
725	189.075521	189.309896	G4	41	80	0
726	189.126302	189.319010	D4	36	80	0
727	189.665365	190.419271	A5	67	80	0
728	189.674479	190.019531	D5	52	80	0
729	189.714844	189.859375	A4	34	80	0
730	190.105469	190.878906	G2	30	80	0
731	190.190104	190.789062	D3	39	80	0
732	190.334635	190.619792	F#4	45	80	0
733	190.335938	190.619792	B4	51	80	0
734	190.343750	190.529948	D4	39	80	0
735	190.932292	191.289062	B5	61	80	0
736	190.944010	191.319010	B4	49	80	0
737	190.944010	191.279948	D5	50	80	0
738	191.360677	191.718750	D4	40	80	0
739	191.492188	191.688802	F#4	38	80	0
740	191.562500	191.908854	G5	60	80	0
741	191.579427	191.819010	B4	44	80	0
742	191.635417	191.829427	G4	30	80	0
743	192.180990	192.489583	F#5	56	80	0
744	192.231771	192.468750	F#4	35	80	0
745	192.243490	192.539062	B4	38	80	0
746	192.645833	193.239583	A4	35	80	0
747	192.647135	193.579427	A2	30	80	0
748	192.651042	192.658854	E4	30	80	0
749	192.751302	193.639323	E3	38	80	0
750	192.880208	193.779948	E5	56	80	0
751	192.894531	192.899740	B4	38	80	0
752	192.927083	193.679688	C4	36	80	0
753	192.933594	193.598958	E4	33	80	0
754	193.544271	193.859375	C5	40	80	0
755	194.080729	194.149740	C4	39	80	0
756	194.153646	194.509115	E4	44	80	0
757	194.154948	195.009115	F#5	62	80	0
758	194.156250	194.669271	C4	44	80	0
759	194.165365	194.639323	E3	42	80	0
760	194.195312	195.000000	F#4	41	80	0
761	194.239583	195.109375	A4	38	80	0
762	194.802083	195.639323	G5	63	80	0
763	194.846354	195.329427	C5	35	80	0
764	195.313802	195.979167	F#2	43	80	0
765	195.441406	195.878906	A4	45	80	0
766	195.449219	195.669271	E4	36	80	0
767	195.473958	195.649740	A3	38	80	0
768	196.074219	196.229167	A5	59	80	0
769	196.114583	196.658854	A4	47	80	0
770	196.537760	197.029948	C4	40	80	0
771	196.639323	196.878906	E4	40	80	0
772	196.743490	197.128906	F#5	56	80	0
773	196.765625	197.049479	C5	42	80	0
774	196.766927	197.451823	A4	38	80	0
775	197.363281	197.598958	E5	55	80	0
776	197.408854	197.569010	C5	38	80	0
777	197.824219	198.359375	B2	29	80	0
778	197.912760	199.989583	F#3	38	80	0
779	198.033854	201.029948	F#5	57	80	0
780	198.057292	198.968750	B4	42	80	0
781	198.069010	199.000000	F#4	38	80	0
782	198.072917	198.899740	D4	32	80	0
783	198.731771	199.519531	D5	41	80	0
784	199.358073	200.479167	B4	37	80	0
785	199.382812	199.649740	B3	28	80	0
786	199.382812	201.429688	F#4	29	80	0
787	199.414062	200.438802	D4	25	80	0
788	200.065104	200.769531	D5	43	80	0
789	200.888021	201.188802	C5	42	80	0
790	200.923177	202.729167	F#2	38	80	0
791	200.924479	201.438802	E4	29	80	0
792	201.792969	202.750000	A4	55	80	0
793	201.830729	202.269531	E4	33	80	0
794	201.835938	202.658854	C4	33	80	0
795	202.608073	203.669271	F#4	58	80	0
796	202.614583	203.459635	D4	38	80	0
797	202.654948	203.089844	B3	38	80	0
798	202.661458	203.289062	B2	36	80	0
799	203.381510	204.779948	E4	53	80	0
800	203.415365	204.679688	D3	37	80	0
801	203.421875	204.619792	C4	39	80	0
802	203.428385	204.109375	F#3	35	80	0
803	204.479167	206.239583	D4	37	80	0
804	204.481771	205.739583	F#4	43	80	0
805	204.522135	205.789062	B2	30	80	0
806	204.523438	205.479167	B3	32	80	0
807	206.196615	206.679688	B5	59	80	0
808	206.225260	207.359375	B4	44	80	0
809	207.782552	208.429688	B1	33	80	0
810	209.415365	209.759115	B5	45	80	0
811	209.415365	209.699219	B4	36	80	0
812	210.683594	210.899740	B3	36	80	0
813	210.816406	210.949219	C4	41	80	0
814	210.902344	211.059896	E4	43	80	0
815	210.976562	211.098958	B4	49	80	0
816	211.055990	211.688802	C5	54	80	0
817	211.141927	212.079427	E5	53	80	0
818	211.259115	212.399740	B5	62	80	0
819	211.388021	212.098958	E3	38	80	0
820	211.401042	212.239583	E4	39	80	0
821	211.403646	212.059896	A4	40	80	0
822	211.403646	212.289062	A2	38	80	0
823	212.260417	213.250000	E5	38	80	0
824	212.273438	212.559896	C5	35	80	0
825	212.841146	214.209635	E4	29	80	0
826	212.854167	213.289062	C5	31	80	0
827	212.859375	214.309896	C4	28	80	0
828	213.477865	214.279948	C5	35	80	0
829	213.484375	214.269531	E5	39	80	0
830	214.106771	214.628906	B3	31	80	0
831	214.733073	215.378906	A5	59	80	0
832	214.786458	215.199219	E5	37	80	0
833	214.786458	215.179688	A4	38	80	0
834	214.792969	215.239583	A3	35	80	0
835	214.864583	214.959635	D4	15	80	0
836	215.445312	215.789062	D6	62	80	0
837	215.486979	215.819010	D5	39	80	0
838	215.490885	215.878906	D4	32	80	0
839	216.046875	216.679688	B5	58	80	0
840	216.082031	217.119792	E5	42	80	0
841	216.084635	216.598958	B4	43	80	0
842	216.106771	216.679688	C5	41	80	0
843	216.110677	217.009115	E4	31	80	0
844	216.114583	216.739583	C4	36	80	0
845	216.785156	217.188802	B5	57	80	0
846	216.822917	217.299479	B4	46	80	0
847	217.588542	217.742188	E4	30	80	0
848	217.605469	217.869792	D2	27	80	0
849	217.606771	217.878906	F#3	27	80	0
850	217.614583	217.809896	C4	23	80	0
851	217.617188	217.848958	A2	26	80	0
852	218.203125	219.009115	A5	67	80	0
853	218.252604	218.500000	F#5	39	80	0
854	218.255208	218.598958	A4	38	80	0
855	218.257812	218.438802	C4	37	80	0
856	218.264323	219.250000	F#3	36	80	0
857	218.264323	218.468750	F#4	32	80	0
858	218.264323	218.509115	A3	35	80	0
859	218.265625	218.468750	E4	31	80	0
860	218.837240	219.218750	E5	40	80	0
861	218.843750	219.119792	C5	35	80	0
862	218.852865	219.089844	C4	31	80	0
863	218.854167	219.039062	E4	31	80	0
864	218.861979	219.059896	A3	32	80	0
865	219.424479	220.250000	G5	56	80	0
866	219.464844	219.639323	B4	31	80	0
867	219.470052	219.628906	G4	26	80	0
868	219.481771	219.579427	B3	23	80	0
869	220.078125	220.419271	E4	29	80	0
870	220.093750	220.848958	E3	27	80	0
871	220.095052	220.869792	C4	26	80	0
872	220.096354	220.329427	C5	30	80	0
873	220.096354	220.639323	E5	37	80	0
874	220.654948	221.149740	A5	58	80	0
875	220.694010	221.059896	A4	38	80	0
876	220.704427	221.128906	A3	36	80	0
877	221.335938	221.658854	E5	38	80	0
878	221.364583	222.209635	C5	31	80	0
879	221.368490	221.779948	C4	24	80	0
880	221.377604	221.598958	E4	23	80	0
881	222.234375	222.869792	E5	53	80	0
882	222.273438	223.019531	G4	35	80	0
883	222.274740	224.579427	G3	32	80	0
884	222.277344	222.938802	E4	30	80	0
885	223.174479	223.779948	E5	42	80	0
886	223.195312	223.979167	B4	35	80	0
887	223.203125	223.688802	B3	27	80	0
888	224.368490	224.739583	E5	39	80	0
889	224.377604	224.750000	B4	28	80	0
890	224.386719	224.688802	E4	21	80	0
891	225.233073	225.509115	E3	31	80	0
892	225.233073	225.529948	E2	32	80	0
893	226.110677	226.579427	D5	46	80	0
894	226.134115	226.509115	C3	29	80	0
895	226.134115	226.529948	D3	30	80	0
896	226.140625	226.688802	C5	38	80	0
897	226.145833	226.468750	D4	31	80	0
898	226.973958	227.569010	G5	46	80	0
899	227.014323	227.269531	G3	36	80	0
900	227.015625	227.549479	B4	36	80	0
901	227.015625	227.500000	G4	36	80	0
902	227.020833	227.299479	D4	28	80	0
903	227.023438	227.489583	G2	34	80	0
904	227.942708	228.479167	F#5	50	80	0
905	227.973958	228.399740	F#3	34	80	0
906	227.976562	228.759115	F#2	34	80	0
907	227.977865	227.989583	Eb3	33	80	0
908	227.977865	228.489583	Bb4	35	80	0
909	229.010417	230.378906	E5	45	80	0
910	229.045573	230.369792	E3	35	80	0
911	229.057292	229.679688	G#4	34	80	0
912	229.059896	231.218750	B4	40	80	0
913	229.065104	232.049479	E2	31	80	0
914	230.054688	230.628906	B3	74	80	0
915	230.885417	231.819010	D5	70	80	0
916	230.890625	231.718750	D4	69	80	0
917	231.351562	232.009115	B4	64	80	0
918	231.632812	232.500000	E4	75	80	0
919	232.653646	234.188802	D5	87	80	0
920	232.665365	234.209635	B4	73	80	0
921	232.673177	234.289062	F#4	79	80	0
922	232.674479	234.429688	D4	73	80	0
923	232.678385	233.539062	B2	70	80	0
924	232.679688	233.109375	B1	66	80	0
925	232.683594	232.688802	E2	71	80	0
926	232.684896	232.699219	E1	72	80	0
927	234.764323	235.699219	C5	84	80	0
928	234.777344	236.029948	A2	77	80	0
929	234.779948	236.549479	F#4	76	80	0
930	234.782552	235.658854	A1	73	80	0
931	234.783854	236.479167	C4	72	80	0
932	234.785156	235.209635	E4	73	80	0
933	235.540365	236.989583	B4	84	80	0
934	236.225260	237.109375	A4	79	80	0
935	236.572917	237.438802	G1	83	80	0
936	236.574219	237.899740	G2	80	80	0
937	237.376302	240.419271	F#4	86	80	0
938	237.376302	239.059896	B4	78	80	0
939	237.385417	239.429688	F#3	82	80	0
940	237.388021	241.609375	B3	78	80	0
941	237.394531	241.628906	F#2	81	80	0
942	237.394531	241.188802	F#1	81	80	0
943	240.714844	242.319010	E4	67	80	0
944	240.734375	241.269531	E3	62	80	0
945	240.755208	242.500000	E2	61	80	0
946	240.763021	240.848958	E1	56	80	0
947	242.807292	243.438802	D4	46	80	0
948	242.812500	243.688802	D3	46	80	0
949	242.812500	242.819010	F#3	41	80	0
950	242.813802	243.259115	A3	43	80	0
951	243.914062	244.869792	G5	53	80	0
952	244.582031	245.309896	Bb5	52	80	0
953	245.183594	245.878906	C6	55	80	0
954	245.273438	246.299479	G5	27	80	0
955	245.753906	246.438802	D6	62	80	0
956	246.334635	248.069010	F6	62	80	0
957	246.404948	247.299479	G5	40	80	0
958	246.910156	247.479167	D5	44	80	0
959	247.503906	248.019531	Bb5	40	80	0
960	247.513021	248.529948	G5	41	80	0
961	248.039062	248.669271	E6	62	80	0
962	248.085938	248.769531	D5	38	80	0
963	248.587240	249.109375	D6	62	80	0
964	248.635417	249.549479	G5	41	80	0
965	249.244792	249.908854	C5	45	80	0
966	249.248698	250.519531	E6	55	80	0
967	249.733073	250.019531	G4	33	80	0
968	249.934896	250.718750	C6	60	80	0
969	250.005208	250.559896	G5	47	80	0
970	250.171875	250.438802	C5	46	80	0
971	250.653646	252.329427	F6	47	80	0
972	250.680990	252.500000	A5	39	80	0
973	250.682292	252.718750	F5	42	80	0
974	250.716146	251.589844	D4	30	80	0
975	251.485677	251.979167	G3	30	80	0
976	252.214844	252.619792	F4	33	80	0
977	252.264323	252.639323	C4	20	80	0
978	252.273438	252.589844	A3	22	80	0
979	252.872396	253.709635	A4	35	80	0
980	252.876302	253.259115	C4	30	80	0
981	252.877604	253.299479	F4	30	80	0
982	252.901042	253.109375	A3	26	80	0
983	252.902344	253.209635	D4	29	80	0
984	253.483073	254.269531	F4	38	80	0
985	253.486979	254.009115	C4	26	80	0
986	253.497396	253.605469	A3	28	80	0
987	254.023438	254.479167	D4	40	80	0
988	254.057292	254.201823	A3	28	80	0
989	254.059896	254.319010	G3	29	80	0
990	254.574219	254.720052	F4	42	80	0
991	254.605469	254.829427	C4	21	80	0
992	254.614583	254.878906	A3	23	80	0
993	255.005208	255.688802	A4	51	80	0
994	255.022135	255.125000	F4	44	80	0
995	255.042969	255.117188	C4	36	80	0
996	255.373698	255.509115	C4	41	80	0
997	255.393229	255.399740	D4	35	80	0
998	255.395833	255.459635	F4	31	80	0
999	255.399740	255.529948	G3	35	80	0
1000	255.511719	255.829427	D5	67	80	0
1001	255.553385	255.750000	F4	33	80	0
1002	256.101562	258.069010	E5	63	80	0
1003	256.140625	258.250000	B4	47	80	0
1004	256.151042	257.519531	F4	36	80	0
1005	256.177083	256.188802	G1	33	80	0
1006	256.930990	257.500000	G2	24	80	0
1007	257.876302	258.299479	F4	47	80	0
1008	257.886719	258.089844	D4	29	80	0
1009	257.908854	258.259115	C4	29	80	0
1010	257.914062	258.229167	A3	31	80	0
1011	258.475260	258.878906	A4	63	80	0
1012	258.516927	258.799479	F4	33	80	0
1013	258.520833	258.729167	C4	38	80	0
1014	258.526042	258.779948	G3	38	80	0
1015	258.526042	258.789062	D4	37	80	0
1016	259.014323	259.489583	D5	68	80	0
1017	259.044271	259.959635	A4	52	80	0
1018	259.054688	259.549479	F4	42	80	0
1019	259.055990	259.449219	C4	35	80	0
1020	259.074219	259.309896	G3	37	80	0
1021	259.703125	261.139323	E5	57	80	0
1022	259.755208	261.019531	B4	42	80	0
1023	259.759115	260.408854	D3	45	80	0
1024	259.763021	260.139323	D4	39	80	0
1025	259.763021	260.408854	B3	37	80	0
1026	259.764323	260.399740	G4	33	80	0
1027	260.414062	260.959635	G4	35	80	0
1028	260.420573	260.938802	B3	29	80	0
1029	260.423177	262.019531	D3	27	80	0
1030	260.424479	261.009115	G2	26	80	0
1031	260.433594	260.908854	G3	31	80	0
1032	261.524740	263.000000	E5	54	80	0
1033	261.574219	262.598958	F4	29	80	0
1034	261.578125	261.919271	G3	29	80	0
1035	261.579427	262.179688	B3	27	80	0
1036	262.356771	263.579427	C5	49	80	0
1037	262.394531	262.779948	G4	29	80	0
1038	262.398438	263.869792	G3	29	80	0
1039	262.399740	263.679688	C4	25	80	0
1040	262.411458	263.109375	C3	28	80	0
1041	262.984375	263.669271	G4	36	80	0
1042	262.985677	263.559896	F4	31	80	0
1043	263.532552	264.289062	G5	43	80	0
1044	263.535156	263.819010	F5	44	80	0
1045	264.109375	265.098958	C5	54	80	0
1046	264.139323	264.459635	G4	37	80	0
1047	264.147135	264.329427	E4	27	80	0
1048	264.795573	265.309896	Eb5	47	80	0
1049	264.835938	265.709635	Eb4	29	80	0
1050	265.484375	266.059896	F#5	49	80	0
1051	265.522135	265.859375	Eb5	37	80	0
1052	265.522135	266.000000	D5	35	80	0
1053	266.032552	267.149740	G5	56	80	0
1054	266.054688	266.239583	Eb5	36	80	0
1055	266.062500	266.269531	C5	38	80	0
1056	266.562500	268.019531	Bb5	62	80	0
1057	266.591146	267.089844	Bb4	45	80	0
1058	266.595052	267.218750	Eb5	36	80	0
1059	267.096354	267.479167	G4	43	80	0
1060	267.096354	267.229167	Bb4	40	80	0
1061	267.613281	268.408854	Eb5	48	80	0
1062	267.651042	268.299479	Bb4	36	80	0
1063	267.654948	268.329427	C5	37	80	0
1064	268.127604	268.628906	A5	65	80	0
1065	268.171875	268.408854	A4	40	80	0
1066	268.645833	269.289062	G5	60	80	0
1067	268.684896	269.169271	Eb5	41	80	0
1068	268.686198	269.049479	C5	38	80	0
1069	268.690104	269.029948	G4	40	80	0
1070	269.226562	270.019531	A5	57	80	0
1071	269.246094	269.639323	C5	37	80	0
1072	269.252604	269.639323	F5	45	80	0
1073	269.264323	269.729167	F4	35	80	0
1074	269.654948	270.000000	C4	39	80	0
1075	269.802083	270.199219	F5	58	80	0
1076	269.834635	270.179688	Eb5	46	80	0
1077	269.846354	270.149740	C5	39	80	0
1078	270.044271	270.139323	F4	38	80	0
1079	270.544271	271.408854	G5	55	80	0
1080	270.549479	271.188802	D5	46	80	0
1081	270.558594	271.529948	F5	49	80	0
1082	270.569010	271.218750	Bb4	42	80	0
1083	270.572917	270.949219	G3	44	80	0
1084	271.442708	272.500000	C2	48	80	0
1085	271.445312	272.199219	G2	45	80	0
1086	272.242188	272.709635	Bb4	55	80	0
1087	272.264323	272.699219	F4	39	80	0
1088	272.278646	272.688802	Bb3	40	80	0
1089	272.283854	272.699219	D4	35	80	0
1090	272.885417	273.419271	D5	61	80	0
1091	272.899740	273.179688	Bb4	52	80	0
1092	272.901042	273.188802	A4	52	80	0
1093	272.911458	273.269531	F4	40	80	0
1094	272.934896	273.259115	Bb3	34	80	0
1095	272.940104	273.289062	D4	35	80	0
1096	273.463542	273.878906	Bb4	67	80	0
1097	273.472656	273.889323	F4	44	80	0
1098	273.493490	273.789062	Bb3	43	80	0
1099	273.494792	273.848958	D4	41	80	0
1100	274.014323	274.385417	G4	65	80	0
1101	274.024740	274.128906	G3	55	80	0
1102	274.024740	274.369792	D4	48	80	0
1103	274.032552	274.039062	G1	50	80	0
1104	274.032552	274.759115	G2	51	80	0
1105	274.033854	274.348958	Bb3	54	80	0
1106	274.050781	275.369792	C2	48	80	0
1107	274.557292	274.777344	Bb4	66	80	0
1108	274.566406	274.829427	F4	50	80	0
1109	274.574219	274.789062	Bb3	54	80	0
1110	274.575521	274.809896	D4	51	80	0
1111	274.984375	275.212240	D5	69	80	0
1112	275.000000	275.269531	A4	61	80	0
1113	275.005208	275.289062	F4	50	80	0
1114	275.014323	275.209635	D4	49	80	0
1115	275.385417	275.809896	F5	80	80	0
1116	275.404948	275.729167	D5	66	80	0
1117	275.406250	275.549479	A4	69	80	0
1118	275.414062	275.688802	F4	54	80	0
1119	275.415365	275.729167	Bb4	69	80	0
1120	275.417969	275.598958	Bb3	58	80	0
1121	275.417969	275.569010	D4	55	80	0
1122	275.921875	277.069010	A5	86	80	0
1123	275.932292	277.109375	D5	76	80	0
1124	275.942708	276.878906	E5	72	80	0
1125	275.946615	277.468750	Bb4	75	80	0
1126	275.950521	275.959635	Bb3	67	80	0
1127	275.955729	276.419271	G3	65	80	0
1128	275.963542	276.589844	E4	64	80	0
1129	276.735677	277.500000	G2	73	80	0
1130	276.738281	277.500000	C2	72	80	0
1131	277.369792	277.378906	Bb3	53	80	0
1132	278.251302	278.739583	Bb3	73	80	0
1133	278.253906	278.619792	D4	66	80	0
1134	278.255208	278.729167	F4	65	80	0
1135	278.255208	278.750000	G3	69	80	0
1136	278.256510	278.779948	D3	68	80	0
1137	278.256510	278.779948	Bb4	72	80	0
1138	278.861979	279.408854	D5	80	80	0
1139	278.863281	279.279948	F4	66	80	0
1140	278.864583	279.199219	Bb3	73	80	0
1141	278.865885	279.209635	D4	69	80	0
1142	278.865885	279.188802	F3	69	80	0
1143	278.869792	279.319010	Bb4	76	80	0
1144	279.450521	279.459635	D2	70	80	0
1145	279.451823	279.819010	F4	70	80	0
1146	279.453125	279.669271	D4	69	80	0
1147	279.462240	279.709635	A3	71	80	0
1148	280.269531	281.549479	D5	80	80	0
1149	280.274740	280.289062	C2	75	80	0
1150	280.276042	282.009115	Bb4	87	80	0
1151	280.281250	281.769531	G4	79	80	0
1152	280.282552	280.289062	G2	68	80	0
1153	280.282552	281.239583	E4	73	80	0
1154	280.283854	280.809896	G3	71	80	0
1155	281.251302	282.049479	G2	80	80	0
1156	281.251302	282.069010	E4	67	80	0
1157	281.253906	282.348958	C2	80	80	0
1158	283.398438	284.000000	A5	84	80	0
1159	283.407552	283.419271	A3	65	80	0
1160	283.408854	284.229167	E5	76	80	0
1161	283.410156	283.949219	A4	79	80	0
1162	283.419271	283.908854	C5	73	80	0
1163	283.430990	283.589844	Bb3	65	80	0
1164	283.434896	283.859375	E4	61	80	0
1165	283.437500	284.009115	C4	61	80	0
1166	284.342448	286.339844	F5	76	80	0
1167	284.355469	286.119792	C5	63	80	0
1168	284.365885	286.199219	F4	53	80	0
1169	284.368490	284.989583	Bb4	65	80	0
1170	285.157552	285.779948	A4	47	80	0
1171	285.164062	285.549479	A3	43	80	0
1172	285.799479	286.188802	G#4	53	80	0
1173	285.800781	286.158854	G#3	47	80	0
1174	286.492188	287.079427	Eb5	66	80	0
1175	286.524740	286.989583	G4	45	80	0
1176	286.524740	287.299479	B4	52	80	0
1177	286.533854	286.968750	G3	40	80	0
1178	286.535156	287.019531	Eb4	42	80	0
1179	287.375000	289.688802	C5	55	80	0
1180	287.423177	287.799479	F3	42	80	0
1181	287.425781	289.500000	G4	52	80	0
1182	287.429688	289.299479	C4	36	80	0
1183	287.433594	287.438802	G3	46	80	0
1184	288.186198	289.098958	E4	41	80	0
1185	288.199219	288.848958	E3	35	80	0
1186	288.842448	289.449219	Eb4	39	80	0
1187	288.842448	288.848958	Eb5	47	80	0
1188	288.845052	289.329427	Eb3	37	80	0
1189	289.652344	290.348958	F#4	45	80	0
1190	289.656250	290.389323	Bb4	50	80	0
1191	289.664062	290.289062	F#3	38	80	0
1192	289.664062	290.279948	D4	33	80	0
1193	289.671875	290.299479	C4	33	80	0
1194	289.675781	290.250000	Bb3	39	80	0
1195	289.683594	290.179688	D3	33	80	0
1196	290.804688	292.750000	G3	45	80	0
1197	290.804688	293.369792	C4	44	80	0
1198	290.805990	292.709635	G4	55	80	0
1199	290.805990	292.769531	D4	44	80	0
1200	290.807292	294.069010	D3	45	80	0
1201	290.811198	295.408854	D2	41	80	0
1202	292.363281	293.359375	E4	50	80	0
1203	292.375000	292.968750	E3	42	80	0
1204	294.200521	296.049479	F#4	36	80	0
1205	294.203125	295.839844	C4	26	80	0
1206	294.205729	295.529948	F#3	29	80	0
1207	294.209635	295.729167	D4	26	80	0
1208	296.739583	297.500000	G4	37	80	0
1209	296.756510	297.049479	D4	23	80	0
1210	296.761719	297.339844	G3	28	80	0
1211	296.764323	297.500000	Bb3	33	80	0
1212	296.778646	297.269531	G2	25	80	0
1213	296.783854	297.709635	G1	27	80	0
1214	297.838542	298.929688	G5	48	80	0
1215	298.483073	298.959635	Bb5	55	80	0
1216	299.033854	299.419271	C6	62	80	0
1217	299.092448	299.559896	Bb5	43	80	0
1218	299.095052	300.218750	G5	46	80	0
1219	299.615885	300.299479	D6	68	80	0
1220	300.194010	300.718750	F6	56	80	0
1221	300.210938	300.658854	Bb4	43	80	0
1222	300.223958	300.569010	Bb5	48	80	0
1223	300.234375	300.809896	G5	43	80	0
1224	300.813802	301.619792	D5	52	80	0
1225	300.911458	302.500000	G5	57	80	0
1226	301.063802	301.848958	Bb5	45	80	0
1227	301.188802	301.389323	F6	47	80	0
1228	301.373698	302.069010	G6	52	80	0
1229	301.912760	302.519531	E6	62	80	0
1230	301.916667	302.729167	D5	46	80	0
1231	301.917969	302.378906	E5	48	80	0
1232	302.437500	303.149740	D6	71	80	0
1233	302.490885	302.779948	Bb5	49	80	0
1234	302.505208	303.119792	G5	42	80	0
1235	303.006510	303.589844	E6	59	80	0
1236	303.010417	303.269531	C5	45	80	0
1237	303.403646	303.519531	G4	47	80	0
1238	303.552083	303.809896	C6	63	80	0
1239	303.614583	303.759115	Bb5	51	80	0
1240	303.619792	303.908854	G5	51	80	0
1241	303.772135	303.949219	C5	47	80	0
1242	304.162760	304.889323	D6	66	80	0
1243	304.200521	305.339844	D4	45	80	0
1244	304.403646	304.949219	A4	30	80	0
1245	304.520833	305.059896	D5	45	80	0
1246	304.653646	304.919271	F5	45	80	0
1247	304.774740	304.919271	A5	43	80	0
1248	304.901042	305.149740	D6	55	80	0
1249	305.127604	305.628906	G3	40	80	0
1250	305.822917	306.199219	F4	36	80	0
1251	305.834635	306.199219	A3	29	80	0
1252	305.855469	306.218750	C4	21	80	0
1253	306.453125	307.449219	A4	52	80	0
1254	306.473958	306.859375	F5	47	80	0
1255	306.502604	306.809896	C4	30	80	0
1256	306.502604	306.789062	F4	31	80	0
1257	306.506510	306.809896	D4	29	80	0
1258	306.507812	307.158854	G3	29	80	0
1259	307.005208	307.718750	F4	47	80	0
1260	307.014323	307.378906	C4	34	80	0
1261	307.031250	307.141927	A3	35	80	0
1262	307.493490	307.869792	D4	46	80	0
1263	307.523438	307.684896	A3	41	80	0
1264	307.546875	307.789062	F3	33	80	0
1265	307.546875	307.809896	G3	34	80	0
1266	307.997396	308.218750	F4	43	80	0
1267	308.005208	308.161458	A3	40	80	0
1268	308.006510	308.157552	C4	39	80	0
1269	308.393229	308.839844	A4	54	80	0
1270	308.407552	308.485677	F4	45	80	0
1271	308.425781	308.489583	C4	32	80	0
1272	308.432292	308.750000	A3	33	80	0
1273	308.619792	308.819010	C4	40	80	0
1274	308.628906	308.639323	D4	38	80	0
1275	308.632812	308.789062	G3	36	80	0
1276	308.772135	309.139323	D5	66	80	0
1277	308.812500	309.029948	F4	35	80	0
1278	309.257812	310.399740	E5	61	80	0
1279	309.305990	310.319010	F4	42	80	0
1280	309.308594	309.739583	B3	42	80	0
1281	309.313802	310.468750	D3	42	80	0
1282	310.003906	310.519531	G2	31	80	0
1283	311.032552	311.419271	F4	48	80	0
1284	311.044271	311.429688	C4	39	80	0
1285	311.062500	311.819010	A3	35	80	0
1286	311.571615	311.908854	A4	61	80	0
1287	311.601562	311.889323	F4	40	80	0
1288	311.610677	311.908854	C4	38	80	0
1289	311.613281	311.859375	D4	39	80	0
1290	312.083333	312.569010	D5	66	80	0
1291	312.108073	312.589844	A4	54	80	0
1292	312.123698	312.438802	F4	38	80	0
1293	312.134115	312.419271	C4	37	80	0
1294	312.152344	312.429688	G3	33	80	0
1295	312.835938	314.169271	E5	58	80	0
1296	312.884115	314.218750	F4	37	80	0
1297	312.893229	314.519531	B4	41	80	0
1298	312.895833	314.069010	B3	33	80	0
1299	312.903646	313.949219	D3	36	80	0
1300	312.912760	312.919271	D4	35	80	0
1301	313.615885	314.188802	G2	26	80	0
1302	314.694010	315.559896	E5	55	80	0
1303	314.740885	315.589844	F4	30	80	0
1304	314.744792	315.209635	G3	30	80	0
1305	314.746094	315.039062	D4	27	80	0
1306	314.746094	315.609375	B4	32	80	0
1307	315.509115	316.399740	C5	53	80	0
1308	315.553385	316.399740	G3	28	80	0
1309	315.555990	316.250000	C4	23	80	0
1310	315.555990	315.869792	G4	27	80	0
1311	315.566406	316.789062	C3	25	80	0
1312	316.115885	316.509115	G4	37	80	0
1313	316.115885	316.319010	F4	32	80	0
1314	316.660156	317.188802	G5	45	80	0
1315	316.662760	316.959635	F5	44	80	0
1316	317.263021	317.658854	C5	55	80	0
1317	317.315104	317.509115	G4	32	80	0
1318	317.315104	317.489583	E4	32	80	0
1319	317.566406	317.579427	E4	22	80	0
1320	317.867188	318.289062	Eb5	51	80	0
1321	317.933594	318.209635	G4	30	80	0
1322	317.941406	318.339844	Eb4	32	80	0
1323	318.428385	318.859375	F5	55	80	0
1324	318.460938	318.750000	Eb5	41	80	0
1325	318.468750	318.669271	D5	35	80	0
1326	318.955729	319.309896	G5	62	80	0
1327	318.976562	319.239583	C5	45	80	0
1328	319.514323	320.209635	Bb5	63	80	0
1329	319.554688	320.179688	Eb5	37	80	0
1330	319.557292	320.089844	C5	42	80	0
1331	319.559896	319.789062	Bb4	42	80	0
1332	320.005208	320.649740	G4	42	80	0
1333	320.131510	320.250000	Bb4	46	80	0
1334	320.234375	321.329427	C5	44	80	0
1335	320.298177	321.269531	Eb5	51	80	0
1336	320.367188	321.218750	G5	41	80	0
1337	320.485677	320.709635	Bb5	58	80	0
1338	320.558594	320.729167	C6	59	80	0
1339	321.037760	321.359375	A5	65	80	0
1340	321.069010	321.259115	A4	46	80	0
1341	321.083333	321.250000	G4	37	80	0
1342	321.579427	322.158854	G5	60	80	0
1343	321.605469	322.269531	Eb5	45	80	0
1344	321.609375	322.359375	C5	42	80	0
1345	321.630208	321.839844	G4	43	80	0
1346	322.092448	322.539062	A5	69	80	0
1347	322.123698	322.378906	F5	50	80	0
1348	322.132812	322.529948	F4	42	80	0
1349	322.470052	322.699219	C4	40	80	0
1350	322.613281	322.859375	F5	65	80	0
1351	322.634115	322.959635	Eb5	50	80	0
1352	322.664062	322.899740	C5	46	80	0
1353	322.703125	322.859375	A4	42	80	0
1354	322.796875	322.979167	F4	46	80	0
1355	323.140625	323.779948	G5	60	80	0
1356	323.145833	323.468750	G3	51	80	0
1357	323.149740	323.269531	Bb4	49	80	0
1358	323.156250	323.378906	G4	50	80	0
1359	323.165365	323.309896	F4	41	80	0
1360	323.345052	323.529948	D4	49	80	0
1361	323.472656	323.628906	G4	49	80	0
1362	323.571615	323.688802	Bb4	51	80	0
1363	323.653646	324.089844	D5	57	80	0
1364	323.791667	324.089844	G5	60	80	0
1365	323.794271	323.878906	Bb4	43	80	0
1366	323.945312	324.098958	D6	66	80	0
1367	323.954427	324.128906	Bb4	58	80	0
1368	323.954427	326.188802	C2	61	80	0
1369	323.963542	325.049479	G2	59	80	0
1370	324.704427	325.158854	Bb4	65	80	0
1371	324.723958	325.119792	Bb3	45	80	0
1372	324.725260	325.128906	F4	44	80	0
1373	324.740885	325.128906	D4	43	80	0
1374	325.290365	325.759115	D5	69	80	0
1375	325.312500	325.569010	A4	61	80	0
1376	325.319010	325.658854	F4	45	80	0
1377	325.321615	325.639323	D4	52	80	0
1378	325.798177	326.209635	Bb4	73	80	0
1379	325.803385	326.139323	Bb3	62	80	0
1380	325.804688	326.209635	F4	53	80	0
1381	325.813802	326.169271	D4	56	80	0
1382	326.295573	326.619792	G4	72	80	0
1383	326.304688	326.529948	F4	59	80	0
1384	326.305990	326.539062	D4	56	80	0
1385	326.308594	326.319010	G3	63	80	0
1386	326.309896	326.598958	Bb4	62	80	0
1387	326.313802	326.319010	G1	66	80	0
1388	326.315104	327.019531	G2	62	80	0
1389	326.315104	326.549479	Bb3	58	80	0
1390	326.743490	326.933594	Bb4	76	80	0
1391	326.752604	326.914062	F4	56	80	0
1392	326.755208	326.916667	D4	57	80	0
1393	326.760417	326.959635	Bb3	59	80	0
1394	327.121094	327.274740	D5	70	80	0
1395	327.132812	327.261719	A4	75	80	0
1396	327.136719	327.309896	Bb4	73	80	0
1397	327.144531	327.256510	F4	58	80	0
1398	327.147135	327.260417	D4	59	80	0
1399	327.445312	327.829427	F5	82	80	0
1400	327.455729	327.718750	A4	73	80	0
1401	327.458333	327.679688	D5	68	80	0
1402	327.463542	327.739583	Bb4	75	80	0
1403	327.470052	327.779948	F4	58	80	0
1404	327.471354	327.688802	D4	62	80	0
1405	327.473958	327.639323	Bb3	61	80	0
1406	327.878906	328.429688	A5	84	80	0
1407	327.890625	328.339844	D5	75	80	0
1408	327.908854	328.529948	Bb4	82	80	0
1409	327.908854	328.489583	E5	70	80	0
1410	327.915365	328.309896	G3	64	80	0
1411	327.923177	328.389323	E4	68	80	0
1412	328.574219	330.289062	G2	79	80	0
1413	328.574219	329.789062	C2	78	80	0
1414	329.835938	330.329427	Bb3	77	80	0
1415	329.842448	330.158854	F3	71	80	0
1416	329.843750	330.419271	F4	68	80	0
1417	329.843750	330.279948	D4	74	80	0
1418	329.848958	330.299479	D3	78	80	0
1419	329.850260	330.319010	D2	74	80	0
1420	329.855469	329.869792	G3	70	80	0
1421	330.433594	330.908854	F4	73	80	0
1422	330.434896	330.789062	Bb3	80	80	0
1423	330.434896	330.799479	F3	74	80	0
1424	330.434896	330.789062	D4	77	80	0
1425	330.441406	330.509115	A3	77	80	0
1426	330.984375	331.279948	A3	78	80	0
1427	330.984375	331.500000	F4	74	80	0
1428	330.985677	331.229167	F3	78	80	0
1429	330.988281	331.229167	Bb3	78	80	0
1430	330.993490	331.319010	D4	75	80	0
1431	331.832031	332.649740	Bb3	80	80	0
1432	331.834635	332.449219	G3	79	80	0
1433	331.835938	333.509115	E4	80	80	0
1434	332.756510	334.218750	G2	83	80	0
1435	332.760417	334.299479	C2	83	80	0
1436	334.354167	334.959635	A5	78	80	0
1437	334.356771	334.938802	A4	78	80	0
1438	334.361979	335.029948	A3	68	80	0
1439	334.364583	335.188802	E5	69	80	0
1440	334.364583	334.859375	C4	65	80	0
1441	334.364583	334.968750	E4	68	80	0
1442	335.223958	337.378906	F5	70	80	0
1443	335.243490	336.149740	Bb4	68	80	0
1444	335.246094	337.059896	F3	50	80	0
1445	335.247396	337.000000	F4	54	80	0
1446	335.255208	336.799479	C4	56	80	0
1447	336.013021	336.829427	A4	57	80	0
1448	336.015625	336.509115	A3	56	80	0
1449	336.671875	337.089844	G#4	55	80	0
1450	336.675781	337.000000	G#3	46	80	0
1451	337.394531	338.359375	Eb5	66	80	0
1452	337.433594	338.449219	B4	54	80	0
1453	337.434896	337.968750	Eb4	43	80	0
1454	337.434896	337.449219	G2	36	80	0
1455	337.434896	337.919271	G4	49	80	0
1456	337.442708	337.839844	G3	40	80	0
1457	338.273438	340.718750	C5	55	80	0
1458	338.300781	338.529948	F3	35	80	0
1459	338.307292	340.188802	F4	37	80	0
1460	338.313802	340.209635	G4	41	80	0
1461	338.315104	338.529948	G3	34	80	0
1462	338.325521	338.339844	E4	32	80	0
1463	338.329427	340.279948	C3	29	80	0
1464	339.045573	339.959635	E4	40	80	0
1465	339.052083	339.799479	E3	38	80	0
1466	339.774740	340.408854	Eb3	43	80	0
1467	339.782552	340.128906	Eb4	40	80	0
1468	340.733073	341.459635	F#4	46	80	0
1469	340.733073	341.500000	Bb4	56	80	0
1470	340.747396	340.759115	F#3	36	80	0
1471	340.763021	341.378906	Bb3	41	80	0
1472	340.764323	341.369792	C3	29	80	0
1473	340.764323	341.369792	C4	31	80	0
1474	340.770833	341.289062	D4	30	80	0
1475	340.774740	341.188802	D3	31	80	0
1476	340.777344	340.789062	G3	32	80	0
1477	341.966146	344.109375	G4	56	80	0
1478	341.975260	344.188802	G3	42	80	0
1479	341.976562	344.500000	D3	41	80	0
1480	341.976562	343.009115	D4	44	80	0
1481	341.977865	344.339844	C4	42	80	0
1482	341.988281	345.149740	D2	39	80	0
1483	343.514323	344.589844	E4	45	80	0
1484	343.542969	344.169271	E3	31	80	0
1485	345.463542	347.459635	F#4	42	80	0
1486	345.471354	345.479167	F#3	34	80	0
1487	345.485677	347.239583	C4	29	80	0
1488	345.496094	347.309896	D4	29	80	0
1489	345.497396	346.848958	D3	26	80	0
1490	348.114583	350.769531	G4	40	80	0
1491	348.114583	350.539062	Bb3	37	80	0
1492	348.114583	350.348958	D4	27	80	0
1493	348.119792	348.128906	G3	32	80	0
1494	348.119792	350.319010	G1	31	80	0
1495	348.123698	350.289062	G2	28	80	0
1496	352.067708	352.739583	G2	24	80	0
1497	352.250000	352.688802	D3	31	80	0
1498	352.417969	353.750000	G5	61	80	0
1499	352.490885	352.619792	G1	34	80	0
1500	352.503906	352.709635	B4	54	80	0
1501	352.835938	353.309896	B4	42	80	0
1502	353.196615	353.809896	D5	40	80	0
1503	353.539062	353.938802	B4	39	80	0
1504	353.872396	354.218750	D4	34	80	0
1505	353.914062	354.598958	G4	30	80	0
1506	353.915365	354.109375	B3	26	80	0
1507	354.197917	354.639323	B4	39	80	0
1508	354.541667	354.989583	D5	43	80	0
1509	354.861979	355.218750	B4	42	80	0
1510	355.024740	356.069010	C2	31	80	0
1511	355.165365	355.699219	G1	37	80	0
1512	355.170573	356.679688	G2	34	80	0
1513	355.217448	355.750000	E4	34	80	0
1514	355.259115	356.089844	E3	32	80	0
1515	355.532552	355.848958	B4	44	80	0
1516	355.861979	356.299479	A5	55	80	0
1517	356.173177	356.609375	B4	44	80	0
1518	356.497396	357.229167	F#5	49	80	0
1519	356.570312	356.968750	E4	28	80	0
1520	356.598958	356.759115	B3	29	80	0
1521	356.604167	357.269531	G4	33	80	0
1522	356.856771	357.299479	B4	32	80	0
1523	357.160156	357.929688	E5	54	80	0
1524	357.449219	357.979167	B4	40	80	0
1525	357.574219	359.438802	D2	31	80	0
1526	357.720052	358.389323	B2	32	80	0
1527	357.843750	358.509115	D5	54	80	0
1528	357.924479	357.929688	F#3	31	80	0
1529	358.197917	358.669271	F#4	39	80	0
1530	358.541667	359.579427	B4	39	80	0
1531	358.841146	359.269531	F#4	32	80	0
1532	359.131510	359.989583	E5	47	80	0
1533	359.477865	360.039062	F#4	30	80	0
1534	359.774740	360.259115	F#5	52	80	0
1535	359.802083	360.750000	B4	38	80	0
1536	360.114583	360.269531	F#4	30	80	0
1537	360.227865	360.519531	E2	30	80	0
1538	360.343750	360.899740	B2	27	80	0
1539	360.423177	361.309896	F#5	48	80	0
1540	360.502604	360.848958	G3	37	80	0
1541	360.802083	361.229167	B4	36	80	0
1542	361.087240	361.489583	E5	51	80	0
1543	361.408854	361.729167	B4	40	80	0
1544	361.697917	362.128906	E5	50	80	0
1545	361.740885	361.869792	B4	31	80	0
1546	361.744792	362.399740	B3	28	80	0
1547	361.751302	362.229167	E4	30	80	0
1548	361.751302	362.158854	G4	31	80	0
1549	361.757812	362.429688	G3	30	80	0
1550	362.027344	362.359375	B4	37	80	0
1551	362.326823	362.649740	E5	36	80	0
1552	362.598958	362.750000	B4	39	80	0
1553	362.742188	363.389323	C3	30	80	0
1554	362.875000	364.709635	G3	34	80	0
1555	362.976562	364.049479	B5	62	80	0
1556	362.984375	362.989583	B4	48	80	0
1557	363.049479	363.369792	E4	25	80	0
1558	363.424479	363.769531	C5	31	80	0
1559	363.755208	364.169271	E5	28	80	0
1560	364.067708	364.209635	C5	36	80	0
1561	364.411458	364.619792	C5	39	80	0
1562	364.412760	364.959635	E4	34	80	0
1563	364.414062	364.869792	B4	40	80	0
1564	364.736979	365.119792	C5	30	80	0
1565	365.066406	365.619792	E5	41	80	0
1566	365.375000	365.598958	C5	38	80	0
1567	365.459635	365.919271	A2	29	80	0
1568	365.460938	365.759115	E4	25	80	0
1569	365.575521	365.929688	E3	34	80	0
1570	365.696615	365.889323	C5	41	80	0
1571	365.700521	365.929688	B4	40	80	0
1572	365.712240	366.049479	C4	35	80	0
1573	366.045573	366.289062	C5	34	80	0
1574	366.363281	367.098958	C6	58	80	0
1575	366.398438	367.069010	E5	35	80	0
1576	366.686198	367.128906	C5	41	80	0
1577	367.003906	367.819010	A5	52	80	0
1578	367.046875	367.408854	E4	30	80	0
1579	367.062500	367.529948	G4	32	80	0
1580	367.332031	367.769531	C5	42	80	0
1581	367.627604	368.109375	G5	61	80	0
1582	367.653646	367.979167	E5	46	80	0
1583	367.964844	368.239583	C5	46	80	0
1584	368.123698	368.559896	B2	33	80	0
1585	368.205729	368.718750	F#3	26	80	0
1586	368.285156	369.319010	F#5	55	80	0
1587	368.325521	368.609375	B4	37	80	0
1588	368.354167	368.739583	D4	25	80	0
1589	368.365885	369.039062	F#4	32	80	0
1590	368.618490	369.009115	B4	47	80	0
1591	368.912760	369.229167	D5	45	80	0
1592	369.190104	369.429688	B4	50	80	0
1593	369.510417	369.949219	G5	59	80	0
1594	369.563802	370.039062	D4	36	80	0
1595	369.563802	369.949219	B4	42	80	0
1596	369.565104	369.979167	G4	36	80	0
1597	369.815104	370.209635	D5	40	80	0
1598	370.097656	370.399740	A5	62	80	0
1599	370.113281	370.119792	E5	47	80	0
1600	370.152344	370.639323	A4	41	80	0
1601	370.394531	370.639323	D5	42	80	0
1602	370.597656	370.729167	G4	28	80	0
1603	370.600260	371.299479	G2	26	80	0
1604	370.692708	371.468750	D3	34	80	0
1605	370.746094	371.128906	B4	46	80	0
1606	370.781250	371.319010	F#4	35	80	0
1607	371.067708	371.378906	D5	45	80	0
1608	371.356771	371.699219	B5	62	80	0
1609	371.411458	371.688802	B4	47	80	0
1610	371.665365	371.938802	D5	56	80	0
1611	371.835938	372.389323	D4	35	80	0
1612	371.954427	372.500000	G5	66	80	0
1613	372.024740	372.188802	B4	42	80	0
1614	372.281250	372.598958	B4	42	80	0
1615	372.523438	372.968750	F#5	59	80	0
1616	372.578125	373.098958	F#4	45	80	0
1617	372.622396	372.949219	D5	49	80	0
1618	372.901042	373.149740	B4	43	80	0
1619	373.042969	373.250000	A2	32	80	0
1620	373.170573	373.279948	E3	33	80	0
1621	373.226562	374.959635	E5	59	80	0
1622	373.255208	373.819010	A2	34	80	0
1623	373.282552	373.628906	C5	40	80	0
1624	373.286458	373.839844	C4	37	80	0
1625	373.563802	373.889323	B4	46	80	0
1626	373.882812	374.259115	C5	39	80	0
1627	374.201823	374.408854	B4	45	80	0
1628	374.341146	374.750000	C4	36	80	0
1629	374.445312	374.688802	E4	33	80	0
1630	374.470052	375.158854	F#5	55	80	0
1631	374.532552	374.819010	A4	32	80	0
1632	374.533854	374.869792	F#4	37	80	0
1633	374.807292	375.169271	B4	45	80	0
1634	375.071615	375.589844	G5	60	80	0
1635	375.134115	375.509115	G4	42	80	0
1636	375.390625	375.799479	B4	33	80	0
1637	375.557292	376.049479	F#2	36	80	0
1638	375.708333	376.149740	G5	56	80	0
1639	376.048177	376.269531	C5	45	80	0
1640	376.294271	377.000000	A5	63	80	0
1641	376.338542	376.769531	A4	44	80	0
1642	376.351562	376.559896	C4	30	80	0
1643	376.647135	376.899740	C5	45	80	0
1644	376.820312	377.098958	C4	31	80	0
1645	376.934896	377.128906	E4	29	80	0
1646	376.973958	377.339844	F#5	55	80	0
1647	377.039062	377.628906	A4	37	80	0
1648	377.328125	377.628906	C5	43	80	0
1649	377.579427	378.309896	E5	58	80	0
1650	377.923177	378.229167	C5	41	80	0
1651	378.117188	379.408854	B2	31	80	0
1652	378.192708	379.759115	F#3	34	80	0
1653	378.274740	379.438802	F#5	57	80	0
1654	378.347656	378.539062	D4	33	80	0
1655	378.347656	378.549479	B4	44	80	0
1656	378.622396	379.029948	B4	44	80	0
1657	378.962240	379.289062	D5	46	80	0
1658	379.281250	379.649740	B4	41	80	0
1659	379.625000	381.679688	F#4	32	80	0
1660	379.627604	380.039062	D4	30	80	0
1661	379.643229	379.929688	B3	28	80	0
1662	379.955729	380.378906	B4	44	80	0
1663	380.333333	380.699219	D5	44	80	0
1664	380.652344	381.339844	B4	42	80	0
1665	381.061198	381.399740	C5	42	80	0
1666	381.091146	383.009115	F#2	54	80	0
1667	381.539062	381.657552	E4	44	80	0
1668	382.006510	383.949219	A4	55	80	0
1669	382.039062	382.839844	E4	39	80	0
1670	382.464844	382.959635	C4	39	80	0
1671	382.835938	384.229167	F#4	54	80	0
1672	382.842448	383.479167	D4	41	80	0
1673	382.895833	382.908854	B3	35	80	0
1674	382.897135	383.729167	B2	37	80	0
1675	383.286458	383.739583	B3	32	80	0
1676	383.647135	385.039062	E4	45	80	0
1677	383.649740	384.829427	C4	43	80	0
1678	383.652344	384.519531	D3	43	80	0
1679	384.152344	384.408854	F#3	34	80	0
1680	384.826823	385.839844	F#4	37	80	0
1681	384.856771	385.679688	D4	25	80	0
1682	384.867188	385.809896	B3	27	80	0
1683	384.873698	386.429688	B2	25	80	0
1684	386.526042	388.269531	B5	55	80	0
1685	386.546875	387.500000	B4	46	80	0
1686	387.912760	389.938802	B1	29	80	0
1687	387.914062	388.789062	B2	28	80	0
1688	389.692708	389.878906	B5	43	80	0
1689	389.694010	389.968750	B4	40	80	0
1690	390.717448	391.229167	B3	29	80	0
1691	391.160156	391.339844	C4	33	80	0
1692	391.308594	391.449219	E4	38	80	0
1693	391.436198	391.549479	B4	48	80	0
1694	391.522135	391.699219	C5	49	80	0
1695	391.660156	391.799479	E5	41	80	0
1696	391.763021	391.919271	B5	56	80	0
1697	391.993490	394.959635	A4	38	80	0
1698	391.993490	392.729167	E4	33	80	0
1699	392.003906	392.759115	A2	34	80	0
1700	392.011719	393.109375	B3	33	80	0
1701	392.018229	393.859375	B4	33	80	0
1702	392.024740	392.979167	E3	32	80	0
1703	392.944010	393.908854	E5	38	80	0
1704	393.614583	395.089844	E4	27	80	0
1705	393.639323	394.559896	A3	21	80	0
1706	393.641927	394.959635	C4	23	80	0
1707	393.643229	395.309896	E3	24	80	0
1708	394.304688	395.158854	E5	40	80	0
1709	394.311198	395.098958	C5	29	80	0
1710	394.986979	395.250000	B3	25	80	0
1711	395.794271	396.348958	A5	52	80	0
1712	395.833333	396.319010	G5	44	80	0
1713	395.834635	396.059896	C5	32	80	0
1714	395.842448	396.169271	E5	33	80	0
1715	395.872396	396.259115	G4	32	80	0
1716	395.875000	395.889323	A2	28	80	0
1717	395.878906	396.479167	A3	27	80	0
1718	395.888021	396.239583	E4	25	80	0
1719	396.746094	397.218750	D6	52	80	0
1720	396.765625	397.289062	D5	35	80	0
1721	396.772135	397.098958	D4	28	80	0
1722	397.542969	397.959635	B5	52	80	0
1723	397.583333	397.859375	B4	40	80	0
1724	397.584635	397.968750	E5	35	80	0
1725	397.593750	397.829427	E4	28	80	0
1726	397.605469	397.869792	C4	30	80	0
1727	397.615885	397.628906	D4	24	80	0
1728	398.429688	398.769531	B5	48	80	0
1729	398.454427	398.968750	B4	41	80	0
1730	398.466146	398.579427	A1	26	80	0
1731	399.334635	399.579427	E4	23	80	0
1732	399.367188	399.579427	C4	17	80	0
1733	399.380208	399.750000	D2	21	80	0
1734	399.381510	399.569010	A3	18	80	0
1735	400.097656	400.489583	A5	47	80	0
1736	400.144531	400.429688	A4	29	80	0
1737	400.151042	400.459635	F#3	30	80	0
1738	400.805990	401.389323	E5	36	80	0
1739	400.834635	401.158854	C5	29	80	0
1740	400.845052	401.029948	C4	19	80	0
1741	400.850260	400.959635	E4	20	80	0
1742	401.429688	402.369792	G5	44	80	0
1743	401.455729	401.609375	B3	25	80	0
1744	401.458333	401.699219	B4	25	80	0
1745	401.463542	401.649740	G4	27	80	0
1746	402.151042	402.569010	E5	33	80	0
1747	402.153646	402.559896	C5	31	80	0
1748	402.183594	402.919271	C4	19	80	0
1749	402.187500	402.389323	E4	19	80	0
1750	402.755208	403.169271	A5	54	80	0
1751	402.785156	402.979167	A4	36	80	0
1752	402.785156	403.039062	C5	32	80	0
1753	402.816406	402.968750	A3	29	80	0
1754	403.398438	403.709635	E5	31	80	0
1755	403.423177	403.669271	C4	23	80	0
1756	403.434896	403.649740	E4	21	80	0
1757	403.440104	403.789062	C5	24	80	0
1758	404.390625	405.069010	E5	48	80	0
1759	404.446615	404.889323	G4	27	80	0
1760	404.450521	405.539062	G3	29	80	0
1761	405.244792	405.899740	E5	37	80	0
1762	405.252604	405.878906	B4	37	80	0
1763	405.264323	405.479167	B3	28	80	0
1764	405.283854	405.479167	G4	27	80	0
1765	405.294271	405.619792	E4	22	80	0
1766	406.705729	407.509115	B4	30	80	0
1767	406.707031	407.500000	E5	31	80	0
1768	407.707031	407.919271	E2	27	80	0
1769	407.707031	408.049479	E3	30	80	0
1770	407.709635	407.718750	E1	28	80	0
1771	408.566406	409.779948	D5	40	80	0
1772	408.587240	410.259115	C5	33	80	0
1773	408.596354	409.179688	C4	23	80	0
1774	408.598958	409.259115	F#4	25	80	0
1775	408.602865	408.759115	G4	26	80	0
1776	408.606771	409.139323	C3	23	80	0
1777	408.608073	409.359375	D3	24	80	0
1778	408.611979	409.139323	D4	22	80	0
1779	409.453125	410.569010	G5	44	80	0
1780	409.486979	410.139323	G4	32	80	0
1781	409.500000	409.899740	G3	29	80	0
1782	409.505208	409.718750	D4	18	80	0
1783	410.476562	411.239583	F#5	40	80	0
1784	410.490885	411.299479	F#3	30	80	0
1785	410.492188	411.128906	F#2	32	80	0
1786	410.493490	411.089844	F#4	29	80	0
1787	410.501302	410.819010	D3	28	80	0
1788	410.501302	410.509115	C3	29	80	0
1789	410.502604	410.509115	D4	24	80	0
1790	411.677083	413.359375	E5	40	80	0
1791	411.705729	413.509115	B4	33	80	0
1792	411.720052	414.089844	B2	24	80	0
1793	411.722656	413.339844	G#4	28	80	0
1794	411.731771	413.348958	E4	25	80	0
1795	412.694010	414.259115	B3	67	80	0
1796	413.522135	415.000000	B4	73	80	0
1797	413.544271	414.579427	D4	48	80	0
1798	414.354167	414.759115	E4	63	80	0
1799	414.572917	414.739583	E2	63	80	0
1800	414.712240	414.848958	B2	58	80	0
1801	414.815104	415.109375	F#3	56	80	0
1802	414.953125	416.188802	G#3	55	80	0
1803	415.036458	416.199219	D4	61	80	0
1804	415.143229	416.009115	F#4	64	80	0
1805	415.277344	416.000000	D5	70	80	0
1806	415.468750	417.139323	B5	88	80	0
1807	417.113281	417.569010	D2	74	80	0
1808	417.113281	417.649740	A2	69	80	0
1809	417.765625	418.209635	E5	82	80	0
1810	417.770833	418.279948	F#4	76	80	0
1811	417.773438	418.239583	C4	71	80	0
1812	417.773438	418.000000	E4	72	80	0
1813	417.774740	418.628906	F#3	75	80	0
1814	418.494792	418.789062	B4	83	80	0
1815	418.496094	418.908854	B3	77	80	0
1816	419.115885	419.369792	A3	81	80	0
1817	419.118490	419.359375	A4	75	80	0
1818	419.795573	420.128906	G1	88	80	0
1819	419.795573	420.119792	G2	88	80	0
1820	420.415365	420.539062	F#3	65	80	0
1821	420.496094	420.563802	B3	67	80	0
1822	420.587240	422.438802	F#4	72	80	0
1823	420.678385	422.009115	B4	72	80	0
1824	420.777344	422.479167	F#5	71	80	0
1825	420.872396	422.158854	B5	77	80	0
1826	421.061198	422.468750	D6	87	80	0
1827	424.234375	424.979167	E1	73	80	0
1828	424.235677	426.049479	E2	75	80	0
1829	424.235677	425.859375	E4	78	80	0
1830	424.235677	425.109375	E3	77	80	0
1831	426.283854	427.500000	D4	73	80	0
1832	426.286458	427.500000	D3	82	80	0
1833	426.286458	426.299479	D1	69	80	0
1834	426.289062	428.069010	D2	75	80	0
1835	428.673177	429.289062	G2	81	80	0
1836	428.674479	429.250000	G1	75	80	0
1837	429.446615	432.500000	D5	83	80	0
1838	429.450521	432.500000	G3	71	80	0
1839	429.454427	432.500000	D3	77	80	0
1840	429.455729	432.500000	G1	69	80	0
1841	429.458333	432.500000	G2	70	80	0
#SusPed	0.035156	91	0
#SusPed	0.139323	0	0
#SusPed	0.152344	92	0
#SofPed	0.315104	88	0
#SusPed	0.348958	0	0
#SusPed	0.359375	99	0
#SofPed	0.399740	0	0
#SofPed	0.412760	81	0
#SofPed	0.479167	0	0
#SofPed	0.485677	72	0
#SusPed	0.529948	0	0
#SusPed	0.536458	95	0
#SofPed	0.549479	0	0
#SofPed	0.557292	47	0
#SusPed	0.658854	0	0
#SusPed	0.667969	94	0
#SofPed	0.750000	0	0
#SofPed	0.756510	45	0
#SusPed	3.459635	0	0
#SusPed	3.470052	98	0
#SofPed	3.598958	0	0
#SofPed	3.610677	86	0
#SusPed	4.609375	0	0
#SusPed	4.623698	67	0
#SusPed	4.759115	0	0
#SusPed	4.765625	94	0
#SusPed	5.938802	0	0
#SusPed	5.953125	78	0
#SusPed	6.188802	0	0
#SusPed	6.199219	86	0
#SusPed	6.519531	0	0
#SusPed	6.528646	103	0
#SusPed	6.579427	0	0
#SusPed	6.593750	107	0
#SusPed	7.279948	0	0
#SusPed	7.287760	81	0
#SusPed	8.569010	0	0
#SusPed	8.580729	78	0
#SusPed	8.769531	0	0
#SusPed	8.777344	88	0
#SofPed	9.609375	0	0
#SusPed	10.039062	0	0
#SusPed	10.050781	92	0
#SusPed	11.489583	0	0
#SusPed	11.494792	69	0
#SusPed	11.639323	0	0
#SusPed	11.649740	95	0
#SusPed	15.378906	0	0
#SusPed	15.386719	91	0
#SusPed	15.579427	0	0
#SusPed	15.592448	76	0
#SusPed	16.878906	0	0
#SusPed	16.894531	80	0
#SusPed	17.209635	0	0
#SusPed	17.214844	95	0
#SusPed	18.309896	0	0
#SusPed	18.321615	97	0
#SusPed	18.378906	0	0
#SusPed	18.393229	91	0
#SusPed	19.619792	0	0
#SusPed	19.634115	97	0
#SusPed	19.859375	0	0
#SusPed	19.871094	97	0
#SofPed	19.903646	83	0
#SusPed	20.289062	0	0
#SusPed	20.294271	91	0
#SusPed	20.438802	0	0
#SusPed	20.445312	80	0
#SofPed	20.639323	0	0
#SofPed	20.645833	73	0
#SofPed	20.938802	0	0
#SofPed	20.945312	98	0
#SusPed	21.049479	0	0
#SusPed	21.063802	99	0
#SofPed	21.239583	0	0
#SofPed	21.244792	83	0
#SusPed	22.489583	0	0
#SusPed	22.500000	66	0
#SusPed	22.649740	0	0
#SusPed	22.662760	104	0
#SusPed	23.899740	0	0
#SusPed	23.904948	69	0
#SusPed	24.029948	0	0
#SusPed	24.037760	104	0
#SusPed	24.519531	0	0
#SusPed	24.532552	94	0
#SusPed	25.199219	0	0
#SusPed	25.214844	70	0
#SusPed	25.359375	0	0
#SusPed	25.365885	92	0
#SofPed	27.250000	0	0
#SusPed	28.559896	0	0
#SusPed	28.567708	71	0
#SusPed	28.789062	0	0
#SusPed	28.800781	78	0
#SusPed	32.549479	0	0
#SusPed	32.555990	84	0
#SusPed	33.299479	0	0
#SusPed	33.311198	70	0
#SusPed	33.509115	0	0
#SusPed	33.522135	83	0
#SusPed	34.299479	0	0
#SusPed	34.312500	81	0
#SusPed	34.500000	0	0
#SusPed	34.511719	86	0
#SusPed	35.859375	0	0
#SusPed	35.873698	67	0
#SusPed	36.139323	0	0
#SusPed	36.149740	70	0
#SofPed	39.326823	80	0
#SofPed	41.218750	0	0
#SofPed	41.234375	99	0
#SofPed	41.438802	0	0
#SofPed	41.451823	111	0
#SofPed	41.609375	0	0
#SofPed	41.623698	108	0
#SofPed	41.889323	0	0
#SofPed	41.903646	77	0
#SusPed	42.149740	0	0
#SusPed	42.296875	96	0
#SofPed	47.899740	0	0
#SusPed	48.299479	0	0
#SusPed	48.662760	69	0
#SusPed	48.799479	0	0
#SusPed	48.804688	98	0
#SusPed	54.139323	0	0
#SusPed	54.149740	68	0
#SusPed	54.359375	0	0
#SusPed	54.367188	82	0
#SusPed	56.919271	0	0
#SusPed	56.928385	82	0
#SusPed	57.069010	0	0
#SusPed	57.076823	74	0
#SusPed	57.959635	0	0
#SusPed	57.971354	58	0
#SusPed	58.649740	0	0
#SusPed	58.656250	77	0
#SusPed	58.819010	0	0
#SusPed	58.833333	66	0
#SusPed	59.598958	0	0
#SusPed	59.606771	94	0
#SusPed	59.649740	0	0
#SusPed	59.656250	87	0
#SusPed	59.819010	0	0
#SusPed	59.825521	91	0
#SusPed	60.799479	0	0
#SusPed	60.811198	70	0
#SusPed	61.000000	0	0
#SusPed	61.011719	74	0
#SofPed	61.427083	101	0
#SofPed	61.658854	0	0
#SofPed	61.671875	107	0
#SofPed	62.059896	0	0
#SofPed	62.074219	100	0
#SusPed	62.769531	0	0
#SusPed	62.777344	48	0
#SusPed	62.889323	0	0
#SusPed	62.902344	82	0
#SusPed	64.609375	0	0
#SusPed	64.621094	75	0
#SusPed	64.869792	0	0
#SusPed	64.881510	87	0
#SusPed	65.158854	0	0
#SusPed	65.174479	73	0
#SofPed	65.899740	0	0
#SofPed	65.908854	64	0
#SusPed	66.829427	0	0
#SusPed	66.834635	81	0
#SusPed	67.589844	0	0
#SusPed	67.600260	78	0
#SusPed	69.848958	0	0
#SusPed	69.864583	91	0
#SusPed	70.079427	0	0
#SusPed	70.087240	64	0
#SusPed	71.269531	0	0
#SusPed	71.283854	80	0
#SofPed	71.908854	0	0
#SusPed	76.329427	0	0
#SusPed	76.343750	97	0
#SusPed	78.019531	0	0
#SusPed	78.026042	90	0
#SusPed	84.029948	0	0
#SusPed	87.283854	85	0
#SusPed	87.348958	0	0
#SusPed	87.356771	98	0
#SofPed	87.565104	71	0
#SofPed	87.688802	0	0
#SofPed	87.701823	74	0
#SofPed	87.889323	0	0
#SofPed	87.897135	96	0
#SofPed	88.079427	0	0
#SofPed	88.091146	81	0
#SofPed	88.559896	0	0
#SofPed	88.566406	81	0
#SofPed	88.609375	0	0
#SofPed	88.623698	75	0
#SusPed	88.658854	0	0
#SusPed	88.664062	72	0
#SusPed	88.750000	0	0
#SusPed	88.763021	95	0
#SofPed	88.809896	0	0
#SofPed	88.821615	63	0
#SofPed	88.908854	0	0
#SofPed	88.920573	68	0
#SofPed	89.188802	0	0
#SofPed	89.195312	93	0
#SusPed	90.029948	0	0
#SusPed	90.037760	105	0
#SusPed	92.979167	0	0
#SusPed	92.993490	87	0
#SusPed	93.089844	0	0
#SusPed	93.101562	70	0
#SofPed	93.348958	0	0
#SofPed	93.363281	103	0
#SofPed	93.429688	0	0
#SofPed	93.437500	99	0
#SusPed	95.979167	0	0
#SusPed	95.992188	85	0
#SusPed	96.109375	0	0
#SusPed	96.118490	74	0
#SusPed	99.069010	0	0
#SusPed	99.076823	89	0
#SofPed	99.438802	0	0
#SusPed	100.339844	0	0
#SusPed	100.346354	88	0
#SusPed	103.089844	0	0
#SusPed	103.096354	82	0
#SofPed	104.205729	81	0
#SusPed	105.000000	0	0
#SusPed	105.009115	73	0
#SusPed	105.209635	0	0
#SusPed	105.223958	90	0
#SofPed	105.369792	0	0
#SofPed	105.377604	77	0
#SofPed	106.199219	0	0
#SofPed	106.213542	72	0
#SusPed	106.369792	0	0
#SusPed	106.376302	99	0
#SofPed	106.399740	0	0
#SofPed	106.404948	43	0
#SofPed	106.529948	0	0
#SofPed	106.544271	43	0
#SusPed	106.569010	0	0
#SusPed	106.578125	101	0
#SofPed	106.589844	0	0
#SofPed	106.600260	47	0
#SusPed	107.119792	0	0
#SusPed	107.126302	74	0
#SofPed	107.149740	0	0
#SofPed	107.158854	84	0
#SusPed	107.319010	0	0
#SusPed	107.333333	81	0
#SusPed	108.259115	0	0
#SusPed	108.266927	96	0
#SusPed	108.489583	0	0
#SusPed	108.502604	71	0
#SusPed	109.079427	0	0
#SusPed	109.093750	87	0
#SusPed	109.309896	0	0
#SusPed	109.321615	76	0
#SusPed	110.039062	0	0
#SusPed	110.052083	78	0
#SusPed	110.289062	0	0
#SusPed	110.298177	81	0
#SusPed	111.468750	0	0
#SusPed	111.476562	69	0
#SusPed	111.769531	0	0
#SusPed	111.782552	77	0
#SofPed	113.158854	0	0
#SusPed	113.579427	0	0
#SusPed	113.591146	77	0
#SusPed	113.908854	0	0
#SusPed	113.917969	67	0
#SusPed	116.959635	0	0
#SusPed	116.967448	105	0
#SusPed	117.718750	0	0
#SusPed	117.727865	74	0
#SusPed	117.839844	0	0
#SusPed	117.850260	88	0
#SusPed	118.779948	0	0
#SusPed	118.791667	92	0
#SusPed	123.109375	0	0
#SusPed	123.122396	93	0
#SusPed	123.229167	0	0
#SusPed	123.243490	75	0
#SusPed	128.799479	0	0
#SusPed	128.808594	79	0
#SusPed	128.959635	0	0
#SusPed	128.972656	86	0
#SusPed	132.658854	0	0
#SusPed	132.673177	76	0
#SusPed	132.759115	0	0
#SusPed	132.774740	73	0
#SusPed	134.158854	0	0
#SusPed	134.164062	86	0
#SusPed	134.329427	0	0
#SusPed	134.343750	90	0
#SusPed	135.769531	0	0
#SusPed	135.776042	78	0
#SusPed	135.979167	0	0
#SusPed	135.986979	71	0
#SusPed	137.309896	0	0
#SusPed	137.324219	85	0
#SusPed	140.688802	0	0
#SusPed	140.703125	87	0
#SusPed	140.848958	0	0
#SusPed	140.855469	94	0
#SusPed	143.559896	0	0
#SusPed	143.565104	85	0
#SusPed	144.289062	0	0
#SusPed	144.302083	96	0
#SusPed	144.979167	0	0
#SusPed	144.989583	94	0
#SusPed	146.899740	0	0
#SusPed	146.906250	87	0
#SusPed	147.209635	0	0
#SusPed	147.222656	77	0
#SusPed	147.378906	0	0
#SusPed	147.391927	67	0
#SusPed	148.348958	0	0
#SusPed	148.356771	102	0
#SusPed	148.739583	0	0
#SusPed	148.752604	73	0
#SusPed	149.000000	0	0
#SusPed	149.007812	71	0
#SusPed	150.359375	0	0
#SusPed	150.365885	101	0
#SusPed	150.459635	0	0
#SusPed	150.464844	91	0
#SusPed	150.589844	0	0
#SusPed	150.595052	84	0
#SusPed	151.149740	0	0
#SusPed	151.162760	98	0
#SusPed	151.348958	0	0
#SusPed	151.355469	79	0
#SusPed	152.039062	0	0
#SusPed	152.053385	98	0
#SusPed	152.329427	0	0
#SusPed	152.341146	85	0
#SusPed	153.259115	0	0
#SusPed	153.265625	108	0
#SusPed	153.459635	0	0
#SusPed	153.472656	77	0
#SusPed	153.789062	0	0
#SusPed	153.798177	70	0
#SusPed	155.239583	0	0
#SusPed	155.247396	92	0
#SusPed	155.639323	0	0
#SusPed	155.652344	88	0
#SusPed	156.718750	0	0
#SusPed	156.730469	64	0
#SusPed	157.429688	0	0
#SusPed	157.444010	88	0
#SusPed	157.789062	0	0
#SusPed	157.795573	69	0
#SusPed	159.408854	0	0
#SusPed	159.419271	89	0
#SusPed	159.658854	0	0
#SusPed	159.666667	65	0
#SusPed	160.009115	0	0
#SusPed	160.022135	77	0
#SusPed	161.878906	0	0
#SusPed	161.893229	85	0
#SusPed	162.079427	0	0
#SusPed	162.084635	98	0
#SusPed	162.229167	0	0
#SusPed	162.234375	90	0
#SusPed	162.789062	0	0
#SusPed	162.803385	71	0
#SusPed	163.009115	0	0
#SusPed	163.015625	83	0
#SusPed	163.658854	0	0
#SusPed	163.671875	79	0
#SusPed	163.938802	0	0
#SusPed	163.946615	76	0
#SusPed	164.949219	0	0
#SusPed	164.955729	78	0
#SusPed	165.218750	0	0
#SusPed	165.225260	61	0
#SofPed	165.247396	45	0
#SusPed	166.069010	0	0
#SusPed	166.078125	67	0
#SusPed	166.319010	0	0
#SusPed	166.329427	82	0
#SusPed	168.089844	0	0
#SusPed	168.101562	77	0
#SusPed	168.628906	0	0
#SusPed	168.640625	78	0
#SofPed	171.250000	0	0
#SusPed	171.279948	0	0
#SusPed	171.291667	90	0
#SusPed	174.679688	0	0
#SusPed	174.684896	93	0
#SusPed	176.869792	0	0
#SusPed	176.875000	96	0
#SusPed	177.489583	0	0
#SusPed	177.503906	102	0
#SusPed	177.639323	0	0
#SusPed	177.644531	92	0
#SusPed	178.819010	0	0
#SusPed	178.832031	84	0
#SusPed	180.059896	0	0
#SusPed	180.071615	79	0
#SusPed	180.169271	0	0
#SusPed	180.175781	92	0
#SusPed	182.839844	0	0
#SusPed	182.845052	94	0
#SofPed	183.822917	78	0
#SofPed	185.934896	0	0
#SusPed	187.908854	0	0
#SusPed	187.917969	82	0
#SusPed	188.069010	0	0
#SusPed	188.080729	89	0
#SofPed	189.380208	61	0
#SofPed	189.449219	0	0
#SofPed	189.457031	59	0
#SusPed	190.319010	0	0
#SusPed	190.329427	87	0
#SusPed	190.419271	0	0
#SusPed	190.424479	78	0
#SusPed	193.029948	0	0
#SusPed	193.035156	68	0
#SusPed	193.149740	0	0
#SusPed	193.162760	94	0
#SofPed	195.459635	0	0
#SusPed	198.119792	0	0
#SusPed	198.131510	81	0
#SusPed	198.279948	0	0
#SusPed	198.286458	90	0
#SusPed	201.029948	0	0
#SusPed	201.035156	87	0
#SusPed	201.188802	0	0
#SusPed	201.199219	81	0
#SofPed	201.833333	102	0
#SusPed	202.049479	0	0
#SusPed	202.054688	94	0
#SofPed	202.229167	0	0
#SofPed	202.238281	87	0
#SofPed	202.628906	0	0
#SofPed	202.635417	109	0
#SusPed	202.739583	0	0
#SusPed	202.750000	77	0
#SusPed	202.919271	0	0
#SusPed	202.927083	92	0
#SofPed	202.938802	0	0
#SofPed	202.947917	104	0
#SusPed	203.429688	0	0
#SusPed	203.442708	113	0
#SusPed	203.598958	0	0
#SusPed	203.611979	78	0
#SusPed	203.839844	0	0
#SusPed	203.854167	80	0
#SusPed	204.769531	0	0
#SusPed	204.776042	73	0
#SusPed	205.109375	0	0
#SusPed	205.115885	73	0
#SofPed	208.949219	0	0
#SusPed	209.658854	0	0
#SusPed	209.667969	71	0
#SusPed	209.859375	0	0
#SusPed	209.867188	89	0
#SusPed	211.549479	0	0
#SusPed	211.562500	76	0
#SusPed	211.658854	0	0
#SusPed	211.665365	84	0
#SusPed	214.929688	0	0
#SusPed	214.934896	97	0
#SusPed	216.848958	0	0
#SusPed	216.854167	71	0
#SusPed	216.989583	0	0
#SusPed	216.994792	86	0
#SusPed	218.250000	0	0
#SusPed	218.263021	81	0
#SusPed	218.369792	0	0
#SusPed	218.376302	86	0
#SusPed	222.359375	0	0
#SusPed	222.371094	85	0
#SusPed	222.559896	0	0
#SusPed	222.574219	78	0
#SusPed	226.239583	0	0
#SusPed	226.251302	88	0
#SusPed	226.369792	0	0
#SusPed	226.375000	97	0
#SusPed	227.019531	0	0
#SusPed	227.028646	84	0
#SusPed	227.128906	0	0
#SusPed	227.141927	81	0
#SusPed	228.079427	0	0
#SusPed	228.089844	77	0
#SusPed	228.188802	0	0
#SusPed	228.197917	90	0
#SusPed	229.209635	0	0
#SusPed	229.216146	101	0
#SusPed	231.709635	0	0
#SusPed	231.716146	61	0
#SusPed	231.819010	0	0
#SusPed	231.825521	95	0
#SusPed	232.829427	0	0
#SusPed	232.838542	77	0
#SusPed	233.218750	0	0
#SusPed	233.234375	75	0
#SusPed	234.839844	0	0
#SusPed	234.854167	75	0
#SusPed	234.989583	0	0
#SusPed	235.003906	92	0
#SusPed	235.069010	0	0
#SusPed	235.083333	97	0
#SusPed	236.569010	0	0
#SusPed	236.583333	97	0
#SusPed	236.819010	0	0
#SusPed	236.830729	86	0
#SusPed	237.449219	0	0
#SusPed	237.462240	74	0
#SusPed	237.709635	0	0
#SusPed	237.722656	88	0
#SusPed	240.959635	0	0
#SusPed	240.970052	96	0
#SusPed	242.919271	0	0
#SusPed	242.925781	76	0
#SusPed	243.139323	0	0
#SusPed	243.148438	80	0
#SofPed	243.755208	90	0
#SofPed	244.139323	0	0
#SofPed	244.149740	49	0
#SusPed	244.429688	0	0
#SusPed	244.444010	74	0
#SusPed	244.729167	0	0
#SusPed	244.738281	67	0
#SusPed	245.239583	0	0
#SusPed	245.252604	68	0
#SusPed	245.369792	0	0
#SusPed	245.375000	72	0
#SusPed	246.519531	0	0
#SusPed	246.533854	80	0
#SusPed	247.619792	0	0
#SusPed	247.625000	104	0
#SusPed	249.309896	0	0
#SusPed	249.322917	84	0
#SusPed	249.459635	0	0
#SusPed	249.473958	87	0
#SofPed	250.149740	0	0
#SusPed	250.769531	0	0
#SusPed	250.774740	67	0
#SusPed	250.908854	0	0
#SusPed	250.919271	101	0
#SusPed	254.098958	0	0
#SusPed	254.113281	91	0
#SusPed	254.218750	0	0
#SusPed	254.234375	102	0
#SofPed	255.363281	46	0
#SofPed	255.449219	0	0
#SofPed	255.454427	44	0
#SofPed	255.519531	0	0
#SofPed	255.532552	49	0
#SofPed	255.649740	0	0
#SofPed	255.661458	47	0
#SusPed	256.239583	0	0
#SusPed	256.250000	74	0
#SusPed	256.408854	0	0
#SusPed	256.416667	90	0
#SofPed	258.878906	0	0
#SofPed	258.894531	65	0
#SofPed	259.019531	0	0
#SofPed	259.033854	63	0
#SofPed	259.179688	0	0
#SofPed	259.188802	70	0
#SusPed	259.750000	0	0
#SusPed	259.763021	103	0
#SusPed	259.848958	0	0
#SusPed	259.858073	94	0
#SusPed	260.389323	0	0
#SusPed	260.397135	94	0
#SusPed	260.579427	0	0
#SusPed	260.587240	80	0
#SofPed	261.079427	0	0
#SofPed	261.091146	75	0
#SofPed	261.559896	0	0
#SofPed	261.566406	76	0
#SusPed	261.739583	0	0
#SofPed	261.739583	0	0
#SofPed	261.748698	83	0
#SusPed	261.752604	99	0
#SusPed	262.429688	0	0
#SusPed	262.438802	82	0
#SusPed	262.609375	0	0
#SusPed	262.623698	77	0
#SusPed	264.949219	0	0
#SusPed	264.963542	75	0
#SusPed	265.109375	0	0
#SusPed	265.115885	100	0
#SusPed	266.169271	0	0
#SusPed	266.183594	110	0
#SofPed	267.750000	0	0
#SusPed	269.279948	0	0
#SusPed	269.286458	55	0
#SusPed	269.389323	0	0
#SusPed	269.398438	101	0
#SusPed	270.609375	0	0
#SusPed	270.614583	71	0
#SusPed	270.769531	0	0
#SusPed	270.783854	100	0
#SofPed	272.194010	97	0
#SofPed	272.438802	0	0
#SofPed	272.454427	75	0
#SofPed	272.559896	0	0
#SofPed	272.565104	47	0
#SofPed	272.769531	0	0
#SofPed	272.782552	29	0
#SofPed	272.899740	0	0
#SofPed	272.904948	31	0
#SofPed	273.109375	0	0
#SofPed	273.117188	37	0
#SofPed	273.438802	0	0
#SofPed	273.446615	30	0
#SofPed	273.628906	0	0
#SofPed	273.638021	44	0
#SofPed	273.729167	0	0
#SofPed	273.735677	50	0
#SofPed	273.889323	0	0
#SofPed	273.895833	53	0
#SofPed	274.029948	0	0
#SofPed	274.035156	57	0
#SofPed	274.109375	0	0
#SofPed	274.121094	49	0
#SusPed	275.989583	0	0
#SusPed	276.001302	72	0
#SusPed	276.119792	0	0
#SusPed	276.125000	103	0
#SofPed	278.639323	0	0
#SusPed	279.529948	0	0
#SusPed	279.544271	79	0
#SusPed	280.419271	0	0
#SusPed	280.427083	82	0
#SusPed	280.569010	0	0
#SusPed	280.580729	102	0
#SusPed	284.569010	0	0
#SusPed	284.578125	86	0
#SofPed	284.622396	87	0
#SusPed	284.819010	0	0
#SusPed	284.829427	82	0
#SofPed	284.869792	0	0
#SofPed	284.875000	63	0
#SofPed	285.199219	0	0
#SofPed	285.207031	61	0
#SofPed	285.289062	0	0
#SofPed	285.302083	68	0
#SusPed	285.859375	0	0
#SusPed	285.865885	75	0
#SusPed	286.658854	0	0
#SusPed	286.674479	72	0
#SusPed	286.819010	0	0
#SusPed	286.825521	91	0
#SusPed	287.598958	0	0
#SusPed	287.613281	71	0
#SusPed	287.878906	0	0
#SusPed	287.890625	76	0
#SusPed	288.959635	0	0
#SusPed	288.971354	64	0
#SusPed	289.039062	0	0
#SusPed	289.052083	58	0
#SusPed	289.869792	0	0
#SusPed	289.884115	70	0
#SusPed	290.059896	0	0
#SusPed	290.065104	55	0
#SusPed	291.279948	0	0
#SusPed	291.292969	51	0
#SofPed	291.299479	0	0
#SusPed	292.699219	0	0
#SusPed	292.710938	67	0
#SusPed	294.468750	0	0
#SusPed	294.479167	79	0
#SusPed	295.000000	0	0
#SusPed	295.011719	80	0
#SusPed	296.759115	0	0
#SusPed	296.768229	94	0
#SusPed	296.869792	0	0
#SusPed	296.882812	78	0
#SusPed	298.699219	0	0
#SusPed	298.712240	101	0
#SusPed	300.329427	0	0
#SusPed	300.343750	90	0
#SusPed	302.598958	0	0
#SusPed	302.609375	72	0
#SusPed	304.158854	0	0
#SusPed	304.174479	81	0
#SusPed	304.348958	0	0
#SusPed	304.359375	86	0
#SusPed	307.529948	0	0
#SusPed	307.544271	99	0
#SusPed	307.709635	0	0
#SusPed	307.720052	104	0
#SofPed	308.605469	90	0
#SofPed	308.688802	0	0
#SofPed	308.695312	81	0
#SofPed	308.809896	0	0
#SofPed	308.816406	87	0
#SofPed	308.959635	0	0
#SofPed	308.973958	102	0
#SofPed	309.269531	0	0
#SofPed	309.281250	103	0
#SusPed	309.319010	0	0
#SusPed	309.334635	95	0
#SusPed	309.649740	0	0
#SusPed	309.664062	84	0
#SusPed	309.929688	0	0
#SusPed	309.934896	112	0
#SofPed	310.468750	0	0
#SofPed	310.484375	90	0
#SofPed	310.639323	0	0
#SofPed	310.645833	99	0
#SofPed	310.819010	0	0
#SofPed	310.829427	108	0
#SofPed	311.000000	0	0
#SofPed	311.013021	109	0
#SofPed	311.279948	0	0
#SofPed	311.294271	96	0
#SofPed	311.539062	0	0
#SofPed	311.550781	98	0
#SofPed	311.589844	0	0
#SofPed	311.602865	94	0
#SofPed	311.688802	0	0
#SofPed	311.700521	87	0
#SofPed	312.098958	0	0
#SofPed	312.105469	55	0
#SusPed	313.158854	0	0
#SusPed	313.169271	77	0
#SusPed	313.399740	0	0
#SusPed	313.407552	84	0
#SofPed	314.179688	0	0
#SofPed	314.192708	87	0
#SofPed	314.279948	0	0
#SofPed	314.287760	80	0
#SofPed	314.709635	0	0
#SofPed	314.714844	67	0
#SusPed	314.859375	0	0
#SusPed	314.865885	85	0
#SofPed	315.049479	0	0
#SofPed	315.055990	67	0
#SusPed	315.589844	0	0
#SusPed	315.596354	81	0
#SusPed	315.729167	0	0
#SusPed	315.739583	90	0
#SofPed	315.799479	0	0
#SofPed	315.807292	58	0
#SofPed	316.119792	0	0
#SofPed	316.134115	71	0
#SofPed	316.468750	0	0
#SofPed	316.481771	63	0
#SusPed	316.829427	0	0
#SusPed	316.839844	93	0
#SofPed	316.938802	0	0
#SofPed	316.954427	49	0
#SusPed	317.929688	0	0
#SusPed	317.942708	83	0
#SusPed	318.089844	0	0
#SusPed	318.095052	99	0
#SusPed	319.949219	0	0
#SusPed	319.955729	49	0
#SusPed	320.089844	0	0
#SusPed	320.097656	101	0
#SofPed	322.949219	0	0
#SusPed	323.188802	0	0
#SusPed	323.201823	74	0
#SusPed	323.309896	0	0
#SusPed	323.319010	104	0
#SusPed	323.938802	0	0
#SusPed	323.951823	98	0
#SofPed	324.345052	59	0
#SofPed	324.658854	0	0
#SofPed	324.665365	79	0
#SofPed	324.809896	0	0
#SofPed	324.824219	101	0
#SofPed	325.289062	0	0
#SofPed	325.302083	85	0
#SofPed	325.539062	0	0
#SofPed	325.546875	93	0
#SofPed	325.750000	0	0
#SofPed	325.759115	101	0
#SusPed	327.968750	0	0
#SusPed	327.973958	88	0
#SusPed	328.128906	0	0
#SusPed	328.134115	104	0
#SusPed	329.919271	0	0
#SusPed	329.924479	81	0
#SusPed	330.009115	0	0
#SusPed	330.022135	74	0
#SofPed	330.489583	0	0
#SusPed	332.000000	0	0
#SusPed	332.014323	71	0
#SusPed	332.179688	0	0
#SusPed	332.184896	93	0
#SusPed	332.799479	0	0
#SusPed	332.807292	96	0
#SusPed	334.419271	0	0
#SusPed	334.427083	81	0
#SusPed	334.529948	0	0
#SusPed	334.533854	85	0
#SusPed	335.329427	0	0
#SusPed	335.337240	109	0
#SusPed	335.438802	0	0
#SusPed	335.445312	88	0
#SusPed	335.649740	0	0
#SusPed	335.654948	79	0
#SofPed	335.694010	44	0
#SofPed	336.169271	0	0
#SofPed	336.174479	59	0
#SusPed	336.729167	0	0
#SusPed	336.734375	86	0
#SusPed	337.579427	0	0
#SusPed	337.593750	68	0
#SusPed	337.729167	0	0
#SusPed	337.734375	87	0
#SofPed	337.839844	0	0
#SofPed	337.852865	67	0
#SusPed	338.479167	0	0
#SusPed	338.490885	74	0
#SusPed	338.829427	0	0
#SusPed	338.834635	75	0
#SusPed	339.929688	0	0
#SusPed	339.944010	73	0
#SusPed	340.119792	0	0
#SusPed	340.125000	83	0
#SofPed	340.429688	0	0
#SusPed	340.949219	0	0
#SusPed	340.964844	81	0
#SusPed	341.158854	0	0
#SusPed	341.165365	81	0
#SusPed	342.459635	0	0
#SusPed	342.464844	74	0
#SusPed	342.779948	0	0
#SusPed	342.783854	75	0
#SusPed	344.199219	0	0
#SusPed	344.209635	83	0
#SusPed	344.539062	0	0
#SusPed	344.546875	103	0
#SusPed	344.669271	0	0
#SusPed	344.683594	110	0
#SusPed	345.809896	0	0
#SusPed	345.815104	85	0
#SusPed	346.468750	0	0
#SusPed	346.475260	68	0
#SusPed	348.339844	0	0
#SusPed	348.354167	90	0
#SusPed	348.959635	0	0
#SusPed	348.971354	63	0
#SusPed	352.489583	0	0
#SusPed	352.503906	94	0
#SusPed	352.628906	0	0
#SusPed	352.644531	75	0
#SusPed	355.158854	0	0
#SusPed	355.170573	92	0
#SusPed	355.299479	0	0
#SusPed	355.304688	105	0
#SusPed	357.949219	0	0
#SusPed	357.957031	67	0
#SusPed	358.059896	0	0
#SusPed	358.072917	78	0
#SusPed	359.878906	0	0
#SusPed	359.885417	65	0
#SusPed	359.959635	0	0
#SusPed	359.966146	94	0
#SusPed	360.500000	0	0
#SusPed	360.511719	87	0
#SusPed	360.579427	0	0
#SusPed	360.584635	75	0
#SusPed	360.619792	0	0
#SusPed	360.626302	82	0
#SusPed	361.839844	0	0
#SusPed	361.845052	98	0
#SusPed	363.049479	0	0
#SusPed	363.057292	56	0
#SusPed	363.139323	0	0
#SusPed	363.147135	89	0
#SusPed	365.688802	0	0
#SusPed	365.696615	108	0
#SusPed	366.429688	0	0
#SusPed	366.442708	65	0
#SusPed	368.359375	0	0
#SusPed	368.369792	77	0
#SusPed	368.500000	0	0
#SusPed	368.514323	92	0
#SusPed	373.329427	0	0
#SusPed	373.338542	66	0
#SusPed	373.449219	0	0
#SusPed	373.459635	96	0
#SusPed	375.789062	0	0
#SusPed	375.799479	90	0
#SusPed	375.929688	0	0
#SusPed	375.937500	93	0
#SusPed	378.378906	0	0
#SusPed	378.388021	68	0
#SusPed	378.479167	0	0
#SusPed	378.492188	75	0
#SusPed	379.669271	0	0
#SusPed	379.682292	81	0
#SusPed	381.098958	0	0
#SusPed	381.111979	99	0
#SusPed	381.199219	0	0
#SusPed	381.204427	70	0
#SusPed	381.359375	0	0
#SusPed	381.373698	72	0
#SusPed	381.449219	0	0
#SusPed	381.454427	74	0
#SusPed	382.158854	0	0
#SusPed	382.174479	77	0
#SusPed	382.329427	0	0
#SusPed	382.337240	90	0
#SusPed	382.959635	0	0
#SusPed	382.964844	68	0
#SusPed	383.119792	0	0
#SusPed	383.126302	75	0
#SusPed	383.779948	0	0
#SusPed	383.785156	70	0
#SusPed	384.098958	0	0
#SusPed	384.110677	80	0
#SusPed	384.989583	0	0
#SusPed	385.003906	72	0
#SusPed	385.579427	0	0
#SusPed	385.584635	77	0
#SusPed	386.579427	0	0
#SusPed	386.584635	78	0
#SusPed	388.199219	0	0
#SusPed	388.205729	69	0
#SusPed	388.378906	0	0
#SusPed	388.393229	86	0
#SusPed	390.699219	0	0
#SusPed	390.712240	73	0
#SusPed	390.869792	0	0
#SusPed	390.881510	75	0
#SusPed	392.158854	0	0
#SusPed	392.169271	79	0
#SusPed	392.429688	0	0
#SusPed	392.437500	80	0
#SusPed	395.848958	0	0
#SusPed	395.859375	92	0
#SusPed	395.979167	0	0
#SusPed	395.993490	79	0
#SusPed	398.539062	0	0
#SusPed	398.544271	70	0
#SusPed	398.628906	0	0
#SusPed	398.643229	86	0
#SusPed	404.559896	0	0
#SusPed	404.574219	72	0
#SusPed	404.679688	0	0
#SusPed	404.688802	77	0
#SusPed	410.688802	0	0
#SusPed	411.794271	82	0
#SusPed	411.938802	0	0
#SusPed	411.953125	81	0
#SofPed	412.255208	98	0
#SofPed	412.699219	0	0
#SofPed	412.712240	96	0
#SofPed	413.000000	0	0
#SofPed	413.013021	90	0
#SofPed	413.489583	0	0
#SofPed	413.498698	60	0
#SofPed	413.549479	0	0
#SofPed	413.554688	48	0
#SofPed	414.239583	0	0
#SofPed	414.246094	68	0
#SofPed	414.378906	0	0
#SofPed	414.393229	67	0
#SofPed	414.509115	0	0
#SofPed	414.515625	74	0
#SofPed	414.579427	0	0
#SofPed	414.592448	70	0
#SofPed	414.699219	0	0
#SofPed	414.713542	75	0
#SofPed	414.819010	0	0
#SofPed	414.830729	76	0
#SofPed	414.968750	0	0
#SofPed	414.980469	75	0
#SofPed	417.500000	0	0
#SusPed	417.878906	0	0
#SusPed	417.884115	65	0
#SusPed	418.029948	0	0
#SusPed	418.042969	96	0
#SusPed	418.549479	0	0
#SusPed	418.555990	80	0
#SusPed	418.649740	0	0
#SusPed	418.661458	88	0
#SusPed	419.269531	0	0
#SusPed	419.282552	86	0
#SusPed	419.839844	0	0
#SusPed	419.854167	83	0
#SusPed	420.019531	0	0
#SusPed	420.032552	91	0
#SusPed	424.438802	0	0
#SusPed	424.446615	96	0
#SusPed	424.699219	0	0
#SusPed	424.713542	91	0
#SusPed	428.718750	0	0
#SusPed	428.734375	80	0
#SusPed	428.839844	0	0
#SusPed	428.845052	96	0
#SusPed	434.848958	0	0
#SusPed	435.460938	68	0
#SusPed	441.459635	0	0
