//Version: PianoRoll_v170101
0	0.854167	3.718750	G4	54	80	0
1	0.877604	1.968750	B3	40	80	0
2	1.533854	2.449219	D4	38	80	0
3	2.044271	5.119792	G2	38	80	0
4	2.046875	2.959635	B3	37	80	0
5	2.557292	4.139323	D4	41	80	0
6	3.076823	4.628906	B3	36	80	0
7	3.121094	5.339844	C2	34	80	0
8	3.123698	3.128906	C3	36	80	0
9	3.615885	4.259115	A4	55	80	0
10	3.636719	4.399740	E4	46	80	0
11	4.128906	4.899740	E3	36	80	0
12	4.183594	4.929688	F#4	61	80	0
13	4.665365	6.239583	E4	66	80	0
14	5.125000	6.658854	D2	35	80	0
15	5.212240	7.628906	D4	62	80	0
16	5.242188	5.949219	F#3	40	80	0
17	5.774740	6.459635	B3	46	80	0
18	5.779948	6.649740	A3	41	80	0
19	6.251302	7.389323	E4	70	80	0
20	6.264323	6.968750	B2	35	80	0
21	6.308594	6.989583	F#3	33	80	0
22	6.744792	7.250000	F#4	73	80	0
23	6.763021	7.169271	B3	44	80	0
24	7.154948	8.459635	E2	33	80	0
25	7.264323	8.039062	F#4	49	80	0
26	7.274740	8.109375	G3	48	80	0
27	7.298177	7.500000	B3	37	80	0
28	7.782552	8.229167	E4	68	80	0
29	7.804688	8.309896	B3	42	80	0
30	8.281250	8.739583	D3	29	80	0
31	8.332031	9.699219	E4	51	80	0
32	8.355469	9.069010	G3	33	80	0
33	8.902344	9.479167	B3	39	80	0
34	9.496094	12.098958	B4	67	80	0
35	9.535156	10.628906	C4	43	80	0
36	10.144531	10.848958	E4	46	80	0
37	10.635417	11.419271	C4	36	80	0
38	10.636719	11.509115	G3	39	80	0
39	11.162760	11.899740	E4	36	80	0
40	11.682292	12.500000	C4	38	80	0
41	11.713542	13.829427	A2	34	80	0
42	12.251302	13.000000	C5	63	80	0
43	12.285156	12.859375	E4	44	80	0
44	12.712240	14.139323	G3	36	80	0
45	12.774740	13.529948	A4	62	80	0
46	12.805990	13.519531	C4	39	80	0
47	13.248698	13.889323	G4	70	80	0
48	13.266927	14.869792	E4	52	80	0
49	13.766927	15.819010	D3	33	80	0
50	13.794271	16.250000	F#4	63	80	0
51	13.812500	14.819010	C4	41	80	0
52	14.384115	15.069010	D4	43	80	0
53	14.821615	15.878906	G4	61	80	0
54	14.826823	15.979167	C4	42	80	0
55	15.441406	16.589844	A4	58	80	0
56	15.480469	15.968750	D4	45	80	0
57	15.980469	16.649740	B3	37	80	0
58	15.983073	16.279948	D4	34	80	0
59	16.018229	18.989583	G2	33	80	0
60	16.492188	17.079427	B4	66	80	0
61	16.526042	17.009115	D4	42	80	0
62	16.962240	20.718750	F#3	49	80	0
63	16.976562	17.699219	G4	66	80	0
64	17.018229	17.250000	D4	35	80	0
65	17.020833	17.569010	B3	39	80	0
66	17.462240	18.109375	F#4	71	80	0
67	17.492188	17.789062	D4	50	80	0
68	17.949219	20.149740	C3	43	80	0
69	17.998698	20.699219	E4	70	80	0
70	18.022135	18.639323	B3	41	80	0
71	18.511719	19.109375	C4	46	80	0
72	18.981771	19.688802	F#4	69	80	0
73	18.996094	19.658854	B3	44	80	0
74	19.501302	20.649740	G4	66	80	0
75	19.536458	20.619792	C4	38	80	0
76	20.071615	21.848958	F#2	36	80	0
77	20.111979	20.769531	A3	32	80	0
78	20.574219	21.139323	A4	64	80	0
79	20.631510	21.289062	C4	29	80	0
80	21.104167	21.799479	F#4	62	80	0
81	21.136719	21.739583	A3	38	80	0
82	21.136719	22.019531	E3	43	80	0
83	21.631510	23.239583	E4	65	80	0
84	21.658854	22.269531	C4	42	80	0
85	22.233073	24.679688	F#4	52	80	0
86	22.242188	24.829427	F#3	48	80	0
87	22.278646	24.949219	B2	36	80	0
88	22.815104	23.489583	B3	42	80	0
89	23.313802	24.438802	D4	47	80	0
90	23.855469	24.479167	B3	35	80	0
91	24.424479	25.509115	F#2	48	80	0
92	25.023438	25.839844	A4	74	80	0
93	25.057292	25.658854	E4	58	80	0
94	25.075521	25.419271	C4	34	80	0
95	25.544271	26.199219	F#4	72	80	0
96	25.571615	25.908854	D4	57	80	0
97	25.575521	26.069010	B3	51	80	0
98	25.578125	26.218750	G2	43	80	0
99	25.583333	25.589844	G3	48	80	0
100	26.046875	26.779948	E4	78	80	0
101	26.065104	26.819010	A2	50	80	0
102	26.067708	26.829427	F#3	55	80	0
103	26.074219	26.459635	C4	57	80	0
104	26.618490	27.609375	F#4	70	80	0
105	26.653646	27.500000	B3	48	80	0
106	26.662760	28.128906	D3	37	80	0
107	27.238281	27.968750	D4	43	80	0
108	27.903646	28.339844	B4	76	80	0
109	29.135417	30.628906	B1	33	80	0
110	30.493490	31.019531	B4	59	80	0
111	31.333333	31.589844	C4	39	80	0
112	31.334635	31.718750	B3	40	80	0
113	31.483073	32.119792	E4	49	80	0
114	31.587240	33.149740	G4	38	80	0
115	31.703125	35.000000	B4	57	80	0
116	31.850260	33.158854	E5	55	80	0
117	32.213542	32.709635	A1	42	80	0
118	32.979167	33.789062	E4	48	80	0
119	33.505208	34.889323	B3	44	80	0
120	33.509115	34.769531	G4	38	80	0
121	34.026042	35.049479	E4	46	80	0
122	34.550781	35.389323	C4	39	80	0
123	35.033854	36.149740	A4	68	80	0
124	35.055990	36.000000	E4	52	80	0
125	35.062500	36.218750	A3	44	80	0
126	35.696615	36.339844	D5	74	80	0
127	35.735677	36.639323	G4	50	80	0
128	35.740885	36.479167	D4	39	80	0
129	36.229167	36.658854	B4	75	80	0
130	36.264323	37.049479	E4	50	80	0
131	36.266927	36.688802	B3	45	80	0
132	36.821615	37.500000	B4	77	80	0
133	36.846354	37.128906	B3	53	80	0
134	36.854167	40.919271	C4	51	80	0
135	37.412760	39.098958	A2	41	80	0
136	37.415365	38.468750	D2	42	80	0
137	37.417969	38.319010	E4	53	80	0
138	37.423177	37.938802	F#3	45	80	0
139	37.915365	39.039062	A4	72	80	0
140	37.986979	39.579427	F#3	31	80	0
141	38.473958	39.500000	E4	59	80	0
142	38.944010	40.179688	G4	66	80	0
143	38.971354	40.199219	B3	42	80	0
144	39.511719	40.468750	E4	41	80	0
145	39.976562	41.389323	A4	54	80	0
146	40.002604	41.359375	A3	43	80	0
147	40.563802	40.829427	E4	41	80	0
148	41.144531	42.279948	E4	55	80	0
149	41.153646	42.799479	G3	35	80	0
150	41.759115	42.579427	B3	49	80	0
151	42.283854	43.209635	E4	45	80	0
152	42.830729	44.188802	B4	45	80	0
153	43.410156	44.269531	E4	46	80	0
154	43.421875	43.699219	E3	36	80	0
155	43.425781	43.750000	E2	29	80	0
156	44.016927	45.289062	D5	57	80	0
157	44.022135	44.459635	C5	54	80	0
158	44.032552	44.779948	D4	55	80	0
159	44.057292	44.639323	D2	32	80	0
160	44.645833	45.449219	G4	54	80	0
161	44.653646	45.009115	G3	54	80	0
162	44.653646	45.459635	G2	48	80	0
163	45.303385	46.459635	F#4	47	80	0
164	45.304688	46.339844	D5	54	80	0
165	45.313802	46.259115	C5	47	80	0
166	45.315104	46.259115	F#3	45	80	0
167	45.324219	46.459635	F#2	43	80	0
168	46.263021	46.929688	E5	50	80	0
169	46.265625	47.319010	E4	42	80	0
170	46.269531	47.500000	B4	47	80	0
171	46.287760	48.649740	E3	33	80	0
172	46.294271	48.609375	E2	29	80	0
173	47.256510	47.699219	B3	73	80	0
174	47.851562	48.559896	B4	77	80	0
175	47.858073	48.539062	D4	77	80	0
176	47.863281	48.579427	B3	65	80	0
177	48.481771	48.869792	E4	91	80	0
178	49.114583	51.199219	F#4	82	80	0
179	49.144531	50.819010	D4	66	80	0
180	49.154948	50.250000	G#3	63	80	0
181	49.154948	50.579427	B2	58	80	0
182	49.164062	50.769531	E2	60	80	0
183	49.170573	49.179688	E1	61	80	0
184	50.722656	51.938802	E4	85	80	0
185	50.738281	51.500000	C4	64	80	0
186	50.746094	52.128906	F#3	58	80	0
187	50.760417	52.429688	A2	54	80	0
188	50.760417	52.438802	D2	52	80	0
189	51.365885	52.009115	B3	75	80	0
190	51.761719	52.348958	A3	87	80	0
191	52.001302	56.098958	B1	46	80	0
192	52.352865	54.158854	B3	80	80	0
193	52.372396	54.269531	F#3	64	80	0
194	52.393229	55.949219	F#2	56	80	0
195	52.399740	52.500000	F#1	58	80	0
196	54.833333	55.250000	B3	42	80	0
197	54.861979	55.759115	F#3	33	80	0
198	55.330729	55.649740	D4	49	80	0
199	55.333333	56.039062	B3	43	80	0
200	55.820312	56.500000	F#4	41	80	0
201	55.829427	56.399740	D4	36	80	0
202	56.423177	56.658854	B4	46	80	0
203	57.029948	58.539062	B1	31	80	0
204	57.174479	58.059896	F#5	62	80	0
205	57.195312	57.819010	B4	41	80	0
206	57.200521	57.799479	D5	40	80	0
207	57.200521	57.598958	A4	39	80	0
208	57.811198	58.029948	D5	38	80	0
209	57.824219	57.912760	A4	33	80	0
210	57.826823	58.049479	B4	37	80	0
211	58.283854	59.609375	G5	65	80	0
212	58.313802	58.729167	B4	43	80	0
213	58.313802	58.459635	G4	35	80	0
214	58.315104	58.329427	G3	35	80	0
215	58.316406	58.598958	D5	43	80	0
216	58.794271	59.079427	D5	38	80	0
217	58.802083	59.109375	B4	44	80	0
218	58.805990	58.829427	G3	32	80	0
219	58.808594	59.000000	G4	31	80	0
220	59.281250	59.569010	D5	43	80	0
221	59.282552	59.979167	B2	41	80	0
222	59.283854	60.938802	B1	36	80	0
223	59.285156	59.589844	B4	43	80	0
224	59.294271	59.459635	G4	33	80	0
225	59.770833	60.218750	F#5	64	80	0
226	59.802083	60.109375	D5	45	80	0
227	59.804688	60.089844	B4	42	80	0
228	59.809896	60.019531	A4	38	80	0
229	60.299479	60.619792	G5	69	80	0
230	60.334635	60.529948	G4	41	80	0
231	60.334635	60.579427	D5	50	80	0
232	60.346354	60.494792	B4	44	80	0
233	60.764323	61.029948	A5	78	80	0
234	60.815104	61.049479	B4	48	80	0
235	60.816406	60.938802	F#3	38	80	0
236	60.817708	61.009115	D5	53	80	0
237	60.826823	61.039062	F#4	41	80	0
238	61.274740	62.229167	D5	71	80	0
239	61.316406	61.679688	B4	46	80	0
240	61.321615	61.639323	E4	50	80	0
241	61.326823	61.639323	G4	43	80	0
242	61.393229	61.628906	B2	28	80	0
243	61.824219	62.079427	B4	50	80	0
244	61.845052	62.039062	E4	40	80	0
245	61.847656	61.973958	G4	41	80	0
246	62.303385	64.000000	C#5	59	80	0
247	62.313802	62.799479	B4	52	80	0
248	62.334635	62.503906	E4	41	80	0
249	62.334635	62.549479	G4	39	80	0
250	62.348958	62.500000	B3	37	80	0
251	62.796875	62.945312	E4	36	80	0
252	62.804688	63.079427	B4	39	80	0
253	62.804688	62.979167	G4	32	80	0
254	62.820312	62.829427	G3	31	80	0
255	63.276042	63.433594	E4	39	80	0
256	63.277344	63.509115	B4	40	80	0
257	63.283854	63.425781	G4	33	80	0
258	63.725260	64.139323	E4	53	80	0
259	63.738281	64.218750	B4	42	80	0
260	63.748698	63.968750	G4	34	80	0
261	64.194010	64.479167	B3	52	80	0
262	64.225260	64.688802	B4	37	80	0
263	64.235677	64.429688	G4	27	80	0
264	64.697917	64.949219	E4	52	80	0
265	64.700521	65.139323	B4	47	80	0
266	64.707031	64.949219	G4	40	80	0
267	65.264323	67.059896	D5	63	80	0
268	65.294271	66.009115	F#4	47	80	0
269	65.303385	65.688802	G4	46	80	0
270	65.355469	65.889323	B2	36	80	0
271	65.359375	66.839844	B1	35	80	0
272	65.973958	66.529948	B4	42	80	0
273	65.986979	66.273438	G4	32	80	0
274	66.513021	67.688802	E5	66	80	0
275	66.541667	67.059896	B4	43	80	0
276	66.545573	66.869792	G4	34	80	0
277	66.550781	67.059896	E4	34	80	0
278	67.065104	67.419271	G4	34	80	0
279	67.065104	67.729167	B4	41	80	0
280	67.065104	67.399740	E4	32	80	0
281	67.541667	67.699219	G4	37	80	0
282	67.545573	67.750000	B2	43	80	0
283	67.548177	67.769531	E4	36	80	0
284	67.553385	67.789062	B1	41	80	0
285	68.022135	68.500000	D5	60	80	0
286	68.053385	68.408854	B4	47	80	0
287	68.059896	68.319010	F#4	39	80	0
288	68.066406	68.289062	G4	36	80	0
289	68.503906	68.908854	E5	74	80	0
290	68.523438	68.819010	E4	43	80	0
291	68.554688	68.859375	B4	47	80	0
292	68.561198	68.799479	G4	39	80	0
293	68.964844	69.188802	D4	48	80	0
294	69.016927	69.179688	F#5	67	80	0
295	69.035156	69.209635	B4	42	80	0
296	69.048177	69.188802	G4	43	80	0
297	69.540365	70.688802	B4	61	80	0
298	69.584635	69.899740	G4	35	80	0
299	69.584635	69.598958	G3	32	80	0
300	69.588542	69.885417	E4	41	80	0
301	69.592448	69.882812	C#4	40	80	0
302	69.680990	71.819010	B2	30	80	0
303	70.092448	70.269531	G4	37	80	0
304	70.095052	70.289062	E4	42	80	0
305	70.096354	70.242188	C#4	38	80	0
306	70.553385	71.479167	A4	52	80	0
307	70.585938	70.855469	C#4	41	80	0
308	70.588542	70.869792	G4	35	80	0
309	70.595052	70.919271	E4	42	80	0
310	71.115885	71.718750	G4	37	80	0
311	71.118490	71.859375	E4	39	80	0
312	71.119792	71.330729	C#4	40	80	0
313	71.622396	72.158854	F#4	45	80	0
314	71.632812	72.359375	C#4	44	80	0
315	71.639323	71.893229	D4	44	80	0
316	72.169271	72.658854	F#4	33	80	0
317	72.173177	72.356771	D4	39	80	0
318	72.665365	73.649740	F#4	29	80	0
319	72.665365	73.029948	C#4	35	80	0
320	72.666667	72.839844	D4	34	80	0
321	72.666667	73.519531	A4	32	80	0
322	73.227865	73.639323	D4	33	80	0
323	73.231771	73.549479	C#4	33	80	0
324	73.877604	75.149740	A4	63	80	0
325	73.906250	74.389323	C#4	40	80	0
326	73.933594	74.329427	D4	38	80	0
327	73.977865	75.979167	A1	34	80	0
328	73.977865	75.949219	A2	28	80	0
329	74.574219	74.848958	F#4	32	80	0
330	74.574219	74.839844	C#4	37	80	0
331	74.575521	74.799479	D4	37	80	0
332	75.072917	76.759115	B4	60	80	0
333	75.102865	75.389323	D4	41	80	0
334	75.104167	75.419271	F#4	35	80	0
335	75.106771	75.419271	B3	40	80	0
336	75.604167	75.949219	D4	44	80	0
337	75.604167	76.109375	F#4	38	80	0
338	75.605469	75.959635	B3	40	80	0
339	76.114583	76.589844	D4	50	80	0
340	76.119792	76.628906	B3	40	80	0
341	76.122396	76.669271	A1	43	80	0
342	76.122396	76.438802	F#4	41	80	0
343	76.123698	77.699219	A2	39	80	0
344	76.674479	77.339844	A4	75	80	0
345	76.679688	78.169271	A1	41	80	0
346	76.707031	77.089844	C#4	49	80	0
347	76.710938	77.039062	F#4	45	80	0
348	76.714844	77.039062	D4	48	80	0
349	77.253906	77.699219	B4	79	80	0
350	77.294271	77.649740	B3	49	80	0
351	77.303385	77.569010	D4	47	80	0
352	77.304688	77.589844	F#4	51	80	0
353	77.790365	78.079427	C#5	78	80	0
354	77.815104	78.149740	F#4	60	80	0
355	77.820312	78.229167	A3	57	80	0
356	77.821615	78.199219	A2	50	80	0
357	77.821615	78.229167	D4	56	80	0
358	78.475260	79.938802	F#4	77	80	0
359	78.493490	80.039062	D4	61	80	0
360	78.496094	79.419271	G3	65	80	0
361	78.502604	79.029948	B3	60	80	0
362	78.505208	79.979167	B2	54	80	0
363	78.506510	80.739583	E2	50	80	0
364	79.774740	81.569010	E4	68	80	0
365	79.787760	81.089844	E3	47	80	0
366	79.790365	81.199219	B3	54	80	0
367	79.799479	82.069010	A2	42	80	0
368	79.802083	81.639323	G3	46	80	0
369	81.433594	82.009115	D4	72	80	0
370	81.447917	81.929688	A3	49	80	0
371	81.454427	81.899740	F#3	48	80	0
372	82.052083	82.750000	E4	82	80	0
373	82.079427	82.408854	B3	65	80	0
374	82.082031	82.399740	A1	47	80	0
375	82.083333	82.419271	G3	60	80	0
376	82.083333	84.899740	A2	54	80	0
377	82.561198	83.279948	F#4	77	80	0
378	82.585938	82.979167	G3	57	80	0
379	82.588542	83.009115	D4	55	80	0
380	82.593750	82.839844	B3	57	80	0
381	82.596354	83.619792	B2	52	80	0
382	82.610677	83.250000	E2	47	80	0
383	82.614583	82.619792	E1	48	80	0
384	83.203125	84.914062	E4	76	80	0
385	83.252604	84.895833	G3	45	80	0
386	83.253906	84.699219	B3	48	80	0
387	83.259115	84.789062	E2	41	80	0
388	84.725260	85.859375	D4	48	80	0
389	84.743490	85.779948	F#3	38	80	0
390	84.744792	85.799479	A3	41	80	0
391	84.746094	84.759115	D3	37	80	0
392	84.746094	85.709635	D2	35	80	0
393	87.123698	88.128906	B1	27	80	0
394	87.134115	87.750000	B2	26	80	0
395	87.143229	87.149740	F#3	30	80	0
396	87.171875	88.119792	F#5	47	80	0
397	87.195312	87.709635	D5	35	80	0
398	87.199219	87.619792	A4	28	80	0
399	87.203125	87.709635	B4	34	80	0
400	87.917969	88.218750	D5	37	80	0
401	87.924479	88.188802	B4	37	80	0
402	87.924479	88.149740	A4	29	80	0
403	88.462240	89.419271	G5	56	80	0
404	88.484375	88.709635	G4	29	80	0
405	88.485677	88.779948	B4	35	80	0
406	88.489583	88.500000	G3	29	80	0
407	88.490885	88.789062	D5	40	80	0
408	89.014323	89.309896	D5	38	80	0
409	89.014323	89.299479	B4	37	80	0
410	89.019531	89.250000	G4	26	80	0
411	89.515625	89.769531	D5	40	80	0
412	89.524740	89.769531	B4	35	80	0
413	89.527344	89.729167	G4	30	80	0
414	89.990885	90.378906	F#5	58	80	0
415	90.019531	90.269531	A4	35	80	0
416	90.031250	90.289062	B4	41	80	0
417	90.031250	90.319010	D5	38	80	0
418	90.494792	90.809896	G5	62	80	0
419	90.513021	90.519531	G3	36	80	0
420	90.524740	90.718750	G4	40	80	0
421	90.532552	90.799479	D5	41	80	0
422	90.542969	90.779948	B4	38	80	0
423	91.044271	91.299479	A5	67	80	0
424	91.085938	91.289062	F#3	34	80	0
425	91.085938	91.309896	D5	41	80	0
426	91.089844	91.369792	B4	41	80	0
427	91.712240	92.908854	D5	52	80	0
428	91.760417	92.449219	E4	36	80	0
429	91.764323	92.250000	G4	32	80	0
430	91.813802	93.139323	E2	31	80	0
431	92.451823	92.718750	B4	48	80	0
432	92.463542	92.750000	E4	32	80	0
433	92.468750	92.649740	G4	30	80	0
434	92.944010	93.279948	B4	48	80	0
435	92.946615	94.158854	C#5	51	80	0
436	92.973958	93.169271	G4	32	80	0
437	92.975260	93.188802	E4	30	80	0
438	93.424479	93.679688	E4	31	80	0
439	93.424479	93.759115	B4	39	80	0
440	93.428385	93.639323	G4	32	80	0
441	93.440104	93.718750	B3	32	80	0
442	93.444010	93.449219	G3	31	80	0
443	93.915365	94.188802	B4	43	80	0
444	93.915365	94.131510	E4	42	80	0
445	93.915365	94.139323	G4	37	80	0
446	93.921875	94.149740	B3	33	80	0
447	94.384115	95.069010	E4	51	80	0
448	94.393229	94.750000	B4	46	80	0
449	94.402344	94.569010	G4	35	80	0
450	94.414062	94.598958	B3	32	80	0
451	94.851562	95.319010	B3	56	80	0
452	94.861979	95.339844	B4	48	80	0
453	94.875000	95.128906	G4	36	80	0
454	95.348958	95.688802	B4	49	80	0
455	95.351562	95.649740	E4	57	80	0
456	95.373698	95.559896	G4	39	80	0
457	95.378906	95.569010	B3	32	80	0
458	95.884115	96.908854	D5	65	80	0
459	95.908854	96.359375	F#4	44	80	0
460	95.925781	96.559896	B4	40	80	0
461	95.936198	96.369792	G4	41	80	0
462	95.976562	96.809896	A3	30	80	0
463	95.979167	96.389323	A2	33	80	0
464	96.539062	96.779948	F#4	28	80	0
465	96.553385	96.809896	G4	31	80	0
466	96.571615	96.859375	B4	33	80	0
467	97.053385	98.000000	E5	58	80	0
468	97.062500	97.319010	B4	41	80	0
469	97.065104	97.229167	G3	33	80	0
470	97.072917	97.289062	G4	34	80	0
471	97.075521	97.378906	E4	39	80	0
472	97.589844	97.829427	B4	41	80	0
473	97.592448	97.839844	E4	29	80	0
474	97.592448	97.789062	G4	29	80	0
475	98.065104	98.369792	B4	37	80	0
476	98.067708	98.289062	G4	30	80	0
477	98.070312	98.489583	E4	31	80	0
478	98.514323	98.919271	D5	61	80	0
479	98.522135	98.529948	F#4	36	80	0
480	98.546875	98.809896	B4	37	80	0
481	98.553385	98.799479	G4	33	80	0
482	98.994792	99.329427	E5	69	80	0
483	99.032552	99.255208	E4	36	80	0
484	99.035156	99.263021	B4	42	80	0
485	99.045573	99.252604	G4	34	80	0
486	99.045573	99.059896	G3	31	80	0
487	99.463542	99.779948	F#5	68	80	0
488	99.477865	99.759115	B4	49	80	0
489	99.501302	99.789062	D4	45	80	0
490	99.503906	99.701823	G4	39	80	0
491	99.503906	99.519531	G3	33	80	0
492	99.960938	100.679688	B4	67	80	0
493	100.011719	100.250000	G4	39	80	0
494	100.011719	100.269531	E4	42	80	0
495	100.013021	100.229167	C#4	39	80	0
496	100.463542	100.729167	G4	31	80	0
497	100.475260	100.729167	C#4	39	80	0
498	100.481771	100.759115	E4	40	80	0
499	100.886719	103.729167	A1	28	80	0
500	100.911458	103.289062	A2	27	80	0
501	100.955729	101.779948	A4	51	80	0
502	100.997396	101.259115	G4	37	80	0
503	101.003906	101.329427	E4	43	80	0
504	101.003906	101.299479	C#4	39	80	0
505	101.479167	102.319010	G4	34	80	0
506	101.502604	102.139323	C#4	32	80	0
507	101.505208	102.989583	E4	32	80	0
508	101.927083	103.348958	D2	23	80	0
509	102.011719	102.369792	F#4	48	80	0
510	102.037760	102.329427	D4	40	80	0
511	102.518229	102.979167	C#4	42	80	0
512	102.523438	102.809896	F#4	27	80	0
513	102.544271	102.769531	D4	46	80	0
514	102.544271	102.839844	A3	26	80	0
515	103.013021	103.218750	D4	36	80	0
516	103.013021	103.399740	F#4	29	80	0
517	103.464844	103.789062	F#4	22	80	0
518	103.466146	103.799479	D4	29	80	0
519	104.016927	105.009115	A4	67	80	0
520	104.026042	105.449219	G2	34	80	0
521	104.035156	106.079427	G1	35	80	0
522	104.057292	104.529948	F#4	39	80	0
523	104.057292	104.438802	C#4	44	80	0
524	104.062500	104.479167	D4	45	80	0
525	104.691406	105.019531	F#4	38	80	0
526	104.692708	104.964844	C#4	46	80	0
527	104.692708	104.908854	F#3	42	80	0
528	104.694010	104.959635	D4	45	80	0
529	105.165365	106.679688	B4	71	80	0
530	105.201823	105.509115	F#4	39	80	0
531	105.204427	105.509115	D4	52	80	0
532	105.204427	105.569010	F#3	40	80	0
533	105.207031	105.509115	B3	46	80	0
534	105.674479	105.932292	D4	39	80	0
535	105.677083	105.923177	B3	40	80	0
536	105.678385	105.968750	F#4	37	80	0
537	106.135417	106.468750	F#4	38	80	0
538	106.136719	106.459635	D4	39	80	0
539	106.143229	106.549479	B3	40	80	0
540	106.614583	106.979167	A4	74	80	0
541	106.635417	106.899740	F#4	53	80	0
542	106.636719	106.899740	C#4	60	80	0
543	106.648438	106.859375	D4	56	80	0
544	107.018229	108.199219	B1	39	80	0
545	107.036458	107.739583	B2	44	80	0
546	107.113281	107.500000	B4	84	80	0
547	107.139323	107.509115	F#4	62	80	0
548	107.139323	107.468750	B3	62	80	0
549	107.140625	107.500000	D4	57	80	0
550	107.141927	107.149740	A3	58	80	0
551	107.141927	107.419271	A4	72	80	0
552	107.714844	107.929688	C#5	81	80	0
553	107.733073	108.049479	F#4	70	80	0
554	107.734375	108.049479	D4	62	80	0
555	107.734375	108.000000	A2	49	80	0
556	107.735677	108.049479	A3	56	80	0
557	107.740885	108.039062	F#3	57	80	0
558	108.272135	109.649740	F#4	77	80	0
559	108.294271	109.209635	D4	64	80	0
560	108.296875	109.149740	G#3	57	80	0
561	108.299479	109.109375	C#4	65	80	0
562	108.303385	109.169271	B2	53	80	0
563	108.305990	109.619792	E2	49	80	0
564	109.544271	110.848958	E4	75	80	0
565	109.569010	110.839844	C#4	56	80	0
566	109.569010	110.908854	A2	44	80	0
567	109.574219	110.759115	A1	46	80	0
568	109.583333	110.919271	G3	48	80	0
569	111.044271	111.500000	D4	73	80	0
570	111.070312	111.489583	F#3	44	80	0
571	111.071615	111.529948	B3	53	80	0
572	111.075521	111.449219	A3	43	80	0
573	111.076823	111.419271	D3	45	80	0
574	111.078125	111.609375	A2	39	80	0
575	111.596354	112.000000	E4	86	80	0
576	111.623698	112.500000	A2	54	80	0
577	111.625000	111.869792	C#4	62	80	0
578	111.626302	111.938802	G3	63	80	0
579	111.628906	112.500000	A1	51	80	0
580	112.065104	112.649740	F#4	77	80	0
581	112.074219	112.389323	D4	68	80	0
582	112.082031	112.408854	G#3	69	80	0
583	112.084635	112.699219	E2	53	80	0
584	112.084635	112.279948	E1	54	80	0
585	112.085938	112.729167	B2	59	80	0
586	112.584635	114.658854	E4	78	80	0
587	112.613281	113.509115	B3	54	80	0
588	112.617188	113.878906	G3	51	80	0
589	112.621094	113.938802	C#4	56	80	0
590	112.621094	114.658854	A2	46	80	0
591	112.623698	112.628906	A1	48	80	0
592	113.783854	114.750000	D4	51	80	0
593	113.800781	114.750000	A3	43	80	0
594	113.804688	114.729167	F#3	38	80	0
595	113.804688	113.819010	D2	40	80	0
596	113.805990	114.679688	D3	42	80	0
597	115.122396	116.188802	F#4	89	80	0
598	115.134115	116.479167	D4	74	80	0
599	115.136719	115.949219	B2	63	80	0
600	115.138021	115.979167	G#3	73	80	0
601	115.140625	116.519531	E2	61	80	0
602	116.503906	118.639323	E4	81	80	0
603	116.513021	118.399740	C4	70	80	0
604	116.518229	118.309896	F#3	68	80	0
605	116.526042	118.419271	A2	62	80	0
606	116.527344	118.529948	D2	62	80	0
607	118.246094	118.848958	D4	76	80	0
608	118.265625	118.658854	E3	52	80	0
609	118.268229	118.658854	Bb3	59	80	0
610	118.273438	118.839844	G2	54	80	0
611	118.277344	118.289062	G1	49	80	0
612	118.886719	119.329427	E4	84	80	0
613	118.895833	119.279948	C4	72	80	0
614	118.911458	119.848958	F#3	67	80	0
615	118.927083	119.339844	D2	59	80	0
616	118.932292	119.359375	A2	59	80	0
617	119.425781	119.959635	F#4	76	80	0
618	119.444010	119.929688	G#3	66	80	0
619	119.447917	119.959635	D4	63	80	0
620	119.451823	119.929688	B2	57	80	0
621	119.457031	119.809896	E2	53	80	0
622	119.460938	119.509115	E1	56	80	0
623	119.967448	119.979167	A2	40	80	0
624	119.970052	120.098958	D2	41	80	0
625	120.078125	122.908854	E4	70	80	0
626	120.106771	121.639323	B3	44	80	0
627	120.109375	120.519531	D2	43	80	0
628	120.113281	121.009115	G3	45	80	0
629	120.873698	121.619792	G#3	48	80	0
630	120.876302	121.579427	F#3	47	80	0
631	122.143229	123.438802	D4	43	80	0
632	122.144531	123.218750	A3	35	80	0
633	122.151042	123.519531	C4	41	80	0
634	122.153646	123.229167	D3	36	80	0
635	122.156250	123.479167	D2	35	80	0
636	122.158854	123.359375	F#3	32	80	0
637	122.161458	123.259115	A2	33	80	0
638	124.289062	125.039062	G2	37	80	0
639	124.364583	124.819010	D3	20	80	0
640	124.472656	124.829427	B3	39	80	0
641	124.554688	124.839844	D4	37	80	0
642	124.692708	125.188802	B4	50	80	0
643	125.035156	126.369792	G5	63	80	0
644	125.756510	126.438802	D5	42	80	0
645	126.263021	127.019531	B4	47	80	0
646	126.296875	126.579427	D4	38	80	0
647	126.300781	126.489583	B3	38	80	0
648	126.304688	126.959635	G4	34	80	0
649	126.308594	126.539062	G3	34	80	0
650	126.794271	127.289062	D5	51	80	0
651	127.045573	127.269531	C2	35	80	0
652	127.139323	127.419271	G2	38	80	0
653	127.272135	128.000000	B4	52	80	0
654	127.292969	127.789062	E4	40	80	0
655	127.322917	127.929688	E3	40	80	0
656	127.832031	128.229167	A5	64	80	0
657	127.860677	128.119792	E5	46	80	0
658	128.235677	128.529948	B3	32	80	0
659	128.283854	128.949219	G4	39	80	0
660	128.335938	129.009115	F#5	69	80	0
661	128.378906	129.869792	B4	46	80	0
662	128.382812	128.669271	E4	37	80	0
663	128.796875	129.519531	E5	80	80	0
664	129.003906	129.087240	D2	38	80	0
665	129.102865	129.339844	B2	45	80	0
666	129.312500	130.539062	D5	73	80	0
667	129.352865	129.619792	B2	40	80	0
668	129.365885	130.019531	F#4	46	80	0
669	129.369792	129.688802	B3	40	80	0
670	129.375000	129.729167	F#3	46	80	0
671	129.937500	130.739583	B4	52	80	0
672	130.312500	130.649740	B3	44	80	0
673	130.342448	130.779948	F#4	40	80	0
674	130.394531	131.000000	E5	77	80	0
675	130.835938	131.149740	F#5	73	80	0
676	130.882812	131.149740	B4	50	80	0
677	131.078125	131.218750	E2	38	80	0
678	131.166667	131.649740	B2	39	80	0
679	131.335938	131.968750	F#5	61	80	0
680	131.363281	131.908854	B4	53	80	0
681	131.395833	132.059896	E4	46	80	0
682	131.404948	131.848958	G3	42	80	0
683	131.882812	132.209635	E5	68	80	0
684	131.921875	132.658854	B4	37	80	0
685	132.402344	133.079427	E5	54	80	0
686	132.428385	132.889323	E4	40	80	0
687	132.434896	132.779948	G4	33	80	0
688	132.437500	132.750000	B3	37	80	0
689	132.444010	132.769531	G3	32	80	0
690	132.964844	133.149740	B4	49	80	0
691	133.260417	133.968750	C3	33	80	0
692	133.350260	134.869792	G3	44	80	0
693	133.625000	135.429688	B5	75	80	0
694	133.657552	134.329427	B4	53	80	0
695	133.658854	134.069010	C5	52	80	0
696	133.751302	134.299479	E4	39	80	0
697	134.204427	134.859375	E5	50	80	0
698	134.675781	135.299479	C5	50	80	0
699	134.694010	135.239583	B4	48	80	0
700	134.704427	134.959635	E4	30	80	0
701	135.173177	135.789062	E5	49	80	0
702	135.389323	135.639323	A2	37	80	0
703	135.511719	135.848958	E3	35	80	0
704	135.691406	135.959635	C5	38	80	0
705	135.694010	135.899740	B4	38	80	0
706	135.811198	136.149740	C4	47	80	0
707	136.304688	136.878906	C6	65	80	0
708	136.335938	136.829427	E5	44	80	0
709	136.708333	137.039062	E4	36	80	0
710	136.744792	137.279948	C5	38	80	0
711	136.842448	137.429688	A5	73	80	0
712	136.878906	137.378906	A4	49	80	0
713	136.881510	137.169271	G4	47	80	0
714	137.287760	137.509115	G5	70	80	0
715	137.326823	137.549479	E5	54	80	0
716	137.552083	138.169271	B2	42	80	0
717	137.671875	138.500000	F#3	41	80	0
718	137.774740	138.628906	F#5	65	80	0
719	137.804688	138.408854	F#4	47	80	0
720	137.834635	138.199219	D5	41	80	0
721	137.843750	138.399740	D4	40	80	0
722	138.300781	138.569010	B4	49	80	0
723	138.304688	138.669271	D5	48	80	0
724	138.729167	139.079427	D4	41	80	0
725	138.742188	138.750000	G3	34	80	0
726	138.786458	139.399740	G5	69	80	0
727	138.826823	139.109375	G4	45	80	0
728	139.373698	139.859375	A5	76	80	0
729	139.388021	139.919271	D5	61	80	0
730	139.397135	139.669271	A4	48	80	0
731	139.643229	139.809896	G2	47	80	0
732	139.747396	140.059896	D3	33	80	0
733	139.873698	140.079427	B4	49	80	0
734	139.893229	140.158854	F#4	38	80	0
735	139.932292	140.119792	B3	38	80	0
736	140.166667	140.179688	G3	25	80	0
737	140.360677	140.598958	B5	76	80	0
738	140.404948	140.649740	D5	45	80	0
739	140.908854	141.209635	D4	42	80	0
740	140.915365	140.929688	G3	41	80	0
741	140.923177	141.438802	G5	74	80	0
742	140.925781	141.309896	B4	50	80	0
743	140.962240	141.250000	G4	49	80	0
744	141.381510	141.609375	F#5	69	80	0
745	141.415365	141.609375	D5	55	80	0
746	141.613281	142.459635	A2	40	80	0
747	141.726562	142.188802	E3	35	80	0
748	141.891927	142.739583	E5	71	80	0
749	141.925781	142.559896	B4	53	80	0
750	141.928385	142.049479	E4	39	80	0
751	141.985677	142.500000	F#4	36	80	0
752	142.010417	142.348958	C4	36	80	0
753	142.061198	142.369792	E4	35	80	0
754	142.493490	143.299479	C5	55	80	0
755	142.835938	143.039062	E4	37	80	0
756	142.843750	143.149740	A4	40	80	0
757	142.843750	143.158854	C4	35	80	0
758	142.958333	143.559896	F#5	66	80	0
759	142.989583	143.359375	F#4	45	80	0
760	143.582031	143.929688	G5	65	80	0
761	143.630208	143.848958	G4	36	80	0
762	143.635417	143.878906	C5	37	80	0
763	143.881510	144.059896	F#2	43	80	0
764	144.003906	144.359375	C3	34	80	0
765	144.093750	144.378906	A4	44	80	0
766	144.118490	144.289062	E4	45	80	0
767	144.156250	144.750000	A3	38	80	0
768	144.580729	144.889323	A5	69	80	0
769	144.617188	144.959635	C5	46	80	0
770	144.886719	145.059896	E4	44	80	0
771	144.994792	145.598958	A4	44	80	0
772	145.050781	145.569010	F#5	74	80	0
773	145.088542	145.609375	F#4	49	80	0
774	145.492188	146.098958	E5	77	80	0
775	145.546875	145.718750	C5	40	80	0
776	145.733073	146.438802	B2	38	80	0
777	145.792969	147.589844	F#3	35	80	0
778	145.973958	146.709635	F#5	67	80	0
779	146.014323	146.699219	B4	44	80	0
780	146.018229	146.539062	F#4	34	80	0
781	146.061198	146.329427	D5	43	80	0
782	146.075521	146.649740	D4	39	80	0
783	146.524740	147.098958	D5	63	80	0
784	147.035156	147.779948	B4	53	80	0
785	147.046875	147.500000	D4	39	80	0
786	147.061198	147.529948	F#4	35	80	0
787	147.084635	147.500000	B3	29	80	0
788	147.555990	148.299479	D5	63	80	0
789	148.057292	149.539062	F#2	43	80	0
790	148.063802	148.649740	F#3	45	80	0
791	148.085938	148.869792	C5	58	80	0
792	148.125000	148.569010	A4	42	80	0
793	148.131510	148.589844	E4	43	80	0
794	148.744792	149.438802	A4	77	80	0
795	148.774740	149.619792	F#3	44	80	0
796	148.790365	149.119792	C4	44	80	0
797	148.792969	149.169271	E4	54	80	0
798	149.291667	149.908854	F#4	73	80	0
799	149.316406	150.000000	B2	44	80	0
800	149.317708	149.709635	D4	57	80	0
801	149.319010	149.569010	B3	52	80	0
802	149.795573	150.739583	E4	76	80	0
803	149.834635	150.378906	F#3	41	80	0
804	149.835938	150.468750	D3	39	80	0
805	149.839844	150.399740	C4	44	80	0
806	150.450521	152.089844	B2	38	80	0
807	150.536458	151.218750	F#4	53	80	0
808	150.561198	151.319010	B3	48	80	0
809	150.562500	151.378906	D4	50	80	0
810	150.563802	151.259115	F#3	41	80	0
811	151.803385	153.658854	B5	71	80	0
812	151.839844	153.119792	B4	49	80	0
813	153.014323	155.279948	B1	42	80	0
814	154.345052	154.658854	B5	57	80	0
815	154.377604	154.799479	B4	43	80	0
816	154.966146	155.419271	B3	63	80	0
817	155.256510	155.449219	C4	44	80	0
818	155.384115	155.569010	E4	48	80	0
819	155.483073	155.628906	B4	54	80	0
820	155.602865	155.739583	C5	56	80	0
821	155.714844	155.949219	E5	67	80	0
822	155.722656	156.509115	A2	41	80	0
823	155.723958	157.059896	E3	43	80	0
824	155.813802	156.049479	B5	73	80	0
825	155.988281	157.309896	B3	46	80	0
826	156.144531	156.959635	B4	78	80	0
827	156.755208	157.279948	C5	47	80	0
828	156.756510	157.289062	E5	47	80	0
829	157.263021	158.299479	E4	45	80	0
830	157.264323	157.989583	C4	39	80	0
831	157.805990	158.319010	E5	47	80	0
832	157.805990	158.179688	C5	41	80	0
833	158.354167	158.899740	B3	43	80	0
834	158.908854	159.750000	A5	62	80	0
835	158.930990	159.649740	A4	44	80	0
836	158.932292	159.769531	G5	50	80	0
837	158.942708	159.639323	G4	39	80	0
838	158.962240	159.419271	E5	40	80	0
839	158.964844	159.839844	E4	36	80	0
840	158.971354	159.779948	A3	34	80	0
841	159.545573	159.899740	D6	73	80	0
842	159.554688	159.908854	D5	67	80	0
843	159.563802	159.959635	D4	46	80	0
844	160.044271	160.519531	B5	79	80	0
845	160.083333	160.509115	B4	51	80	0
846	160.084635	160.500000	G3	40	80	0
847	160.088542	160.639323	E5	54	80	0
848	160.091146	160.589844	G4	44	80	0
849	160.093750	160.679688	C5	50	80	0
850	160.095052	160.789062	E4	48	80	0
851	160.096354	160.598958	B3	43	80	0
852	160.682292	160.770833	B3	42	80	0
853	160.691406	160.819010	B5	80	80	0
854	160.731771	160.859375	B4	57	80	0
855	161.294271	161.549479	A2	43	80	0
856	161.303385	161.589844	F#3	48	80	0
857	161.304688	161.539062	C4	53	80	0
858	161.309896	161.509115	E4	46	80	0
859	161.824219	162.609375	A5	77	80	0
860	161.858073	162.688802	A4	55	80	0
861	161.873698	162.399740	F#5	48	80	0
862	161.876302	162.250000	C#5	47	80	0
863	161.895833	162.459635	F#3	36	80	0
864	162.364583	163.069010	C5	45	80	0
865	162.372396	162.819010	C4	37	80	0
866	162.372396	162.789062	E4	44	80	0
867	162.842448	163.829427	G5	77	80	0
868	162.872396	163.459635	B3	49	80	0
869	162.884115	163.549479	B4	52	80	0
870	162.885417	163.509115	G4	45	80	0
871	163.376302	164.250000	C4	35	80	0
872	163.395833	164.269531	E4	41	80	0
873	163.414062	164.419271	C5	37	80	0
874	163.869792	164.718750	A3	37	80	0
875	163.951823	165.279948	A5	76	80	0
876	163.986979	165.279948	A4	50	80	0
877	164.503906	165.128906	E5	48	80	0
878	164.514323	165.079427	C4	36	80	0
879	164.514323	164.959635	E4	36	80	0
880	164.516927	165.549479	C5	39	80	0
881	165.042969	167.049479	G3	37	80	0
882	165.138021	165.572917	E5	71	80	0
883	165.166667	165.179688	E3	36	80	0
884	165.174479	165.563802	E4	43	80	0
885	165.765625	166.699219	E5	48	80	0
886	165.782552	166.449219	E4	46	80	0
887	165.783854	166.609375	B4	45	80	0
888	165.792969	166.539062	B3	38	80	0
889	166.882812	167.299479	E4	37	80	0
890	166.882812	168.059896	E5	47	80	0
891	166.884115	167.759115	B4	51	80	0
892	166.901042	167.079427	B3	38	80	0
893	167.477865	167.889323	E3	47	80	0
894	167.503906	167.869792	E2	38	80	0
895	168.071615	168.759115	D5	56	80	0
896	168.083333	168.449219	C5	50	80	0
897	168.083333	168.389323	D4	54	80	0
898	168.089844	168.688802	C3	48	80	0
899	168.092448	168.459635	D3	42	80	0
900	168.096354	168.408854	D2	39	80	0
901	168.660156	169.369792	G5	68	80	0
902	168.667969	169.089844	G3	62	80	0
903	168.671875	169.419271	G2	51	80	0
904	168.674479	169.109375	G4	60	80	0
905	169.294271	169.809896	F#5	63	80	0
906	169.304688	169.839844	D5	61	80	0
907	169.304688	169.989583	C5	56	80	0
908	169.311198	169.859375	F#4	54	80	0
909	169.316406	169.819010	F#3	50	80	0
910	169.320312	169.789062	D3	48	80	0
911	169.321615	169.699219	D4	54	80	0
912	169.324219	169.679688	C3	48	80	0
913	169.325521	169.658854	C4	47	80	0
914	170.108073	171.029948	B4	57	80	0
915	170.108073	171.039062	E5	60	80	0
916	170.111979	172.009115	E3	50	80	0
917	170.113281	171.218750	E4	58	80	0
918	170.113281	172.309896	E2	40	80	0
919	170.113281	170.769531	B2	45	80	0
920	170.777344	171.169271	B3	80	80	0
921	170.782552	172.459635	B2	51	80	0
922	171.399740	172.389323	B4	84	80	0
923	171.404948	172.289062	D4	78	80	0
924	172.106771	172.899740	E4	90	80	0
925	172.321615	173.848958	E2	70	80	0
926	172.783854	173.938802	D5	93	80	0
927	172.800781	174.218750	F#4	79	80	0
928	172.802083	173.989583	B2	69	80	0
929	172.802083	173.878906	G#3	75	80	0
930	172.803385	173.919271	G#4	82	80	0
931	172.803385	174.329427	D4	76	80	0
932	174.204427	175.619792	D2	68	80	0
933	174.286458	175.628906	A2	64	80	0
934	174.424479	175.569010	F#3	76	80	0
935	174.455729	175.158854	C5	92	80	0
936	174.466146	175.509115	C4	76	80	0
937	174.467448	175.519531	E4	80	80	0
938	175.085938	175.628906	B4	95	80	0
939	175.485677	175.839844	A4	92	80	0
940	175.591146	176.769531	G2	75	80	0
941	175.593750	175.779948	G1	69	80	0
942	175.980469	179.479167	B4	91	80	0
943	175.985677	181.459635	B3	89	80	0
944	175.985677	178.989583	F#4	85	80	0
945	175.993490	181.169271	F#3	89	80	0
946	175.996094	176.009115	B1	69	80	0
947	179.242188	181.750000	E4	88	80	0
948	179.273438	181.809896	E3	50	80	0
949	179.274740	182.500000	E2	43	80	0
950	180.970052	181.750000	D4	65	80	0
951	180.981771	182.500000	D2	37	80	0
952	182.609375	183.609375	G5	47	80	0
953	183.287760	183.750000	Bb5	54	80	0
954	183.744792	184.339844	C6	54	80	0
955	183.764323	184.319010	Bb5	50	80	0
956	183.776042	184.419271	G5	44	80	0
957	184.214844	185.059896	D6	57	80	0
958	184.656250	186.359375	F6	64	80	0
959	184.714844	185.438802	Bb5	44	80	0
960	184.714844	185.628906	G5	40	80	0
961	185.151042	185.679688	D5	39	80	0
962	185.635417	186.429688	Bb5	52	80	0
963	185.643229	187.299479	G5	41	80	0
964	186.066406	186.628906	D5	35	80	0
965	186.174479	186.809896	E6	58	80	0
966	186.716146	187.279948	D6	67	80	0
967	186.734375	187.218750	Bb5	54	80	0
968	187.144531	187.489583	C5	58	80	0
969	187.145833	187.598958	E6	63	80	0
970	187.425781	187.959635	G4	39	80	0
971	187.563802	188.009115	C6	62	80	0
972	187.575521	187.889323	Bb5	58	80	0
973	187.575521	187.859375	G5	46	80	0
974	187.761719	188.169271	C5	45	80	0
975	188.023438	188.468750	D4	35	80	0
976	188.126302	188.438802	D6	49	80	0
977	188.145833	188.509115	A5	39	80	0
978	188.149740	188.429688	F5	36	80	0
979	188.757812	189.158854	G3	51	80	0
980	189.173177	190.209635	G3	19	80	0
981	189.312500	189.799479	F4	58	80	0
982	189.341146	189.848958	A3	42	80	0
983	189.345052	189.769531	C4	44	80	0
984	189.876302	190.269531	A4	58	80	0
985	189.920573	190.179688	F4	50	80	0
986	189.924479	190.209635	C4	48	80	0
987	190.335938	190.968750	F4	71	80	0
988	190.375000	190.759115	C4	41	80	0
989	190.376302	190.545573	A3	41	80	0
990	190.744792	191.309896	D4	65	80	0
991	190.772135	190.979167	C4	53	80	0
992	190.778646	190.963542	A3	54	80	0
993	190.781250	191.019531	F3	46	80	0
994	190.792969	191.059896	G3	54	80	0
995	191.153646	191.369792	F4	66	80	0
996	191.178385	191.539062	A3	55	80	0
997	191.182292	191.295573	C4	49	80	0
998	191.444010	191.679688	A4	75	80	0
999	191.467448	191.522135	C4	52	80	0
1000	191.468750	191.619792	F4	57	80	0
1001	191.643229	191.949219	C4	60	80	0
1002	191.643229	191.848958	G3	58	80	0
1003	191.720052	192.239583	D5	85	80	0
1004	191.742188	191.968750	F4	59	80	0
1005	191.743490	191.979167	A4	67	80	0
1006	192.156250	194.739583	E5	86	80	0
1007	192.188802	193.799479	F4	55	80	0
1008	192.200521	193.649740	A4	60	80	0
1009	192.201823	193.179688	B3	51	80	0
1010	192.205729	192.489583	G3	54	80	0
1011	192.884115	193.389323	G2	41	80	0
1012	193.973958	194.225260	F4	65	80	0
1013	193.984375	194.223958	A3	47	80	0
1014	193.984375	194.299479	C4	47	80	0
1015	194.365885	194.658854	A4	73	80	0
1016	194.376302	194.604167	F4	61	80	0
1017	194.380208	194.613281	D4	71	80	0
1018	194.384115	194.598958	C4	61	80	0
1019	194.390625	194.615885	G3	58	80	0
1020	194.736979	195.389323	D5	83	80	0
1021	194.740885	195.209635	C4	73	80	0
1022	194.742188	195.239583	G3	60	80	0
1023	194.752604	195.459635	A4	79	80	0
1024	194.753906	195.179688	F4	68	80	0
1025	195.329427	196.649740	E5	89	80	0
1026	195.343750	196.000000	D3	61	80	0
1027	195.345052	196.009115	B3	64	80	0
1028	195.350260	196.819010	F4	68	80	0
1029	195.350260	196.619792	B4	71	80	0
1030	195.355469	195.709635	G3	56	80	0
1031	196.089844	196.500000	G2	51	80	0
1032	197.391927	198.579427	E5	81	80	0
1033	197.423177	198.269531	F4	54	80	0
1034	197.423177	197.429688	B4	62	80	0
1035	197.423177	197.789062	B3	48	80	0
1036	197.424479	198.169271	A4	56	80	0
1037	197.430990	197.729167	G3	45	80	0
1038	197.899740	198.619792	G3	41	80	0
1039	197.903646	198.589844	C3	42	80	0
1040	198.002604	199.309896	C5	74	80	0
1041	198.506510	199.369792	G4	54	80	0
1042	198.520833	199.598958	F4	49	80	0
1043	199.039062	199.359375	G5	49	80	0
1044	199.042969	200.089844	F5	47	80	0
1045	199.627604	200.908854	C5	51	80	0
1046	199.654948	200.799479	G4	36	80	0
1047	199.654948	200.149740	E4	35	80	0
1048	200.294271	201.949219	Eb4	37	80	0
1049	200.365885	201.039062	Eb5	54	80	0
1050	200.863281	201.429688	F5	61	80	0
1051	200.882812	201.329427	D5	44	80	0
1052	201.316406	201.649740	C5	58	80	0
1053	201.316406	203.299479	G5	64	80	0
1054	201.772135	203.239583	Bb5	68	80	0
1055	201.804688	202.419271	Bb4	48	80	0
1056	201.811198	202.309896	C5	47	80	0
1057	201.824219	202.500000	Eb5	51	80	0
1058	202.260417	202.609375	G4	52	80	0
1059	202.679688	203.419271	Eb5	52	80	0
1060	202.684896	203.209635	Bb4	52	80	0
1061	202.686198	203.289062	C5	49	80	0
1062	203.125000	203.878906	A5	69	80	0
1063	203.140625	203.500000	A4	54	80	0
1064	203.554688	204.199219	G5	72	80	0
1065	203.592448	203.938802	G4	50	80	0
1066	203.593750	204.229167	Eb5	54	80	0
1067	203.593750	204.250000	C5	48	80	0
1068	203.895833	204.225260	F4	38	80	0
1069	204.014323	205.009115	A5	71	80	0
1070	204.257812	204.679688	C4	43	80	0
1071	204.403646	205.019531	F5	67	80	0
1072	204.408854	204.779948	Eb5	61	80	0
1073	204.411458	204.919271	C5	53	80	0
1074	204.654948	205.329427	F4	42	80	0
1075	204.972656	205.549479	G5	59	80	0
1076	204.989583	205.718750	D5	50	80	0
1077	204.992188	205.519531	Bb4	40	80	0
1078	205.089844	205.378906	G3	47	80	0
1079	205.816406	207.429688	G2	42	80	0
1080	205.821615	206.569010	C2	40	80	0
1081	206.514323	206.899740	F4	47	80	0
1082	206.516927	207.309896	Bb3	48	80	0
1083	206.518229	206.919271	Bb4	53	80	0
1084	206.524740	206.878906	D4	45	80	0
1085	207.024740	207.039062	D5	62	80	0
1086	207.033854	207.369792	D4	65	80	0
1087	207.037760	207.289062	A4	57	80	0
1088	207.037760	207.378906	F4	55	80	0
1089	207.480469	207.739583	Bb4	68	80	0
1090	207.484375	207.779948	D4	61	80	0
1091	207.484375	207.968750	F4	60	80	0
1092	207.496094	207.789062	Bb3	73	80	0
1093	207.890625	207.899740	G1	53	80	0
1094	207.893229	208.239583	G2	61	80	0
1095	207.912760	208.149740	G3	73	80	0
1096	207.912760	208.069010	Bb4	62	80	0
1097	207.924479	208.209635	D4	60	80	0
1098	207.930990	208.329427	G4	65	80	0
1099	207.933594	208.182292	Bb3	65	80	0
1100	208.373698	208.658854	Bb4	65	80	0
1101	208.373698	208.536458	F4	65	80	0
1102	208.375000	208.559896	D4	58	80	0
1103	208.382812	208.799479	Bb3	65	80	0
1104	208.683594	208.878906	D5	78	80	0
1105	208.684896	208.834635	D4	82	80	0
1106	208.690104	208.878906	A4	73	80	0
1107	208.691406	208.869792	F4	72	80	0
1108	208.958333	209.269531	F4	83	80	0
1109	208.970052	209.359375	Bb3	72	80	0
1110	208.973958	209.209635	A4	76	80	0
1111	208.973958	209.229167	D5	75	80	0
1112	208.976562	209.509115	F5	81	80	0
1113	209.429688	210.759115	A5	85	80	0
1114	209.447917	210.839844	D5	72	80	0
1115	209.454427	209.859375	G3	62	80	0
1116	209.454427	210.609375	E4	71	80	0
1117	209.455729	210.899740	Bb4	69	80	0
1118	210.222656	210.809896	G2	57	80	0
1119	210.233073	210.769531	C2	50	80	0
1120	211.391927	211.809896	Bb4	74	80	0
1121	211.402344	211.779948	F4	61	80	0
1122	211.403646	211.713542	Bb3	61	80	0
1123	211.403646	211.829427	G3	57	80	0
1124	211.403646	211.759115	D4	60	80	0
1125	211.864583	212.209635	D5	79	80	0
1126	211.864583	212.158854	F4	74	80	0
1127	211.864583	212.156250	Bb3	81	80	0
1128	211.867188	212.169271	A4	74	80	0
1129	211.868490	212.218750	F3	71	80	0
1130	211.872396	212.179688	D4	72	80	0
1131	212.272135	212.709635	F5	88	80	0
1132	212.282552	212.589844	A4	84	80	0
1133	212.283854	212.598958	F4	82	80	0
1134	212.285156	212.628906	D5	83	80	0
1135	212.286458	212.628906	D4	83	80	0
1136	212.287760	212.729167	A3	83	80	0
1137	212.906250	214.699219	A5	91	80	0
1138	212.907552	214.289062	A4	91	80	0
1139	212.914062	214.750000	Bb4	92	80	0
1140	212.914062	212.919271	D4	72	80	0
1141	212.914062	214.519531	D5	79	80	0
1142	212.915365	213.500000	Bb3	78	80	0
1143	212.916667	213.429688	G3	73	80	0
1144	212.920573	214.468750	E5	78	80	0
1145	212.924479	214.279948	E4	78	80	0
1146	213.709635	214.339844	G2	68	80	0
1147	213.713542	214.098958	C2	58	80	0
1148	215.204427	215.699219	A5	92	80	0
1149	215.209635	215.649740	E5	79	80	0
1150	215.214844	215.579427	C5	73	80	0
1151	215.214844	215.549479	A4	79	80	0
1152	215.222656	215.639323	C4	65	80	0
1153	215.223958	215.628906	E4	76	80	0
1154	215.223958	215.649740	Bb3	68	80	0
1155	215.582031	215.789062	F3	50	80	0
1156	215.773438	217.239583	F5	86	80	0
1157	215.781250	217.079427	C5	78	80	0
1158	215.791667	216.589844	Bb4	79	80	0
1159	215.792969	217.119792	F4	73	80	0
1160	215.794271	216.979167	F3	61	80	0
1161	215.800781	216.169271	Bb3	69	80	0
1162	215.802083	216.819010	C4	70	80	0
1163	216.347656	216.929688	A4	79	80	0
1164	216.356771	216.889323	A3	62	80	0
1165	216.802083	217.128906	G#4	85	80	0
1166	216.816406	217.119792	G#3	64	80	0
1167	216.832031	217.109375	C4	50	80	0
1168	217.084635	218.179688	F3	47	80	0
1169	217.276042	217.639323	Eb5	83	80	0
1170	217.292969	217.769531	B4	65	80	0
1171	217.295573	217.679688	G4	63	80	0
1172	217.298177	217.649740	Eb4	68	80	0
1173	217.302083	217.546875	G3	60	80	0
1174	217.794271	219.049479	C5	76	80	0
1175	217.805990	219.269531	G3	55	80	0
1176	217.812500	218.348958	C4	59	80	0
1177	217.812500	219.468750	C3	49	80	0
1178	217.813802	218.399740	F4	60	80	0
1179	217.819010	218.989583	G4	62	80	0
1180	218.341146	219.128906	E4	66	80	0
1181	218.352865	218.968750	E3	46	80	0
1182	218.364583	218.848958	C4	43	80	0
1183	218.888021	219.259115	Eb4	64	80	0
1184	218.911458	219.378906	Eb3	44	80	0
1185	218.915365	219.250000	C4	41	80	0
1186	219.444010	219.869792	Bb4	80	80	0
1187	219.462240	219.959635	F#4	58	80	0
1188	219.464844	219.878906	F#3	51	80	0
1189	219.472656	219.848958	Bb3	53	80	0
1190	219.475260	219.723958	D4	54	80	0
1191	219.476562	219.779948	D3	52	80	0
1192	219.484375	219.979167	C3	48	80	0
1193	220.252604	222.218750	G4	66	80	0
1194	220.281250	222.309896	G3	45	80	0
1195	220.289062	221.649740	D4	52	80	0
1196	220.294271	222.329427	C4	49	80	0
1197	220.305990	222.750000	D3	41	80	0
1198	220.312500	224.979167	D2	41	80	0
1199	221.503906	223.149740	E4	65	80	0
1200	221.507812	222.179688	E3	42	80	0
1201	222.895833	224.628906	F#4	39	80	0
1202	222.899740	224.039062	F#3	41	80	0
1203	222.910156	224.348958	D4	38	80	0
1204	222.912760	224.938802	C4	35	80	0
1205	224.966146	225.789062	G3	42	80	0
1206	224.973958	225.789062	G4	39	80	0
1207	224.976562	225.779948	Bb3	40	80	0
1208	224.976562	225.589844	D4	38	80	0
1209	224.988281	225.878906	G2	34	80	0
1210	224.988281	225.839844	G1	32	80	0
1211	226.404948	227.658854	G5	39	80	0
1212	227.132812	227.658854	Bb5	45	80	0
1213	227.654948	228.259115	C6	54	80	0
1214	227.665365	228.158854	Bb5	45	80	0
1215	227.673177	228.589844	G5	40	80	0
1216	228.141927	228.829427	D6	59	80	0
1217	228.602865	229.408854	F6	66	80	0
1218	228.644531	229.218750	G5	37	80	0
1219	229.096354	229.609375	D5	42	80	0
1220	229.227865	230.619792	G5	52	80	0
1221	229.334635	229.397135	Bb5	51	80	0
1222	229.424479	230.019531	F6	58	80	0
1223	229.532552	229.949219	Bb5	59	80	0
1224	229.542969	229.750000	G6	52	80	0
1225	230.045573	231.069010	D5	38	80	0
1226	230.134115	230.709635	E6	69	80	0
1227	230.618490	231.139323	D6	65	80	0
1228	230.626302	231.119792	F6	53	80	0
1229	230.626302	231.218750	G5	49	80	0
1230	230.652344	231.128906	Bb5	46	80	0
1231	231.046875	231.509115	E6	57	80	0
1232	231.153646	231.598958	C5	44	80	0
1233	231.404948	232.089844	G4	41	80	0
1234	231.484375	232.139323	C6	60	80	0
1235	231.519531	231.878906	Bb5	51	80	0
1236	231.522135	232.039062	G5	39	80	0
1237	231.701823	232.119792	C5	46	80	0
1238	231.934896	232.938802	D4	33	80	0
1239	232.075521	232.619792	D6	58	80	0
1240	232.305990	232.609375	A4	40	80	0
1241	232.434896	232.619792	D5	48	80	0
1242	232.555990	232.709635	F5	45	80	0
1243	232.690104	233.319010	A5	48	80	0
1244	232.824219	233.179688	D6	45	80	0
1245	233.059896	233.750000	G3	42	80	0
1246	233.177083	233.589844	A6	45	80	0
1247	233.951823	234.369792	F4	45	80	0
1248	233.973958	234.438802	C4	42	80	0
1249	233.975260	234.779948	A3	37	80	0
1250	234.514323	235.199219	G3	47	80	0
1251	234.516927	235.309896	A4	53	80	0
1252	234.527344	234.919271	D4	49	80	0
1253	234.537760	234.786458	F4	48	80	0
1254	234.553385	234.829427	C4	42	80	0
1255	234.972656	235.658854	F4	66	80	0
1256	234.989583	235.299479	C4	54	80	0
1257	234.994792	235.184896	A3	50	80	0
1258	235.384115	235.878906	D4	61	80	0
1259	235.423177	236.009115	G3	47	80	0
1260	235.428385	235.662760	A3	47	80	0
1261	235.442708	235.718750	F3	39	80	0
1262	235.852865	236.015625	F4	60	80	0
1263	235.855469	236.005208	A3	47	80	0
1264	235.861979	236.003906	C4	48	80	0
1265	236.164062	236.459635	A4	71	80	0
1266	236.182292	236.225260	C4	45	80	0
1267	236.183594	236.348958	F4	59	80	0
1268	236.345052	236.789062	C4	59	80	0
1269	236.350260	236.859375	G3	55	80	0
1270	236.441406	236.949219	D5	80	80	0
1271	236.467448	238.688802	F4	56	80	0
1272	236.468750	236.929688	A4	58	80	0
1273	236.912760	239.449219	E5	80	80	0
1274	236.942708	238.519531	A4	62	80	0
1275	236.945312	238.119792	D3	47	80	0
1276	236.958333	237.639323	B3	55	80	0
1277	237.764323	238.069010	G2	32	80	0
1278	238.863281	239.041667	F4	62	80	0
1279	238.863281	239.028646	A3	53	80	0
1280	238.867188	239.031250	C4	52	80	0
1281	239.194010	239.384115	D4	69	80	0
1282	239.203125	239.385417	A4	63	80	0
1283	239.207031	239.389323	C4	58	80	0
1284	239.210938	239.429688	F4	56	80	0
1285	239.214844	239.375000	G3	59	80	0
1286	239.526042	240.089844	D5	79	80	0
1287	239.531250	239.938802	C4	68	80	0
1288	239.549479	240.019531	A4	68	80	0
1289	239.550781	239.938802	G3	61	80	0
1290	239.554688	239.869792	F4	62	80	0
1291	240.061198	241.869792	E5	88	80	0
1292	240.084635	241.729167	A4	67	80	0
1293	240.087240	242.218750	D3	56	80	0
1294	240.091146	241.218750	B4	64	80	0
1295	240.095052	241.369792	B3	60	80	0
1296	240.095052	241.759115	F4	58	80	0
1297	240.872396	241.679688	G2	39	80	0
1298	242.388021	243.809896	E5	70	80	0
1299	242.395833	242.779948	G3	45	80	0
1300	242.420573	242.869792	B3	36	80	0
1301	242.433594	243.139323	A4	49	80	0
1302	242.438802	243.188802	F4	37	80	0
1303	242.893229	243.438802	G3	45	80	0
1304	242.925781	243.239583	C3	32	80	0
1305	242.993490	244.509115	C5	68	80	0
1306	243.730469	244.529948	G4	38	80	0
1307	243.738281	244.688802	F4	35	80	0
1308	244.263021	245.188802	F5	46	80	0
1309	244.263021	245.609375	G5	51	80	0
1310	244.743490	245.289062	C5	49	80	0
1311	244.751302	245.109375	G4	39	80	0
1312	244.755208	245.069010	E4	42	80	0
1313	244.768229	244.779948	C4	35	80	0
1314	245.269531	245.799479	Eb4	45	80	0
1315	245.361979	245.834635	Eb5	53	80	0
1316	245.406250	245.889323	C5	29	80	0
1317	245.782552	246.348958	F5	66	80	0
1318	245.805990	246.239583	D5	46	80	0
1319	246.234375	247.549479	G5	63	80	0
1320	246.235677	246.769531	C5	51	80	0
1321	246.664062	247.049479	Bb4	45	80	0
1322	246.735677	247.459635	Bb5	73	80	0
1323	246.778646	247.089844	C5	44	80	0
1324	246.781250	247.259115	Eb5	52	80	0
1325	247.076823	247.279948	G4	42	80	0
1326	247.175781	247.519531	Bb4	48	80	0
1327	247.274740	247.500000	C5	50	80	0
1328	247.393229	247.446615	Eb5	49	80	0
1329	247.473958	247.809896	Bb5	57	80	0
1330	247.582031	248.299479	Eb5	65	80	0
1331	247.604167	248.179688	C5	46	80	0
1332	247.635417	248.089844	C6	57	80	0
1333	248.041667	248.658854	A5	78	80	0
1334	248.080729	248.429688	A4	53	80	0
1335	248.518229	249.119792	G5	69	80	0
1336	248.554688	249.199219	Eb5	55	80	0
1337	248.557292	249.158854	C5	51	80	0
1338	248.566406	248.809896	G4	53	80	0
1339	248.567708	249.039062	Bb4	52	80	0
1340	248.997396	249.628906	A5	76	80	0
1341	249.118490	249.419271	F4	42	80	0
1342	249.343750	249.769531	C4	48	80	0
1343	249.404948	249.968750	F5	66	80	0
1344	249.434896	249.718750	A4	53	80	0
1345	249.451823	249.718750	Eb5	62	80	0
1346	249.613281	249.919271	F4	48	80	0
1347	249.795573	250.489583	G3	45	80	0
1348	249.932292	250.619792	G5	61	80	0
1349	250.123698	250.468750	D4	46	80	0
1350	250.270833	250.438802	G4	44	80	0
1351	250.404948	250.598958	Bb4	49	80	0
1352	250.561198	250.929688	D5	45	80	0
1353	250.704427	251.199219	G5	51	80	0
1354	250.986979	251.209635	D6	55	80	0
1355	251.045573	251.059896	G1	40	80	0
1356	251.045573	251.429688	G2	43	80	0
1357	251.061198	251.348958	C2	42	80	0
1358	251.552083	251.938802	Bb4	54	80	0
1359	251.566406	251.899740	D5	47	80	0
1360	251.567708	251.863281	F4	46	80	0
1361	251.575521	252.259115	Bb3	50	80	0
1362	251.580729	251.938802	D4	42	80	0
1363	252.050781	252.259115	D5	62	80	0
1364	252.052083	252.305990	D4	69	80	0
1365	252.067708	252.302083	F4	57	80	0
1366	252.072917	252.348958	A4	56	80	0
1367	252.481771	252.809896	Bb4	69	80	0
1368	252.484375	252.489583	D5	66	80	0
1369	252.484375	252.819010	D4	69	80	0
1370	252.486979	252.809896	Bb3	78	80	0
1371	252.490885	253.174479	F4	62	80	0
1372	252.872396	253.309896	G2	57	80	0
1373	252.907552	253.199219	G3	76	80	0
1374	252.916667	253.166667	D4	56	80	0
1375	252.924479	253.157552	Bb3	61	80	0
1376	252.933594	253.419271	G4	67	80	0
1377	253.335938	253.493490	F4	59	80	0
1378	253.335938	253.483073	D4	61	80	0
1379	253.338542	253.769531	Bb3	74	80	0
1380	253.619792	253.773438	D4	81	80	0
1381	253.621094	253.773438	F4	76	80	0
1382	253.622396	253.795573	D5	79	80	0
1383	253.623698	253.782552	A4	74	80	0
1384	253.894531	254.149740	F4	88	80	0
1385	253.899740	254.309896	F5	85	80	0
1386	253.903646	254.169271	A4	80	80	0
1387	253.906250	254.098958	D4	72	80	0
1388	253.906250	254.218750	Bb3	77	80	0
1389	253.907552	254.119792	D5	78	80	0
1390	254.295573	255.479167	A5	89	80	0
1391	254.303385	255.559896	D5	81	80	0
1392	254.305990	255.619792	Bb4	85	80	0
1393	254.313802	254.468750	D4	77	80	0
1394	254.315104	254.718750	G3	67	80	0
1395	254.321615	255.098958	E4	80	80	0
1396	254.915365	255.598958	G2	76	80	0
1397	254.924479	255.449219	C2	65	80	0
1398	256.083333	256.649740	Bb4	80	80	0
1399	256.084635	256.468750	F4	74	80	0
1400	256.087240	256.459635	D4	74	80	0
1401	256.091146	256.639323	G3	69	80	0
1402	256.092448	256.415365	Bb3	72	80	0
1403	256.097656	256.479167	D3	64	80	0
1404	256.542969	256.839844	F4	86	80	0
1405	256.544271	256.869792	D5	86	80	0
1406	256.545573	256.869792	A4	84	80	0
1407	256.552083	256.878906	Bb3	83	80	0
1408	256.552083	256.839844	D4	84	80	0
1409	256.554688	256.949219	F3	77	80	0
1410	256.941406	257.329427	F5	84	80	0
1411	256.945312	257.348958	F4	85	80	0
1412	256.946615	257.239583	D4	79	80	0
1413	256.951823	257.269531	A4	85	80	0
1414	256.953125	257.319010	A3	92	80	0
1415	256.953125	257.279948	D5	82	80	0
1416	257.554688	259.128906	A5	94	80	0
1417	257.555990	258.049479	Bb3	86	80	0
1418	257.555990	259.089844	D5	87	80	0
1419	257.558594	259.169271	Bb4	96	80	0
1420	257.563802	257.894531	G3	85	80	0
1421	257.563802	258.839844	E4	88	80	0
1422	258.283854	258.908854	G2	87	80	0
1423	258.292969	258.779948	C2	79	80	0
1424	259.878906	260.279948	A5	89	80	0
1425	259.884115	260.378906	E5	82	80	0
1426	259.885417	260.319010	C5	80	80	0
1427	259.890625	260.259115	A4	83	80	0
1428	259.903646	260.389323	Bb3	71	80	0
1429	259.903646	260.369792	E4	78	80	0
1430	259.903646	260.339844	C4	70	80	0
1431	260.216146	263.039062	F3	51	80	0
1432	260.515625	262.098958	F5	87	80	0
1433	260.524740	261.848958	C5	77	80	0
1434	260.533854	261.859375	F4	77	80	0
1435	260.536458	261.539062	Bb4	84	80	0
1436	260.542969	260.549479	G3	67	80	0
1437	260.544271	261.949219	C4	66	80	0
1438	260.548177	261.250000	Bb3	65	80	0
1439	261.141927	261.759115	A4	71	80	0
1440	261.144531	261.759115	A3	63	80	0
1441	261.608073	261.929688	G#4	65	80	0
1442	261.654948	261.959635	G#3	52	80	0
1443	262.084635	262.408854	Eb5	83	80	0
1444	262.088542	262.500000	B4	73	80	0
1445	262.100260	262.408854	Eb4	71	80	0
1446	262.101562	262.438802	G4	64	80	0
1447	262.102865	262.378906	F4	67	80	0
1448	262.111979	262.449219	G3	56	80	0
1449	262.115885	262.359375	B3	56	80	0
1450	262.583333	263.759115	C5	80	80	0
1451	262.605469	263.339844	G4	61	80	0
1452	262.606771	263.169271	F4	63	80	0
1453	262.606771	263.789062	C4	65	80	0
1454	262.611979	263.938802	C3	56	80	0
1455	262.613281	263.899740	G3	59	80	0
1456	263.095052	264.000000	E4	70	80	0
1457	263.108073	263.819010	E3	48	80	0
1458	263.662760	264.000000	Eb4	65	80	0
1459	263.671875	264.079427	Eb3	48	80	0
1460	264.214844	264.609375	Bb4	80	80	0
1461	264.234375	264.679688	F#4	61	80	0
1462	264.234375	264.399740	Bb2	52	80	0
1463	264.236979	264.669271	F#3	56	80	0
1464	264.238281	264.639323	Bb3	57	80	0
1465	264.246094	264.569010	D3	57	80	0
1466	264.250000	264.669271	D4	54	80	0
1467	264.253906	264.739583	C3	52	80	0
1468	264.937500	266.759115	G4	68	80	0
1469	264.953125	266.908854	G3	56	80	0
1470	264.954427	266.269531	D4	54	80	0
1471	264.966146	267.199219	C4	50	80	0
1472	264.994792	267.500000	D3	38	80	0
1473	265.005208	270.179688	D2	39	80	0
1474	266.136719	267.929688	E4	75	80	0
1475	266.151042	267.128906	E3	53	80	0
1476	267.643229	269.529948	F#4	45	80	0
1477	267.649740	268.889323	F#3	46	80	0
1478	267.652344	269.500000	D4	45	80	0
1479	267.654948	269.459635	C4	40	80	0
1480	270.080729	272.509115	Bb3	40	80	0
1481	270.082031	273.019531	G3	38	80	0
1482	270.088542	272.500000	G4	36	80	0
1483	270.093750	271.408854	D4	37	80	0
1484	270.105469	273.069010	G2	31	80	0
1485	270.109375	273.299479	G1	30	80	0
1486	274.143229	274.389323	G2	38	80	0
1487	274.247396	274.429688	D3	25	80	0
1488	274.363281	274.479167	B3	39	80	0
1489	274.494792	274.929688	D4	44	80	0
1490	274.501302	274.589844	B3	36	80	0
1491	274.764323	275.878906	G5	58	80	0
1492	274.804688	274.959635	G2	20	80	0
1493	275.272135	275.598958	B4	41	80	0
1494	275.553385	275.869792	D5	45	80	0
1495	275.776042	276.000000	B4	49	80	0
1496	276.007812	276.329427	G4	36	80	0
1497	276.010417	276.019531	G3	36	80	0
1498	276.011719	276.239583	D4	46	80	0
1499	276.013021	276.149740	B3	39	80	0
1500	276.235677	276.519531	B4	55	80	0
1501	276.464844	276.799479	D5	53	80	0
1502	276.688802	277.000000	C2	36	80	0
1503	276.691406	276.979167	B4	58	80	0
1504	276.795573	277.169271	G2	42	80	0
1505	276.945312	277.158854	E4	54	80	0
1506	277.033854	277.289062	E3	42	80	0
1507	277.195312	277.438802	B4	50	80	0
1508	277.402344	277.959635	A5	70	80	0
1509	277.414062	277.699219	E5	59	80	0
1510	277.652344	278.009115	B4	52	80	0
1511	277.716146	278.039062	B3	31	80	0
1512	277.783854	277.949219	G4	42	80	0
1513	277.917969	278.419271	F#5	65	80	0
1514	277.951823	278.169271	E4	53	80	0
1515	278.186198	278.509115	B4	53	80	0
1516	278.388021	278.989583	E5	78	80	0
1517	278.635417	279.109375	D2	44	80	0
1518	278.640625	279.209635	B4	46	80	0
1519	278.763021	279.309896	B2	39	80	0
1520	278.877604	279.809896	D5	73	80	0
1521	278.903646	278.908854	B3	43	80	0
1522	279.057292	279.169271	F#3	39	80	0
1523	279.180990	279.389323	F#3	44	80	0
1524	279.182292	279.509115	F#4	46	80	0
1525	279.397135	280.139323	B4	55	80	0
1526	279.626302	279.799479	F#4	43	80	0
1527	279.807292	280.098958	B3	47	80	0
1528	279.813802	279.979167	F#4	43	80	0
1529	279.864583	280.399740	E5	72	80	0
1530	280.102865	280.419271	F#4	37	80	0
1531	280.292969	280.639323	F#5	70	80	0
1532	280.316406	280.878906	B4	54	80	0
1533	280.322917	280.549479	B2	40	80	0
1534	280.552083	280.869792	E2	41	80	0
1535	280.558594	280.908854	F#4	40	80	0
1536	280.687500	281.819010	B2	42	80	0
1537	280.816406	281.399740	F#5	59	80	0
1538	280.843750	281.589844	E4	49	80	0
1539	280.932292	281.539062	G3	44	80	0
1540	281.105469	281.438802	B4	51	80	0
1541	281.338542	281.679688	E5	58	80	0
1542	281.563802	281.968750	B4	50	80	0
1543	281.774740	282.098958	G4	37	80	0
1544	281.777344	282.229167	B3	42	80	0
1545	281.872396	282.084635	E5	58	80	0
1546	281.910156	282.269531	E4	41	80	0
1547	282.132812	282.438802	B4	47	80	0
1548	282.376302	282.729167	E5	45	80	0
1549	282.649740	282.869792	B4	46	80	0
1550	282.720052	283.938802	C3	32	80	0
1551	282.884115	284.408854	G3	43	80	0
1552	283.045573	283.859375	B5	74	80	0
1553	283.100260	283.589844	B4	49	80	0
1554	283.261719	283.619792	E4	53	80	0
1555	283.513021	283.829427	C5	53	80	0
1556	283.763021	284.029948	E5	56	80	0
1557	283.985677	284.183594	C5	49	80	0
1558	284.214844	284.500000	B4	51	80	0
1559	284.217448	284.438802	E4	42	80	0
1560	284.450521	284.688802	C5	51	80	0
1561	284.667969	285.019531	E5	50	80	0
1562	284.891927	285.109375	C5	48	80	0
1563	284.894531	285.199219	A2	45	80	0
1564	285.041667	285.468750	E3	41	80	0
1565	285.140625	285.359375	B4	49	80	0
1566	285.278646	285.509115	C4	44	80	0
1567	285.391927	285.658854	C5	51	80	0
1568	285.593750	285.889323	C6	69	80	0
1569	285.604167	285.869792	E5	59	80	0
1570	285.826823	285.875000	C5	57	80	0
1571	285.924479	286.179688	E4	42	80	0
1572	286.001302	286.119792	C5	52	80	0
1573	286.092448	286.569010	A5	73	80	0
1574	286.106771	286.218750	A4	54	80	0
1575	286.114583	286.309896	G4	51	80	0
1576	286.324219	286.559896	C5	58	80	0
1577	286.523438	286.789062	G5	71	80	0
1578	286.546875	286.779948	E5	61	80	0
1579	286.753906	287.069010	C5	63	80	0
1580	286.774740	287.329427	B2	46	80	0
1581	286.930990	287.549479	F#3	41	80	0
1582	287.001302	287.500000	F#5	76	80	0
1583	287.036458	287.359375	F#4	48	80	0
1584	287.143229	287.429688	D4	42	80	0
1585	287.285156	287.539062	B4	63	80	0
1586	287.515625	287.747396	D5	56	80	0
1587	287.727865	287.819010	B4	49	80	0
1588	287.902344	288.119792	D4	45	80	0
1589	287.903646	288.089844	B4	50	80	0
1590	287.908854	288.059896	F#4	44	80	0
1591	287.989583	288.299479	G5	75	80	0
1592	288.019531	288.209635	G4	51	80	0
1593	288.225260	288.449219	B4	55	80	0
1594	288.500000	288.959635	A5	78	80	0
1595	288.535156	288.799479	A4	49	80	0
1596	288.536458	288.938802	D5	52	80	0
1597	288.753906	289.109375	B4	48	80	0
1598	288.811198	289.339844	G2	49	80	0
1599	288.915365	289.569010	D3	35	80	0
1600	289.104167	289.109375	F#3	41	80	0
1601	289.105469	289.399740	F#4	47	80	0
1602	289.160156	289.468750	B3	38	80	0
1603	289.161458	289.378906	D4	31	80	0
1604	289.367188	289.509115	B4	52	80	0
1605	289.588542	289.869792	B5	73	80	0
1606	289.613281	289.899740	D5	56	80	0
1607	289.842448	289.968750	B4	56	80	0
1608	289.993490	290.419271	D4	43	80	0
1609	290.026042	290.218750	F#4	44	80	0
1610	290.063802	290.250000	B4	43	80	0
1611	290.106771	290.579427	G5	74	80	0
1612	290.151042	290.429688	G4	47	80	0
1613	290.326823	290.628906	B4	50	80	0
1614	290.552083	290.819010	F#5	75	80	0
1615	290.576823	290.769531	D5	55	80	0
1616	290.777344	291.119792	B4	53	80	0
1617	290.808594	291.619792	A2	37	80	0
1618	290.893229	291.628906	E3	44	80	0
1619	291.022135	291.899740	E5	78	80	0
1620	291.063802	291.519531	E4	47	80	0
1621	291.191406	291.669271	C4	38	80	0
1622	291.328125	291.579427	B4	52	80	0
1623	291.535156	291.819010	C5	55	80	0
1624	291.760417	291.929688	B4	56	80	0
1625	291.925781	292.119792	A4	49	80	0
1626	291.930990	292.059896	C4	39	80	0
1627	291.933594	292.098958	E4	39	80	0
1628	292.015625	292.348958	F#5	78	80	0
1629	292.054688	292.468750	F#3	42	80	0
1630	292.054688	292.299479	F#4	51	80	0
1631	292.070312	292.259115	C4	37	80	0
1632	292.263021	292.509115	B4	56	80	0
1633	292.503906	292.799479	G5	66	80	0
1634	292.514323	292.750000	C5	49	80	0
1635	292.751302	293.049479	B4	46	80	0
1636	292.781250	293.049479	F#2	46	80	0
1637	292.910156	293.209635	C3	38	80	0
1638	293.044271	293.549479	E4	52	80	0
1639	293.092448	293.449219	A3	40	80	0
1640	293.273438	293.459635	A4	50	80	0
1641	293.485677	294.069010	A5	72	80	0
1642	293.513021	293.859375	C5	52	80	0
1643	293.727865	293.848958	A4	52	80	0
1644	293.816406	294.319010	C4	30	80	0
1645	293.880208	294.389323	E4	39	80	0
1646	293.924479	294.089844	A4	44	80	0
1647	293.994792	294.489583	F#5	72	80	0
1648	294.035156	294.549479	F#4	39	80	0
1649	294.203125	294.529948	A4	47	80	0
1650	294.457031	295.199219	E5	66	80	0
1651	294.471354	294.779948	C5	56	80	0
1652	294.734375	295.000000	A4	38	80	0
1653	294.746094	296.149740	B2	36	80	0
1654	294.886719	295.059896	F#3	30	80	0
1655	295.032552	296.369792	F#5	63	80	0
1656	295.069010	296.729167	F#3	39	80	0
1657	295.076823	295.709635	F#4	39	80	0
1658	295.263021	295.799479	D4	31	80	0
1659	295.462240	295.769531	B4	50	80	0
1660	295.696615	296.049479	D5	55	80	0
1661	295.924479	296.199219	B4	49	80	0
1662	296.165365	296.679688	D4	48	80	0
1663	296.171875	296.839844	F#4	38	80	0
1664	296.173177	296.559896	B3	42	80	0
1665	296.412760	296.729167	B4	55	80	0
1666	296.654948	297.229167	D5	55	80	0
1667	296.910156	297.359375	B4	50	80	0
1668	297.161458	298.688802	F#2	41	80	0
1669	297.292969	297.979167	C5	61	80	0
1670	297.295573	297.718750	A4	48	80	0
1671	297.632812	297.819010	E4	55	80	0
1672	297.876302	298.729167	A4	76	80	0
1673	297.927083	298.289062	E4	55	80	0
1674	298.158854	298.429688	C4	55	80	0
1675	298.377604	299.009115	F#4	74	80	0
1676	298.382812	299.059896	B2	51	80	0
1677	298.407552	298.919271	D4	54	80	0
1678	298.625000	298.979167	B3	47	80	0
1679	298.859375	299.718750	E4	78	80	0
1680	298.881510	299.609375	D3	43	80	0
1681	298.894531	299.348958	C4	43	80	0
1682	299.144531	300.269531	F#3	56	80	0
1683	299.542969	300.188802	F#4	57	80	0
1684	299.548177	300.209635	D4	51	80	0
1685	299.553385	301.000000	B2	45	80	0
1686	299.567708	300.158854	B3	44	80	0
1687	300.755208	302.628906	B5	69	80	0
1688	300.787760	301.089844	B3	37	80	0
1689	300.789062	302.500000	B4	48	80	0
1690	301.885417	303.319010	B1	36	80	0
1691	303.227865	303.489583	B5	59	80	0
1692	303.269531	303.639323	B4	41	80	0
1693	303.863281	304.489583	B3	51	80	0
1694	304.167969	304.419271	C4	43	80	0
1695	304.291667	304.509115	E4	43	80	0
1696	304.417969	304.483073	B4	50	80	0
1697	304.533854	304.709635	C5	48	80	0
1698	304.657552	304.829427	E5	52	80	0
1699	304.744792	306.848958	E3	37	80	0
1700	304.759115	305.348958	A2	37	80	0
1701	304.768229	305.019531	B5	68	80	0
1702	305.123698	306.329427	B3	34	80	0
1703	305.126302	305.389323	C4	32	80	0
1704	305.231771	306.848958	B4	77	80	0
1705	305.871094	306.509115	C5	49	80	0
1706	305.878906	306.509115	E5	47	80	0
1707	306.354167	307.468750	E4	43	80	0
1708	306.358073	306.979167	B3	36	80	0
1709	306.360677	307.479167	C4	36	80	0
1710	306.872396	307.489583	E5	48	80	0
1711	306.873698	307.500000	C5	46	80	0
1712	307.384115	308.209635	B3	37	80	0
1713	307.933594	308.839844	A5	62	80	0
1714	307.947917	308.739583	A4	44	80	0
1715	307.954427	308.509115	G5	51	80	0
1716	307.960938	308.378906	G4	41	80	0
1717	307.968750	308.529948	E4	44	80	0
1718	307.973958	308.959635	A3	34	80	0
1719	308.546875	308.908854	D6	65	80	0
1720	308.562500	308.979167	D5	57	80	0
1721	308.583333	309.019531	D4	50	80	0
1722	309.072917	309.529948	B5	78	80	0
1723	309.095052	309.509115	B4	53	80	0
1724	309.097656	309.679688	E4	53	80	0
1725	309.097656	309.619792	E5	60	80	0
1726	309.097656	309.468750	G4	46	80	0
1727	309.102865	309.449219	B3	44	80	0
1728	309.610677	309.848958	B3	42	80	0
1729	309.742188	309.848958	B5	78	80	0
1730	309.774740	309.938802	B4	55	80	0
1731	310.303385	310.449219	D2	35	80	0
1732	310.308594	310.658854	A2	34	80	0
1733	310.354167	310.688802	E4	55	80	0
1734	310.373698	310.628906	F#3	39	80	0
1735	310.373698	310.569010	C4	38	80	0
1736	310.856771	311.579427	A5	79	80	0
1737	310.889323	311.489583	A4	57	80	0
1738	310.890625	311.509115	F#3	45	80	0
1739	311.345052	311.938802	E5	41	80	0
1740	311.350260	312.069010	C5	45	80	0
1741	311.354167	311.968750	C4	39	80	0
1742	311.359375	311.658854	E4	37	80	0
1743	311.815104	312.369792	B3	41	80	0
1744	311.854167	312.479167	G5	74	80	0
1745	311.882812	312.598958	G4	50	80	0
1746	312.333333	313.169271	E5	40	80	0
1747	312.367188	313.279948	C4	40	80	0
1748	312.375000	313.199219	E4	41	80	0
1749	312.382812	313.239583	C5	41	80	0
1750	312.877604	313.829427	A3	36	80	0
1751	312.933594	314.329427	A5	65	80	0
1752	312.957031	314.239583	A4	44	80	0
1753	313.481771	313.979167	E5	42	80	0
1754	313.484375	314.468750	C5	40	80	0
1755	313.502604	314.339844	C4	32	80	0
1756	313.507812	313.839844	E4	30	80	0
1757	314.197917	314.658854	E5	60	80	0
1758	314.213542	314.639323	E4	42	80	0
1759	314.214844	316.109375	G3	35	80	0
1760	314.834635	315.479167	E5	46	80	0
1761	314.842448	315.468750	E4	37	80	0
1762	314.842448	315.459635	B4	44	80	0
1763	314.842448	315.589844	B3	42	80	0
1764	315.915365	317.209635	E5	49	80	0
1765	315.923177	316.279948	B4	41	80	0
1766	315.923177	316.149740	B3	35	80	0
1767	315.925781	316.229167	E4	35	80	0
1768	316.572917	317.009115	E3	44	80	0
1769	316.585938	316.989583	E2	40	80	0
1770	317.154948	317.639323	D5	63	80	0
1771	317.175781	317.479167	C5	52	80	0
1772	317.179688	317.459635	D4	50	80	0
1773	317.182292	317.569010	D3	44	80	0
1774	317.184896	317.539062	D2	43	80	0
1775	317.186198	317.589844	C3	46	80	0
1776	317.802083	318.188802	G5	62	80	0
1777	317.807292	318.188802	G3	66	80	0
1778	317.813802	318.218750	G2	53	80	0
1779	317.815104	318.179688	G4	53	80	0
1780	318.473958	319.139323	F#5	57	80	0
1781	318.492188	319.019531	D5	50	80	0
1782	318.494792	319.119792	F#4	48	80	0
1783	318.496094	319.109375	C5	46	80	0
1784	318.501302	319.239583	F#3	49	80	0
1785	318.503906	318.509115	D4	45	80	0
1786	318.506510	319.009115	D3	42	80	0
1787	318.506510	319.079427	A4	44	80	0
1788	318.509115	318.519531	F#2	40	80	0
1789	318.516927	319.098958	C3	40	80	0
1790	319.416667	320.628906	E5	53	80	0
1791	319.432292	320.628906	E4	55	80	0
1792	319.434896	320.359375	B4	48	80	0
1793	319.449219	320.679688	E3	41	80	0
1794	319.454427	320.239583	E2	35	80	0
1795	320.252604	320.899740	B3	74	80	0
1796	320.253906	321.848958	B2	67	80	0
1797	320.873698	321.269531	B4	80	80	0
1798	320.875000	321.259115	D4	82	80	0
1799	320.876302	321.359375	D3	74	80	0
1800	321.554688	322.468750	E4	89	80	0
1801	321.572917	322.250000	E3	78	80	0
1802	321.813802	322.279948	E2	78	80	0
1803	322.138021	322.273438	B2	76	80	0
1804	322.277344	322.395833	F#3	83	80	0
1805	322.397135	322.472656	G#3	78	80	0
1806	322.522135	323.209635	D4	73	80	0
1807	322.622396	323.319010	F#4	84	80	0
1808	322.753906	323.679688	D5	81	80	0
1809	322.890625	323.809896	B5	97	80	0
1810	324.380208	324.559896	A2	82	80	0
1811	324.384115	324.539062	D2	69	80	0
1812	324.786458	325.229167	A5	85	80	0
1813	324.791667	325.279948	C5	85	80	0
1814	324.792969	325.399740	E5	83	80	0
1815	324.812500	324.819010	F#4	79	80	0
1816	324.822917	325.239583	E4	81	80	0
1817	324.828125	325.609375	F#3	70	80	0
1818	324.832031	325.359375	C4	70	80	0
1819	325.643229	326.029948	B4	95	80	0
1820	325.645833	326.039062	B3	79	80	0
1821	326.166667	326.468750	A3	89	80	0
1822	326.169271	326.639323	A4	96	80	0
1823	326.649740	326.765625	G2	94	80	0
1824	326.653646	326.750000	G1	83	80	0
1825	327.067708	327.500000	F#3	81	80	0
1826	327.303385	327.433594	B3	75	80	0
1827	327.425781	328.938802	F#4	86	80	0
1828	327.523438	328.859375	B4	82	80	0
1829	327.613281	328.489583	F#5	80	80	0
1830	327.697917	328.309896	B5	81	80	0
1831	327.816406	329.229167	D6	95	80	0
1832	331.342448	332.598958	E4	95	80	0
1833	331.346354	332.218750	E3	75	80	0
1834	331.351562	332.500000	E2	63	80	0
1835	333.062500	333.489583	D4	93	80	0
1836	333.062500	333.500000	D3	91	80	0
1837	333.063802	333.679688	D2	80	80	0
1838	334.467448	334.679688	G2	98	80	0
1839	334.470052	334.639323	G1	91	80	0
1840	335.013021	340.878906	D5	96	80	0
1841	335.014323	341.019531	G5	95	80	0
1842	335.015625	337.500000	G3	84	80	0
1843	335.016927	336.149740	D3	84	80	0
1844	335.020833	341.019531	D4	89	80	0
#SusPed	0.044271	53	0
#SusPed	0.239583	0	0
#SusPed	0.252604	60	0
#SusPed	1.019531	0	0
#SusPed	1.026042	83	0
#SofPed	3.097656	83	0
#SofPed	3.309896	0	0
#SofPed	3.324219	93	0
#SofPed	4.699219	0	0
#SofPed	4.714844	67	0
#SusPed	5.299479	0	0
#SusPed	5.312500	74	0
#SusPed	5.449219	0	0
#SusPed	5.460938	76	0
#SofPed	6.279948	0	0
#SofPed	6.290365	70	0
#SofPed	6.759115	0	0
#SofPed	6.774740	82	0
#SofPed	6.829427	0	0
#SofPed	6.842448	82	0
#SusPed	7.309896	0	0
#SusPed	7.324219	68	0
#SusPed	7.419271	0	0
#SusPed	7.430990	72	0
#SofPed	7.479167	0	0
#SofPed	7.485677	65	0
#SofPed	7.809896	0	0
#SofPed	7.815104	51	0
#SofPed	8.039062	0	0
#SofPed	8.053385	46	0
#SofPed	8.229167	0	0
#SofPed	8.240885	57	0
#SofPed	8.389323	0	0
#SofPed	8.394531	59	0
#SusPed	8.500000	0	0
#SofPed	8.500000	0	0
#SusPed	8.506510	98	0
#SofPed	8.514323	61	0
#SusPed	9.669271	0	0
#SusPed	9.680990	80	0
#SusPed	9.839844	0	0
#SusPed	9.852865	79	0
#SofPed	12.139323	0	0
#SofPed	12.147135	91	0
#SofPed	12.319010	0	0
#SofPed	12.324219	73	0
#SofPed	12.489583	0	0
#SofPed	12.503906	62	0
#SusPed	12.519531	0	0
#SusPed	12.524740	88	0
#SofPed	12.649740	0	0
#SofPed	12.657552	59	0
#SofPed	12.809896	0	0
#SofPed	12.821615	61	0
#SusPed	12.979167	0	0
#SusPed	12.986979	96	0
#SofPed	13.029948	0	0
#SofPed	13.042969	60	0
#SusPed	13.199219	0	0
#SusPed	13.212240	99	0
#SusPed	13.348958	0	0
#SusPed	13.363281	93	0
#SusPed	13.799479	0	0
#SusPed	13.811198	93	0
#SusPed	14.019531	0	0
#SusPed	14.033854	81	0
#SofPed	14.229167	0	0
#SofPed	14.238281	86	0
#SofPed	14.408854	0	0
#SofPed	14.415365	87	0
#SofPed	14.829427	0	0
#SofPed	14.841146	100	0
#SofPed	14.949219	0	0
#SofPed	14.960938	100	0
#SusPed	15.979167	0	0
#SusPed	15.984375	79	0
#SofPed	16.399740	0	0
#SofPed	16.407552	96	0
#SofPed	16.479167	0	0
#SofPed	16.494792	93	0
#SofPed	16.819010	0	0
#SofPed	16.828125	94	0
#SofPed	17.019531	0	0
#SofPed	17.026042	87	0
#SofPed	17.139323	0	0
#SofPed	17.153646	78	0
#SofPed	17.299479	0	0
#SofPed	17.309896	78	0
#SofPed	18.019531	0	0
#SofPed	18.033854	78	0
#SusPed	18.059896	0	0
#SusPed	18.067708	71	0
#SusPed	18.188802	0	0
#SusPed	18.201823	76	0
#SusPed	20.039062	0	0
#SusPed	20.049479	77	0
#SusPed	20.179688	0	0
#SusPed	20.192708	71	0
#SusPed	21.309896	0	0
#SusPed	21.321615	86	0
#SusPed	21.619792	0	0
#SusPed	21.628906	99	0
#SusPed	22.348958	0	0
#SusPed	22.359375	71	0
#SusPed	22.509115	0	0
#SusPed	22.523438	67	0
#SusPed	23.459635	0	0
#SusPed	23.472656	75	0
#SusPed	23.609375	0	0
#SusPed	23.623698	80	0
#SofPed	24.029948	0	0
#SusPed	26.119792	0	0
#SusPed	26.127604	64	0
#SusPed	26.229167	0	0
#SusPed	26.238281	73	0
#SusPed	26.779948	0	0
#SusPed	26.785156	69	0
#SusPed	27.049479	0	0
#SusPed	27.058594	88	0
#SusPed	29.339844	0	0
#SusPed	29.352865	90	0
#SusPed	32.329427	0	0
#SusPed	32.334635	77	0
#SusPed	32.489583	0	0
#SusPed	32.501302	80	0
#SusPed	38.149740	0	0
#SusPed	38.160156	67	0
#SusPed	38.259115	0	0
#SusPed	38.270833	86	0
#SusPed	39.109375	0	0
#SusPed	39.123698	75	0
#SusPed	39.239583	0	0
#SusPed	39.247396	76	0
#SusPed	40.109375	0	0
#SusPed	40.115885	70	0
#SusPed	40.250000	0	0
#SusPed	40.257812	78	0
#SusPed	41.309896	0	0
#SusPed	41.321615	76	0
#SusPed	41.438802	0	0
#SusPed	41.445312	77	0
#SusPed	44.699219	0	0
#SusPed	44.712240	68	0
#SusPed	44.819010	0	0
#SusPed	44.828125	71	0
#SusPed	45.419271	0	0
#SusPed	45.427083	70	0
#SusPed	45.658854	0	0
#SusPed	45.671875	68	0
#SusPed	46.419271	0	0
#SusPed	46.432292	67	0
#SusPed	46.628906	0	0
#SusPed	46.636719	75	0
#SofPed	46.973958	90	0
#SofPed	47.218750	0	0
#SusPed	49.199219	0	0
#SusPed	49.213542	79	0
#SusPed	49.339844	0	0
#SusPed	49.351562	100	0
#SusPed	49.500000	0	0
#SusPed	49.507812	85	0
#SusPed	50.729167	0	0
#SusPed	50.736979	101	0
#SusPed	50.919271	0	0
#SusPed	50.927083	65	0
#SusPed	52.598958	0	0
#SusPed	52.614583	82	0
#SusPed	52.899740	0	0
#SusPed	52.910156	85	0
#SusPed	57.199219	0	0
#SusPed	57.212240	91	0
#SusPed	61.509115	0	0
#SusPed	61.523438	82	0
#SofPed	62.334635	94	0
#SofPed	62.489583	0	0
#SofPed	62.503906	91	0
#SofPed	64.579427	0	0
#SofPed	64.587240	85	0
#SofPed	64.729167	0	0
#SofPed	64.738281	82	0
#SofPed	64.949219	0	0
#SofPed	64.959635	90	0
#SofPed	65.009115	0	0
#SofPed	65.024740	88	0
#SofPed	65.309896	0	0
#SofPed	65.320312	90	0
#SofPed	65.519531	0	0
#SofPed	65.533854	92	0
#SofPed	66.119792	0	0
#SofPed	66.127604	75	0
#SusPed	67.519531	0	0
#SusPed	69.778646	75	0
#SofPed	70.619792	0	0
#SofPed	70.625000	64	0
#SofPed	70.669271	0	0
#SofPed	70.677083	66	0
#SusPed	71.750000	0	0
#SusPed	71.761719	87	0
#SusPed	71.859375	0	0
#SusPed	71.872396	87	0
#SofPed	73.079427	0	0
#SofPed	73.087240	56	0
#SofPed	73.218750	0	0
#SofPed	73.231771	48	0
#SusPed	74.199219	0	0
#SusPed	74.212240	96	0
#SusPed	78.769531	0	0
#SusPed	78.778646	58	0
#SusPed	79.029948	0	0
#SusPed	79.042969	78	0
#SofPed	79.229167	0	0
#SusPed	80.000000	0	0
#SusPed	80.010417	69	0
#SusPed	80.309896	0	0
#SusPed	80.316406	69	0
#SusPed	82.250000	0	0
#SusPed	82.263021	82	0
#SusPed	82.649740	0	0
#SusPed	82.654948	45	0
#SusPed	82.779948	0	0
#SusPed	82.785156	78	0
#SusPed	83.378906	0	0
#SusPed	83.391927	64	0
#SusPed	83.750000	0	0
#SusPed	83.759115	64	0
#SusPed	84.878906	0	0
#SusPed	84.886719	62	0
#SusPed	85.158854	0	0
#SusPed	85.173177	71	0
#SusPed	87.269531	0	0
#SusPed	87.281250	77	0
#SusPed	87.399740	0	0
#SusPed	87.406250	70	0
#SusPed	91.919271	0	0
#SusPed	91.933594	75	0
#SusPed	92.089844	0	0
#SusPed	92.095052	85	0
#SofPed	95.115885	78	0
#SofPed	95.378906	0	0
#SofPed	95.384115	85	0
#SofPed	95.509115	0	0
#SofPed	95.518229	91	0
#SofPed	95.589844	0	0
#SofPed	95.596354	92	0
#SofPed	95.908854	0	0
#SofPed	95.915365	99	0
#SusPed	96.059896	0	0
#SusPed	96.065104	64	0
#SusPed	96.149740	0	0
#SusPed	96.162760	71	0
#SofPed	96.269531	0	0
#SofPed	96.274740	92	0
#SofPed	98.569010	0	0
#SofPed	98.574219	82	0
#SofPed	98.848958	0	0
#SofPed	98.855469	79	0
#SofPed	98.938802	0	0
#SofPed	98.954427	82	0
#SofPed	99.009115	0	0
#SofPed	99.014323	82	0
#SofPed	99.509115	0	0
#SofPed	99.518229	80	0
#SofPed	99.639323	0	0
#SofPed	99.644531	84	0
#SofPed	99.938802	0	0
#SofPed	99.951823	81	0
#SofPed	100.119792	0	0
#SofPed	100.132812	88	0
#SofPed	100.529948	0	0
#SofPed	100.541667	76	0
#SofPed	100.729167	0	0
#SofPed	100.742188	72	0
#SofPed	100.809896	0	0
#SofPed	100.824219	71	0
#SofPed	101.039062	0	0
#SofPed	101.053385	86	0
#SusPed	101.158854	0	0
#SofPed	101.169271	0	0
#SusPed	101.171875	94	0
#SofPed	101.177083	88	0
#SusPed	102.119792	0	0
#SusPed	102.126302	72	0
#SusPed	102.209635	0	0
#SusPed	102.218750	73	0
#SusPed	102.549479	0	0
#SusPed	102.559896	100	0
#SusPed	104.119792	0	0
#SusPed	104.134115	95	0
#SofPed	107.179688	0	0
#SusPed	107.809896	0	0
#SusPed	107.822917	69	0
#SusPed	108.559896	0	0
#SusPed	108.565104	53	0
#SusPed	108.769531	0	0
#SusPed	108.782552	78	0
#SusPed	109.789062	0	0
#SusPed	109.796875	68	0
#SusPed	110.098958	0	0
#SusPed	110.111979	73	0
#SusPed	112.139323	0	0
#SusPed	112.145833	67	0
#SusPed	112.218750	0	0
#SusPed	112.233073	60	0
#SusPed	112.750000	0	0
#SusPed	112.753906	79	0
#SusPed	113.029948	0	0
#SusPed	113.040365	89	0
#SusPed	113.878906	0	0
#SusPed	113.893229	72	0
#SusPed	114.069010	0	0
#SusPed	114.076823	75	0
#SusPed	114.709635	0	0
#SusPed	114.723958	72	0
#SusPed	114.829427	0	0
#SusPed	114.834635	82	0
#SusPed	115.139323	0	0
#SusPed	115.148438	84	0
#SusPed	115.250000	0	0
#SusPed	115.263021	68	0
#SusPed	116.718750	0	0
#SusPed	116.733073	74	0
#SusPed	116.929688	0	0
#SusPed	116.942708	38	0
#SusPed	117.389323	0	0
#SusPed	117.403646	81	0
#SusPed	118.329427	0	0
#SusPed	118.341146	64	0
#SusPed	118.539062	0	0
#SusPed	118.546875	95	0
#SusPed	118.889323	0	0
#SusPed	118.901042	96	0
#SusPed	119.069010	0	0
#SusPed	119.076823	87	0
#SusPed	119.489583	0	0
#SusPed	119.502604	66	0
#SusPed	119.679688	0	0
#SusPed	119.691406	82	0
#SusPed	120.149740	0	0
#SusPed	120.164062	71	0
#SusPed	120.429688	0	0
#SofPed	120.441406	62	0
#SusPed	120.444010	68	0
#SofPed	120.449219	0	0
#SusPed	120.938802	0	0
#SusPed	120.953125	69	0
#SusPed	121.149740	0	0
#SusPed	121.162760	75	0
#SusPed	122.299479	0	0
#SusPed	122.312500	71	0
#SusPed	122.968750	0	0
#SusPed	122.983073	66	0
#SusPed	124.519531	0	0
#SusPed	124.532552	75	0
#SusPed	124.628906	0	0
#SusPed	124.641927	75	0
#SofPed	124.925781	113	0
#SofPed	129.339844	0	0
#SofPed	129.345052	99	0
#SusPed	129.348958	0	0
#SusPed	129.363281	90	0
#SofPed	129.579427	0	0
#SofPed	129.589844	85	0
#SofPed	130.348958	0	0
#SofPed	130.364583	83	0
#SofPed	130.429688	0	0
#SofPed	130.442708	85	0
#SofPed	130.718750	0	0
#SofPed	130.733073	98	0
#SofPed	130.819010	0	0
#SofPed	130.824219	102	0
#SusPed	131.389323	0	0
#SusPed	131.403646	82	0
#SofPed	131.609375	0	0
#SofPed	131.622396	105	0
#SofPed	131.839844	0	0
#SofPed	131.852865	104	0
#SofPed	131.899740	0	0
#SofPed	131.908854	103	0
#SusPed	133.739583	0	0
#SusPed	133.746094	54	0
#SusPed	133.869792	0	0
#SusPed	133.881510	91	0
#SusPed	137.829427	0	0
#SusPed	137.843750	76	0
#SofPed	137.908854	0	0
#SusPed	137.968750	0	0
#SusPed	137.975260	80	0
#SofPed	141.660156	78	0
#SofPed	141.848958	0	0
#SofPed	141.861979	88	0
#SusPed	141.968750	0	0
#SusPed	141.979167	77	0
#SusPed	142.119792	0	0
#SofPed	142.119792	0	0
#SusPed	142.132812	84	0
#SofPed	142.134115	97	0
#SusPed	146.049479	0	0
#SusPed	146.062500	87	0
#SusPed	146.188802	0	0
#SusPed	146.203125	82	0
#SofPed	146.259115	0	0
#SofPed	146.272135	98	0
#SofPed	146.449219	0	0
#SofPed	146.458333	102	0
#SofPed	146.559896	0	0
#SofPed	146.570312	95	0
#SofPed	147.069010	0	0
#SofPed	147.082031	95	0
#SofPed	147.299479	0	0
#SofPed	147.307292	96	0
#SofPed	147.598958	0	0
#SofPed	147.606771	90	0
#SusPed	148.128906	0	0
#SusPed	148.143229	92	0
#SofPed	149.559896	0	0
#SusPed	150.688802	0	0
#SusPed	150.695312	68	0
#SusPed	150.919271	0	0
#SusPed	150.925781	66	0
#SofPed	154.884115	77	0
#SofPed	154.979167	0	0
#SofPed	154.992188	86	0
#SofPed	155.069010	0	0
#SofPed	155.080729	81	0
#SofPed	155.169271	0	0
#SofPed	155.174479	83	0
#SusPed	156.289062	0	0
#SusPed	156.298177	79	0
#SusPed	160.188802	0	0
#SusPed	160.201823	97	0
#SofPed	161.179688	0	0
#SusPed	163.019531	0	0
#SusPed	163.032552	73	0
#SusPed	164.059896	0	0
#SusPed	164.065104	61	0
#SusPed	164.188802	0	0
#SusPed	164.204427	83	0
#SusPed	165.250000	0	0
#SusPed	165.255208	70	0
#SusPed	165.408854	0	0
#SusPed	165.417969	79	0
#SusPed	170.239583	0	0
#SusPed	170.246094	61	0
#SusPed	170.359375	0	0
#SusPed	170.373698	72	0
#SusPed	173.009115	0	0
#SusPed	173.023438	78	0
#SusPed	173.229167	0	0
#SusPed	173.239583	83	0
#SusPed	174.579427	0	0
#SusPed	174.593750	99	0
#SusPed	176.459635	0	0
#SusPed	176.464844	74	0
#SusPed	176.729167	0	0
#SusPed	176.743490	76	0
#SusPed	179.419271	0	0
#SusPed	179.425781	94	0
#SusPed	181.169271	0	0
#SusPed	181.175781	70	0
#SusPed	181.359375	0	0
#SusPed	181.372396	76	0
#SusPed	182.729167	0	0
#SusPed	182.744792	69	0
#SusPed	183.069010	0	0
#SusPed	183.083333	70	0
#SusPed	186.908854	0	0
#SusPed	186.914062	104	0
#SusPed	188.128906	0	0
#SusPed	188.136719	70	0
#SusPed	188.250000	0	0
#SusPed	188.259115	96	0
#SusPed	189.158854	0	0
#SofPed	189.165365	87	0
#SusPed	189.174479	70	0
#SofPed	189.239583	0	0
#SofPed	189.250000	89	0
#SofPed	189.289062	0	0
#SofPed	189.303385	90	0
#SofPed	189.419271	0	0
#SofPed	189.432292	68	0
#SofPed	189.619792	0	0
#SofPed	189.632812	60	0
#SofPed	189.848958	0	0
#SofPed	189.861979	54	0
#SofPed	190.029948	0	0
#SofPed	190.036458	71	0
#SofPed	191.819010	0	0
#SusPed	192.299479	0	0
#SusPed	192.304688	73	0
#SusPed	192.509115	0	0
#SusPed	192.518229	72	0
#SusPed	195.519531	0	0
#SusPed	195.527344	74	0
#SusPed	195.729167	0	0
#SusPed	195.736979	86	0
#SofPed	198.372396	80	0
#SofPed	198.628906	0	0
#SofPed	198.639323	99	0
#SofPed	198.709635	0	0
#SofPed	198.717448	100	0
#SofPed	198.889323	0	0
#SofPed	198.894531	101	0
#SusPed	199.009115	0	0
#SusPed	199.019531	64	0
#SofPed	199.169271	0	0
#SofPed	199.182292	92	0
#SusPed	199.188802	0	0
#SusPed	199.201823	81	0
#SusPed	199.649740	0	0
#SusPed	199.654948	98	0
#SusPed	199.779948	0	0
#SusPed	199.794271	52	0
#SusPed	201.968750	0	0
#SusPed	201.983073	81	0
#SofPed	203.429688	0	0
#SofPed	203.444010	101	0
#SusPed	203.579427	0	0
#SusPed	203.585938	90	0
#SusPed	204.079427	0	0
#SusPed	204.093750	70	0
#SusPed	204.179688	0	0
#SusPed	204.191406	87	0
#SusPed	205.069010	0	0
#SusPed	205.078125	69	0
#SusPed	205.209635	0	0
#SusPed	205.216146	92	0
#SofPed	206.281250	0	0
#SusPed	209.529948	0	0
#SusPed	209.535156	76	0
#SusPed	209.709635	0	0
#SusPed	209.722656	85	0
#SusPed	213.079427	0	0
#SusPed	213.089844	50	0
#SusPed	213.158854	0	0
#SusPed	213.166667	76	0
#SusPed	215.878906	0	0
#SusPed	215.893229	78	0
#SusPed	216.109375	0	0
#SusPed	216.123698	76	0
#SusPed	217.319010	0	0
#SusPed	217.324219	73	0
#SusPed	217.459635	0	0
#SusPed	217.473958	55	0
#SusPed	217.869792	0	0
#SusPed	217.875000	76	0
#SusPed	218.069010	0	0
#SusPed	218.078125	69	0
#SofPed	218.191406	44	0
#SusPed	218.359375	0	0
#SusPed	218.369792	75	0
#SusPed	218.559896	0	0
#SusPed	218.566406	79	0
#SofPed	218.579427	0	0
#SofPed	218.592448	49	0
#SusPed	218.919271	0	0
#SusPed	218.927083	68	0
#SofPed	218.938802	0	0
#SofPed	218.944010	73	0
#SusPed	219.079427	0	0
#SusPed	219.092448	74	0
#SofPed	219.139323	0	0
#SofPed	219.148438	73	0
#SofPed	219.429688	0	0
#SofPed	219.437500	68	0
#SusPed	219.468750	0	0
#SusPed	219.483073	70	0
#SofPed	219.609375	0	0
#SofPed	219.622396	76	0
#SusPed	219.679688	0	0
#SusPed	219.686198	78	0
#SofPed	220.259115	0	0
#SofPed	220.290365	72	0
#SusPed	220.299479	0	0
#SofPed	220.299479	0	0
#SusPed	220.307292	96	0
#SusPed	220.339844	0	0
#SusPed	220.354167	91	0
#SusPed	220.449219	0	0
#SusPed	220.462240	74	0
#SusPed	220.529948	0	0
#SusPed	220.542969	65	0
#SofPed	220.554688	78	0
#SofPed	220.569010	0	0
#SusPed	220.979167	0	0
#SusPed	220.993490	80	0
#SusPed	221.839844	0	0
#SusPed	221.845052	83	0
#SusPed	222.908854	0	0
#SusPed	222.916667	87	0
#SusPed	223.579427	0	0
#SusPed	223.592448	69	0
#SusPed	224.979167	0	0
#SusPed	224.985677	81	0
#SusPed	225.199219	0	0
#SusPed	225.208333	70	0
#SusPed	225.529948	0	0
#SusPed	225.542969	70	0
#SusPed	226.539062	0	0
#SusPed	226.548177	71	0
#SusPed	226.929688	0	0
#SusPed	226.942708	71	0
#SusPed	232.139323	0	0
#SusPed	232.149740	72	0
#SusPed	232.289062	0	0
#SusPed	232.298177	89	0
#SusPed	232.459635	0	0
#SusPed	232.473958	117	0
#SofPed	233.445312	84	0
#SofPed	234.679688	0	0
#SofPed	234.692708	34	0
#SusPed	235.459635	0	0
#SusPed	235.471354	87	0
#SofPed	235.479167	0	0
#SofPed	235.493490	33	0
#SusPed	237.139323	0	0
#SusPed	237.151042	69	0
#SusPed	237.359375	0	0
#SusPed	237.373698	78	0
#SusPed	237.739583	0	0
#SusPed	237.744792	95	0
#SofPed	239.209635	0	0
#SusPed	240.269531	0	0
#SusPed	240.282552	81	0
#SusPed	240.459635	0	0
#SusPed	240.468750	65	0
#SusPed	242.979167	0	0
#SusPed	242.993490	80	0
#SusPed	243.250000	0	0
#SusPed	243.255208	79	0
#SofPed	243.555990	70	0
#SusPed	244.250000	0	0
#SusPed	244.261719	64	0
#SusPed	244.399740	0	0
#SusPed	244.412760	75	0
#SusPed	246.299479	0	0
#SusPed	246.312500	81	0
#SusPed	246.429688	0	0
#SusPed	246.441406	83	0
#SusPed	246.779948	0	0
#SusPed	246.787760	57	0
#SusPed	246.878906	0	0
#SusPed	246.886719	86	0
#SofPed	247.598958	0	0
#SofPed	247.611979	78	0
#SofPed	247.688802	0	0
#SofPed	247.700521	77	0
#SusPed	248.688802	0	0
#SusPed	248.704427	88	0
#SusPed	250.000000	0	0
#SusPed	250.005208	70	0
#SusPed	250.119792	0	0
#SusPed	250.125000	82	0
#SofPed	251.519531	0	0
#SofPed	251.532552	65	0
#SofPed	251.589844	0	0
#SofPed	251.602865	54	0
#SofPed	251.718750	0	0
#SofPed	251.733073	41	0
#SofPed	252.899740	0	0
#SusPed	254.389323	0	0
#SusPed	254.395833	59	0
#SusPed	254.500000	0	0
#SusPed	254.505208	88	0
#SusPed	257.688802	0	0
#SusPed	257.695312	69	0
#SusPed	257.799479	0	0
#SusPed	257.812500	75	0
#SusPed	260.628906	0	0
#SusPed	260.639323	88	0
#SusPed	260.839844	0	0
#SusPed	260.846354	80	0
#SusPed	262.639323	0	0
#SusPed	262.653646	81	0
#SusPed	262.809896	0	0
#SusPed	262.824219	86	0
#SusPed	263.299479	0	0
#SusPed	263.313802	88	0
#SusPed	264.279948	0	0
#SusPed	264.286458	70	0
#SusPed	264.399740	0	0
#SusPed	264.404948	91	0
#SusPed	265.149740	0	0
#SusPed	265.156250	81	0
#SusPed	265.468750	0	0
#SusPed	265.480469	98	0
#SusPed	266.359375	0	0
#SusPed	266.372396	78	0
#SusPed	266.598958	0	0
#SusPed	266.605469	86	0
#SusPed	267.829427	0	0
#SusPed	267.837240	71	0
#SusPed	268.158854	0	0
#SusPed	268.164062	75	0
#SofPed	268.794271	53	0
#SusPed	270.098958	0	0
#SusPed	270.111979	90	0
#SusPed	270.218750	0	0
#SusPed	270.229167	76	0
#SusPed	271.158854	0	0
#SusPed	271.167969	66	0
#SusPed	273.218750	0	0
#SusPed	273.233073	67	0
#SusPed	273.489583	0	0
#SusPed	273.496094	62	0
#SusPed	273.859375	0	0
#SusPed	273.864583	74	0
#SofPed	274.799479	0	0
#SusPed	278.759115	0	0
#SusPed	278.773438	98	0
#SusPed	278.859375	0	0
#SusPed	278.873698	95	0
#SusPed	278.989583	0	0
#SusPed	279.001302	82	0
#SusPed	280.839844	0	0
#SusPed	280.846354	76	0
#SusPed	280.899740	0	0
#SusPed	280.910156	60	0
#SusPed	283.250000	0	0
#SusPed	283.255208	80	0
#SusPed	283.329427	0	0
#SusPed	283.342448	97	0
#SusPed	284.949219	0	0
#SusPed	284.962240	77	0
#SusPed	287.128906	0	0
#SusPed	287.144531	63	0
#SusPed	291.119792	0	0
#SusPed	291.128906	74	0
#SusPed	291.259115	0	0
#SusPed	291.268229	81	0
#SofPed	292.484375	67	0
#SusPed	292.718750	0	0
#SusPed	292.734375	99	0
#SofPed	292.750000	0	0
#SofPed	292.757812	68	0
#SofPed	292.848958	0	0
#SofPed	292.856771	73	0
#SofPed	293.049479	0	0
#SofPed	293.057292	60	0
#SusPed	293.059896	0	0
#SusPed	293.065104	86	0
#SofPed	293.098958	0	0
#SofPed	293.114583	57	0
#SusPed	293.149740	0	0
#SusPed	293.164062	86	0
#SofPed	293.218750	0	0
#SofPed	293.223958	57	0
#SofPed	293.299479	0	0
#SofPed	293.304688	52	0
#SofPed	293.609375	0	0
#SofPed	293.614583	54	0
#SofPed	293.739583	0	0
#SofPed	293.753906	50	0
#SofPed	294.408854	0	0
#SofPed	294.415365	47	0
#SofPed	294.598958	0	0
#SofPed	294.604167	58	0
#SofPed	294.729167	0	0
#SofPed	294.738281	77	0
#SofPed	294.899740	0	0
#SofPed	294.904948	96	0
#SusPed	295.169271	0	0
#SusPed	295.180990	72	0
#SusPed	295.378906	0	0
#SusPed	295.385417	73	0
#SofPed	296.589844	0	0
#SofPed	296.601562	65	0
#SofPed	296.839844	0	0
#SofPed	296.846354	65	0
#SofPed	297.039062	0	0
#SofPed	297.052083	69	0
#SofPed	297.158854	0	0
#SofPed	297.173177	70	0
#SusPed	297.369792	0	0
#SusPed	297.384115	89	0
#SusPed	297.559896	0	0
#SusPed	297.566406	83	0
#SofPed	297.679688	0	0
#SofPed	297.684896	43	0
#SofPed	297.968750	0	0
#SofPed	297.976562	48	0
#SofPed	298.089844	0	0
#SofPed	298.095052	42	0
#SofPed	298.158854	0	0
#SofPed	298.169271	41	0
#SofPed	298.299479	0	0
#SofPed	298.304688	33	0
#SofPed	298.378906	0	0
#SofPed	298.384115	37	0
#SusPed	298.539062	0	0
#SusPed	298.545573	100	0
#SusPed	298.589844	0	0
#SusPed	298.602865	103	0
#SusPed	298.929688	0	0
#SusPed	298.942708	84	0
#SusPed	299.059896	0	0
#SusPed	299.065104	69	0
#SusPed	299.699219	0	0
#SusPed	299.712240	70	0
#SusPed	299.968750	0	0
#SusPed	299.984375	72	0
#SofPed	304.389323	0	0
#SofPed	305.136719	50	0
#SusPed	305.979167	0	0
#SusPed	309.265625	80	0
#SusPed	311.019531	0	0
#SusPed	311.024740	100	0
#SofPed	311.098958	0	0
#SofPed	311.106771	53	0
#SusPed	312.029948	0	0
#SusPed	312.035156	84	0
#SusPed	312.378906	0	0
#SusPed	312.394531	99	0
#SusPed	313.000000	0	0
#SusPed	313.003906	73	0
#SusPed	313.109375	0	0
#SusPed	313.119792	84	0
#SusPed	314.329427	0	0
#SusPed	314.338542	73	0
#SusPed	314.459635	0	0
#SusPed	314.473958	83	0
#SofPed	317.098958	0	0
#SusPed	317.809896	0	0
#SusPed	317.815104	95	0
#SusPed	317.989583	0	0
#SusPed	317.996094	74	0
#SusPed	318.628906	0	0
#SusPed	318.644531	72	0
#SusPed	318.750000	0	0
#SusPed	318.763021	67	0
#SusPed	319.628906	0	0
#SusPed	319.638021	75	0
#SusPed	319.769531	0	0
#SusPed	319.782552	67	0
#SusPed	321.959635	0	0
#SusPed	321.966146	64	0
#SusPed	322.069010	0	0
#SusPed	322.083333	76	0
#SusPed	326.658854	0	0
#SusPed	326.671875	64	0
#SusPed	326.739583	0	0
#SusPed	326.746094	103	0
#SusPed	327.348958	0	0
#SusPed	327.363281	91	0
#SusPed	327.839844	0	0
#SusPed	327.851562	81	0
#SusPed	331.438802	0	0
#SusPed	331.453125	89	0
#SusPed	337.449219	0	0
#SusPed	343.247396	71	0
#SusPed	349.250000	0	0
