//Version: PianoRoll_v170101
0	1.770833	4.729167	G4	56	80	0
1	3.096354	3.919271	B3	22	80	0
2	3.097656	4.309896	G2	20	80	0
3	3.671875	3.679688	D4	16	80	0
4	4.278646	4.289062	B2	23	80	0
5	4.782552	5.519531	A4	47	80	0
6	4.843750	5.679688	E4	24	80	0
7	5.371094	6.119792	F#4	43	80	0
8	5.457031	5.769531	E3	27	80	0
9	5.934896	6.628906	E4	36	80	0
10	6.542969	7.500000	D4	39	80	0
11	6.565104	7.199219	F#3	34	80	0
12	7.157552	8.169271	B3	25	80	0
13	7.160156	7.389323	F#4	24	80	0
14	7.716146	8.699219	E4	33	80	0
15	7.772135	8.569010	F#3	23	80	0
16	8.294271	8.639323	F#4	46	80	0
17	8.351562	9.169271	B3	21	80	0
18	8.850260	9.699219	F#4	44	80	0
19	8.858073	9.179688	G3	31	80	0
20	9.428385	9.859375	E4	34	80	0
21	9.441406	10.169271	B3	22	80	0
22	10.003906	12.709635	E4	28	80	0
23	10.033854	10.039062	D4	19	80	0
24	10.035156	10.709635	G3	26	80	0
25	10.050781	11.119792	D3	26	80	0
26	10.606771	11.609375	B3	21	80	0
27	10.610677	10.699219	D4	19	80	0
28	11.247396	12.919271	B4	61	80	0
29	11.315104	11.899740	C4	35	80	0
30	12.311198	12.899740	C4	19	80	0
31	12.312500	12.859375	G4	32	80	0
32	12.313802	13.009115	G3	28	80	0
33	12.834635	13.389323	E4	21	80	0
34	13.334635	13.348958	C5	29	80	0
35	13.339844	13.489583	A3	26	80	0
36	13.343750	13.589844	C4	21	80	0
37	13.397135	13.598958	E4	16	80	0
38	13.834635	17.299479	C5	39	80	0
39	13.852865	14.598958	E4	26	80	0
40	13.855469	14.259115	C4	17	80	0
41	14.363281	15.079427	A4	43	80	0
42	14.424479	14.649740	C4	16	80	0
43	14.886719	15.598958	G4	43	80	0
44	14.904948	15.109375	C4	19	80	0
45	14.920573	15.500000	E4	22	80	0
46	15.451823	16.899740	F#4	47	80	0
47	15.496094	16.149740	C4	18	80	0
48	15.501302	15.739583	D4	18	80	0
49	15.514323	18.348958	D3	28	80	0
50	16.554688	17.569010	G4	43	80	0
51	16.569010	17.399740	C4	28	80	0
52	17.153646	18.299479	A4	47	80	0
53	17.195312	17.438802	D4	17	80	0
54	17.708333	18.509115	B3	24	80	0
55	17.712240	19.279948	G2	22	80	0
56	17.713542	17.899740	D4	16	80	0
57	18.225260	21.729167	B4	40	80	0
58	18.290365	18.549479	D4	22	80	0
59	18.744792	20.378906	G4	46	80	0
60	18.804688	19.449219	F#3	38	80	0
61	18.813802	19.019531	D4	22	80	0
62	18.825521	19.329427	B3	24	80	0
63	19.292969	20.319010	F#4	50	80	0
64	19.329427	19.598958	D4	26	80	0
65	19.334635	19.509115	B3	22	80	0
66	19.861979	21.688802	E4	48	80	0
67	19.907552	20.649740	B3	28	80	0
68	19.977865	21.989583	C3	28	80	0
69	20.415365	21.009115	C4	19	80	0
70	20.897135	21.718750	F#4	38	80	0
71	20.932292	21.699219	B3	24	80	0
72	21.505208	22.319010	G4	37	80	0
73	21.527344	21.968750	C4	22	80	0
74	22.031250	22.729167	A3	24	80	0
75	22.037760	22.049479	A4	27	80	0
76	22.553385	23.559896	A4	40	80	0
77	22.688802	22.848958	C4	21	80	0
78	23.084635	23.789062	F#4	47	80	0
79	23.118490	23.848958	A3	31	80	0
80	23.140625	24.119792	E3	31	80	0
81	23.144531	23.459635	E4	30	80	0
82	23.660156	24.449219	E4	39	80	0
83	23.683594	24.069010	C4	26	80	0
84	24.246094	27.039062	F#4	47	80	0
85	24.291667	26.329427	F#3	30	80	0
86	24.328125	24.709635	B3	22	80	0
87	24.354167	25.468750	B2	23	80	0
88	24.825521	24.839844	B4	38	80	0
89	24.826823	25.529948	B3	27	80	0
90	25.325521	25.779948	D4	25	80	0
91	25.885417	26.619792	B3	19	80	0
92	26.515625	27.750000	F#2	38	80	0
93	27.233073	27.699219	A4	64	80	0
94	27.286458	27.539062	E4	39	80	0
95	27.287760	27.549479	C4	32	80	0
96	27.854167	28.658854	F#4	67	80	0
97	27.897135	28.250000	D4	43	80	0
98	27.912760	28.549479	B3	42	80	0
99	27.977865	28.609375	G2	31	80	0
100	28.531250	29.339844	E4	64	80	0
101	28.566406	29.069010	C4	46	80	0
102	28.572917	29.089844	F#3	43	80	0
103	28.605469	29.329427	A2	44	80	0
104	29.255208	30.989583	F#4	71	80	0
105	29.305990	30.809896	B3	38	80	0
106	29.354167	30.619792	D3	33	80	0
107	29.930990	30.509115	D4	25	80	0
108	30.500000	30.899740	B4	66	80	0
109	31.641927	32.938802	B1	25	80	0
110	31.644531	32.500000	B2	23	80	0
111	32.824219	33.199219	B4	38	80	0
112	33.781250	34.059896	B4	29	80	0
113	33.786458	34.709635	B3	21	80	0
114	33.890625	33.899740	C4	22	80	0
115	33.966146	34.979167	E4	26	80	0
116	34.045573	35.049479	G4	34	80	0
117	34.128906	35.539062	B4	34	80	0
118	34.208333	35.079427	E5	31	80	0
119	34.989583	35.889323	E4	24	80	0
120	35.481771	36.789062	G4	41	80	0
121	35.553385	36.669271	B3	40	80	0
122	35.553385	36.839844	B4	44	80	0
123	36.065104	36.759115	E4	23	80	0
124	36.559896	37.158854	C5	30	80	0
125	36.998698	37.679688	A4	57	80	0
126	37.041667	37.609375	E4	46	80	0
127	37.046875	38.069010	A3	60	80	0
128	37.092448	37.098958	A2	47	80	0
129	37.497396	38.059896	D5	50	80	0
130	37.539062	38.609375	G4	43	80	0
131	37.542969	38.289062	D4	41	80	0
132	38.013021	38.389323	B4	65	80	0
133	38.024740	38.209635	B3	46	80	0
134	38.035156	39.059896	E4	43	80	0
135	38.463542	38.750000	B3	45	80	0
136	38.463542	38.529948	B4	58	80	0
137	38.583333	39.639323	B4	71	80	0
138	38.593750	40.968750	C4	41	80	0
139	38.966146	39.029948	D3	31	80	0
140	38.966146	39.769531	D2	34	80	0
141	38.972656	38.979167	D4	26	80	0
142	39.049479	39.709635	A2	36	80	0
143	39.121094	39.184896	F#3	42	80	0
144	39.213542	39.889323	E4	38	80	0
145	39.587240	40.500000	A4	67	80	0
146	39.675781	40.098958	F#3	48	80	0
147	40.141927	41.009115	E4	33	80	0
148	40.587240	41.989583	G4	62	80	0
149	40.649740	42.169271	B3	49	80	0
150	40.651042	42.000000	B4	51	80	0
151	41.147135	41.938802	E4	29	80	0
152	41.562500	43.128906	A4	61	80	0
153	41.625000	42.699219	A3	43	80	0
154	42.100260	42.299479	E4	35	80	0
155	42.580729	45.109375	E4	53	80	0
156	42.618490	42.628906	G2	31	80	0
157	42.644531	43.289062	G3	29	80	0
158	43.126302	43.989583	B3	25	80	0
159	44.104167	44.289062	B4	32	80	0
160	44.656250	44.959635	E3	30	80	0
161	44.674479	44.679688	E2	23	80	0
162	45.253906	45.529948	D5	46	80	0
163	45.255208	45.639323	D4	34	80	0
164	45.285156	45.589844	D3	35	80	0
165	45.292969	45.669271	D2	31	80	0
166	45.875000	46.609375	G4	47	80	0
167	45.899740	46.309896	G3	33	80	0
168	45.903646	46.438802	G2	29	80	0
169	46.583333	47.339844	D5	37	80	0
170	46.588542	47.128906	F#4	29	80	0
171	46.619792	46.919271	C5	39	80	0
172	46.626302	47.139323	F#3	29	80	0
173	46.634115	47.188802	F#2	25	80	0
174	47.553385	48.459635	B4	31	80	0
175	47.584635	48.378906	E4	24	80	0
176	47.584635	48.139323	B3	19	80	0
177	47.595052	48.449219	E3	25	80	0
178	48.473958	48.878906	B4	55	80	0
179	48.473958	49.039062	B3	56	80	0
180	49.087240	50.239583	B4	63	80	0
181	49.152344	50.158854	D4	62	80	0
182	49.160156	49.169271	D5	63	80	0
183	49.782552	50.619792	E4	75	80	0
184	50.654948	52.089844	F#4	81	80	0
185	50.673177	51.539062	G#3	68	80	0
186	50.677083	51.669271	D4	58	80	0
187	50.731771	51.799479	E2	55	80	0
188	50.733073	51.789062	B2	63	80	0
189	52.337240	53.519531	C4	76	80	0
190	52.354167	54.109375	F#3	75	80	0
191	52.382812	54.049479	A2	68	80	0
192	52.414062	54.369792	D2	71	80	0
193	53.175781	54.209635	B3	72	80	0
194	53.731771	54.519531	A3	78	80	0
195	54.363281	56.569010	B1	58	80	0
196	54.385417	54.569010	B2	53	80	0
197	54.518229	56.509115	F#2	52	80	0
198	54.653646	57.348958	B3	75	80	0
199	54.654948	55.500000	F#4	67	80	0
200	54.684896	56.279948	B2	57	80	0
201	54.684896	56.339844	F#3	56	80	0
202	54.688802	56.438802	D3	67	80	0
203	57.356771	57.729167	B3	23	80	0
204	57.378906	57.869792	B2	27	80	0
205	57.391927	57.979167	F#3	25	80	0
206	57.881510	58.489583	B4	36	80	0
207	57.882812	58.348958	D4	29	80	0
208	57.885417	58.128906	F#4	28	80	0
209	57.894531	58.519531	B3	26	80	0
210	58.408854	58.619792	F#4	25	80	0
211	58.923177	59.023438	B4	35	80	0
212	58.954427	59.089844	F#4	25	80	0
213	59.497396	60.429688	F#5	58	80	0
214	59.549479	60.250000	D5	34	80	0
215	59.553385	60.210938	A4	37	80	0
216	59.555990	60.309896	B4	34	80	0
217	59.559896	59.899740	F#4	31	80	0
218	59.582031	59.589844	D4	19	80	0
219	59.595052	60.799479	B2	22	80	0
220	59.602865	59.609375	B1	24	80	0
221	60.602865	61.799479	G5	58	80	0
222	60.645833	61.089844	B4	46	80	0
223	60.647135	61.000000	D5	37	80	0
224	60.654948	61.059896	G4	44	80	0
225	60.658854	60.779948	D4	28	80	0
226	60.661458	61.000000	B3	33	80	0
227	60.662760	60.979167	G3	34	80	0
228	61.160156	61.408854	D5	27	80	0
229	61.164062	61.429688	B4	35	80	0
230	61.182292	61.369792	G4	33	80	0
231	61.191406	61.199219	D4	15	80	0
232	61.194010	61.438802	B3	18	80	0
233	61.201823	61.339844	G3	23	80	0
234	61.670573	61.869792	B4	39	80	0
235	61.673177	61.809896	G4	34	80	0
236	61.674479	61.799479	D5	26	80	0
237	61.683594	62.419271	B2	23	80	0
238	61.686198	61.699219	B1	25	80	0
239	62.177083	62.500000	F#5	40	80	0
240	62.212240	62.438802	D5	26	80	0
241	62.220052	62.408854	A4	28	80	0
242	62.223958	62.489583	B4	28	80	0
243	62.226562	62.369792	F#4	21	80	0
244	62.248698	62.259115	D4	17	80	0
245	62.252604	62.619792	B3	20	80	0
246	62.677083	63.049479	G5	54	80	0
247	62.725260	62.979167	D5	26	80	0
248	62.725260	63.009115	B4	37	80	0
249	62.727865	62.949219	G4	34	80	0
250	62.734375	62.878906	G3	28	80	0
251	63.214844	63.389323	A5	54	80	0
252	63.240885	63.364583	B4	42	80	0
253	63.244792	63.363281	D5	34	80	0
254	63.282552	63.438802	B3	16	80	0
255	63.285156	63.479167	F#4	20	80	0
256	63.796875	64.619792	D5	51	80	0
257	63.834635	64.128906	G4	40	80	0
258	63.841146	64.149740	B4	38	80	0
259	63.850260	64.139323	E4	33	80	0
260	63.891927	64.658854	B2	20	80	0
261	64.354167	64.639323	B4	31	80	0
262	64.358073	64.619792	E4	26	80	0
263	64.361979	64.579427	G4	28	80	0
264	64.865885	67.500000	C#5	45	80	0
265	64.894531	65.199219	B4	35	80	0
266	64.907552	65.169271	G4	32	80	0
267	64.911458	65.188802	E4	25	80	0
268	64.914062	65.169271	B3	21	80	0
269	65.393229	65.759115	B4	26	80	0
270	65.434896	65.639323	G4	20	80	0
271	65.438802	65.679688	B3	13	80	0
272	65.441406	65.718750	E4	18	80	0
273	65.442708	65.449219	D4	14	80	0
274	65.906250	66.169271	B4	24	80	0
275	65.919271	66.109375	G4	22	80	0
276	65.928385	66.209635	B3	14	80	0
277	65.933594	66.199219	E4	19	80	0
278	66.364583	66.419271	B4	29	80	0
279	66.375000	66.669271	G4	30	80	0
280	66.427083	66.929688	B4	34	80	0
281	66.434896	67.239583	E4	35	80	0
282	66.434896	66.639323	B3	22	80	0
283	66.934896	67.309896	B4	34	80	0
284	66.951823	67.378906	B3	27	80	0
285	66.955729	67.239583	G4	31	80	0
286	66.973958	66.979167	G3	23	80	0
287	67.485677	67.889323	B4	25	80	0
288	67.501302	67.729167	G4	28	80	0
289	67.503906	67.769531	B3	16	80	0
290	67.511719	67.809896	E4	23	80	0
291	67.997396	68.729167	D5	55	80	0
292	68.035156	68.500000	F#4	45	80	0
293	68.036458	68.348958	G4	50	80	0
294	68.036458	68.438802	B4	35	80	0
295	68.059896	68.069010	G3	31	80	0
296	68.062500	68.399740	B3	24	80	0
297	68.098958	68.878906	B2	22	80	0
298	68.570312	68.908854	B4	35	80	0
299	68.575521	68.839844	F#4	27	80	0
300	68.584635	68.929688	B3	20	80	0
301	68.598958	68.819010	G4	32	80	0
302	68.605469	68.739583	D4	15	80	0
303	68.609375	68.709635	G3	20	80	0
304	69.093750	69.989583	E5	55	80	0
305	69.144531	69.519531	B4	38	80	0
306	69.153646	69.395833	E4	33	80	0
307	69.154948	69.468750	G4	36	80	0
308	69.171875	69.500000	B3	21	80	0
309	69.174479	69.378906	G3	24	80	0
310	69.634115	69.949219	B4	30	80	0
311	69.654948	69.869792	G4	29	80	0
312	69.658854	69.899740	B3	19	80	0
313	69.664062	69.938802	E4	24	80	0
314	70.131510	70.500000	B4	34	80	0
315	70.135417	70.869792	E5	29	80	0
316	70.148438	70.369792	G4	28	80	0
317	70.156250	70.348958	E4	22	80	0
318	70.184896	70.919271	B2	20	80	0
319	70.653646	70.979167	D5	32	80	0
320	70.690104	70.989583	B4	25	80	0
321	70.695312	70.889323	G4	32	80	0
322	70.697917	70.872396	F#4	26	80	0
323	70.712240	70.899740	D4	15	80	0
324	70.721354	70.959635	B3	18	80	0
325	71.144531	71.479167	E5	50	80	0
326	71.175781	71.459635	B4	39	80	0
327	71.187500	71.399740	G4	35	80	0
328	71.190104	71.500000	B3	27	80	0
329	71.194010	71.449219	E4	32	80	0
330	71.195312	71.209635	D4	24	80	0
331	71.675781	71.919271	F#5	53	80	0
332	71.703125	71.949219	B4	36	80	0
333	71.725260	71.889323	G4	35	80	0
334	71.727865	71.938802	E4	26	80	0
335	71.731771	71.908854	D4	22	80	0
336	72.263021	74.139323	B4	62	80	0
337	72.298177	72.609375	E4	43	80	0
338	72.303385	72.739583	C#4	41	80	0
339	72.317708	72.579427	G4	49	80	0
340	72.322917	74.000000	B3	39	80	0
341	72.343750	72.500000	G3	31	80	0
342	72.815104	73.489583	G4	41	80	0
343	72.817708	72.966146	E4	28	80	0
344	72.848958	73.119792	C#4	20	80	0
345	73.283854	73.968750	A4	57	80	0
346	73.329427	74.859375	A3	26	80	0
347	73.330729	73.549479	E4	27	80	0
348	73.333333	73.639323	C#4	22	80	0
349	73.845052	74.419271	C#4	18	80	0
350	73.846354	73.962240	G4	30	80	0
351	73.851562	74.529948	E4	22	80	0
352	74.412760	75.759115	F#4	47	80	0
353	74.424479	75.218750	A4	37	80	0
354	74.429688	75.549479	C#4	25	80	0
355	74.444010	75.399740	D4	24	80	0
356	75.473958	75.598958	D4	13	80	0
357	75.997396	76.279948	F#4	24	80	0
358	76.463542	77.309896	A4	65	80	0
359	76.493490	76.908854	F#4	43	80	0
360	76.494792	76.809896	C#4	40	80	0
361	76.496094	77.218750	D4	41	80	0
362	76.500000	76.869792	A3	35	80	0
363	77.070312	77.319010	F#4	41	80	0
364	77.079427	77.438802	C#4	27	80	0
365	77.084635	77.369792	A3	25	80	0
366	77.542969	79.449219	B4	66	80	0
367	77.575521	77.949219	F#4	46	80	0
368	77.597656	77.829427	D4	38	80	0
369	77.604167	78.019531	B3	43	80	0
370	77.609375	78.269531	A3	41	80	0
371	78.125000	78.309896	F#4	34	80	0
372	78.126302	78.348958	D4	21	80	0
373	78.148438	78.369792	B3	24	80	0
374	78.597656	78.839844	F#4	29	80	0
375	78.605469	78.979167	B3	22	80	0
376	78.608073	78.839844	D4	17	80	0
377	78.610677	79.739583	A3	25	80	0
378	79.122396	79.559896	A4	54	80	0
379	79.153646	79.408854	F#4	35	80	0
380	79.170573	79.479167	B3	25	80	0
381	79.173177	79.429688	D4	32	80	0
382	79.192708	79.339844	C#4	33	80	0
383	79.628906	80.289062	B4	66	80	0
384	79.683594	79.938802	F#4	46	80	0
385	79.684896	79.979167	D4	38	80	0
386	79.684896	80.098958	B3	43	80	0
387	80.191406	80.304688	A3	55	80	0
388	80.230469	80.459635	C#5	65	80	0
389	80.250000	80.438802	F#4	59	80	0
390	80.264323	80.509115	D4	46	80	0
391	80.971354	81.519531	F#4	76	80	0
392	80.993490	81.509115	G3	58	80	0
393	81.002604	81.559896	D4	49	80	0
394	81.019531	81.419271	B3	54	80	0
395	81.035156	81.519531	B2	54	80	0
396	81.036458	81.479167	E2	49	80	0
397	82.235677	83.649740	E4	62	80	0
398	82.265625	83.479167	B3	54	80	0
399	82.283854	83.529948	G3	50	80	0
400	82.283854	83.639323	E3	50	80	0
401	82.296875	83.938802	A2	50	80	0
402	84.174479	84.729167	D4	51	80	0
403	84.205729	84.579427	A3	51	80	0
404	84.220052	84.559896	F#3	43	80	0
405	84.238281	84.459635	D2	36	80	0
406	84.239583	84.598958	D3	37	80	0
407	84.783854	85.024740	E4	59	80	0
408	84.812500	85.149740	B3	52	80	0
409	84.815104	85.079427	G3	47	80	0
410	84.816406	85.079427	E3	46	80	0
411	84.819010	85.319010	A2	51	80	0
412	84.832031	85.039062	E2	45	80	0
413	85.345052	85.759115	F#4	67	80	0
414	85.365885	85.729167	D4	44	80	0
415	85.367188	85.718750	G3	47	80	0
416	85.376302	85.799479	B2	47	80	0
417	85.393229	86.908854	E2	48	80	0
418	86.111979	86.919271	E4	56	80	0
419	86.136719	86.859375	B3	39	80	0
420	86.151042	86.848958	G3	41	80	0
421	86.154948	86.859375	E3	42	80	0
422	86.157552	86.729167	A2	40	80	0
423	86.164062	86.359375	B2	37	80	0
424	87.833333	88.718750	D4	24	80	0
425	87.841146	88.429688	A3	27	80	0
426	87.885417	88.539062	F#3	23	80	0
427	87.899740	89.029948	D2	27	80	0
428	89.640625	90.729167	F#5	51	80	0
429	89.673177	90.109375	D5	32	80	0
430	89.675781	90.459635	B4	30	80	0
431	89.704427	92.179688	B2	21	80	0
432	89.713542	90.658854	B1	24	80	0
433	90.803385	92.429688	G5	44	80	0
434	90.860677	91.319010	D5	23	80	0
435	90.863281	91.408854	G4	28	80	0
436	90.864583	91.408854	B4	26	80	0
437	91.414062	91.729167	D5	26	80	0
438	91.415365	91.799479	B4	32	80	0
439	91.419271	91.699219	G4	29	80	0
440	91.885417	92.098958	B4	27	80	0
441	91.903646	92.059896	G4	23	80	0
442	92.391927	93.098958	F#5	41	80	0
443	92.397135	92.679688	D5	36	80	0
444	92.415365	92.899740	B4	35	80	0
445	92.463542	92.949219	A4	44	80	0
446	92.966146	93.169271	G5	36	80	0
447	93.003906	93.279948	B4	28	80	0
448	93.010417	93.339844	G4	44	80	0
449	93.505208	93.848958	A5	40	80	0
450	93.553385	93.989583	B4	30	80	0
451	93.553385	93.779948	D5	24	80	0
452	93.563802	93.839844	F#4	36	80	0
453	93.585938	94.729167	B3	18	80	0
454	94.126302	95.378906	D5	43	80	0
455	94.175781	94.589844	B4	29	80	0
456	94.183594	94.729167	E4	26	80	0
457	94.184896	94.619792	G4	33	80	0
458	94.714844	94.989583	B4	25	80	0
459	94.727865	94.968750	G4	23	80	0
460	94.734375	95.259115	B3	15	80	0
461	94.743490	95.299479	E4	15	80	0
462	95.251302	96.309896	C#5	32	80	0
463	95.261719	95.779948	B4	30	80	0
464	95.309896	95.819010	E4	15	80	0
465	95.326823	95.819010	B3	14	80	0
466	95.334635	95.619792	G4	22	80	0
467	95.794271	96.069010	B4	24	80	0
468	95.812500	96.000000	G4	22	80	0
469	95.829427	96.109375	E4	14	80	0
470	95.832031	96.649740	B3	14	80	0
471	96.291667	96.559896	B4	25	80	0
472	96.324219	96.509115	G4	23	80	0
473	96.332031	96.539062	E4	17	80	0
474	96.792969	97.079427	G4	25	80	0
475	96.795573	97.329427	B4	28	80	0
476	96.813802	97.229167	E4	29	80	0
477	96.813802	97.569010	E5	30	80	0
478	97.338542	97.639323	B4	32	80	0
479	97.348958	97.619792	G4	28	80	0
480	97.350260	97.799479	B3	26	80	0
481	97.354167	97.639323	E4	17	80	0
482	97.894531	98.098958	G4	30	80	0
483	97.895833	98.389323	B4	36	80	0
484	97.927083	98.408854	E4	31	80	0
485	97.933594	98.199219	B3	20	80	0
486	98.445312	99.419271	D5	53	80	0
487	98.484375	98.968750	G4	42	80	0
488	98.486979	98.908854	F#4	38	80	0
489	98.553385	99.250000	A3	25	80	0
490	99.035156	99.309896	B4	34	80	0
491	99.045573	99.250000	F#4	21	80	0
492	99.074219	99.162760	G4	23	80	0
493	99.074219	99.089844	D4	13	80	0
494	99.496094	101.188802	E5	56	80	0
495	99.545573	99.959635	B4	37	80	0
496	99.550781	99.968750	E4	30	80	0
497	99.552083	99.899740	B3	26	80	0
498	99.552083	99.908854	G4	38	80	0
499	100.055990	100.359375	B4	29	80	0
500	100.055990	100.309896	G4	28	80	0
501	100.069010	100.399740	E4	20	80	0
502	100.562500	100.779948	G4	26	80	0
503	100.562500	100.889323	B4	30	80	0
504	100.566406	100.949219	E4	17	80	0
505	101.006510	101.509115	D5	30	80	0
506	101.013021	101.279948	G4	31	80	0
507	101.016927	101.438802	B4	28	80	0
508	101.075521	101.438802	F#4	45	80	0
509	101.545573	102.289062	E5	47	80	0
510	101.585938	101.899740	B4	35	80	0
511	101.587240	102.089844	E4	36	80	0
512	101.593750	101.839844	G4	33	80	0
513	102.061198	102.419271	F#5	54	80	0
514	102.089844	102.369792	B4	37	80	0
515	102.096354	102.329427	G4	42	80	0
516	102.098958	102.378906	D4	28	80	0
517	102.104167	102.429688	E4	32	80	0
518	102.618490	103.269531	B4	55	80	0
519	102.695312	102.989583	G4	49	80	0
520	102.695312	103.128906	C#4	48	80	0
521	102.700521	103.059896	E4	42	80	0
522	103.188802	103.276042	G4	37	80	0
523	103.203125	103.389323	E4	24	80	0
524	103.205729	103.389323	C#4	19	80	0
525	103.649740	104.289062	A4	52	80	0
526	103.674479	103.688802	G4	39	80	0
527	103.703125	104.408854	C#4	28	80	0
528	103.705729	104.218750	E4	30	80	0
529	103.747396	104.419271	A2	26	80	0
530	104.214844	104.399740	G4	32	80	0
531	104.229167	104.348958	E4	18	80	0
532	104.717448	106.079427	F#4	34	80	0
533	104.722656	104.819010	A4	34	80	0
534	104.731771	105.889323	C#4	25	80	0
535	104.740885	105.289062	D4	26	80	0
536	104.744792	105.449219	A3	24	80	0
537	104.774740	106.279948	D2	28	80	0
538	104.777344	105.709635	D3	32	80	0
539	106.315104	106.519531	F#4	22	80	0
540	106.316406	106.329427	D4	17	80	0
541	106.768229	107.799479	A4	59	80	0
542	106.816406	107.169271	C#4	36	80	0
543	106.819010	107.199219	F#4	35	80	0
544	106.822917	107.299479	D4	37	80	0
545	106.856771	108.859375	G2	27	80	0
546	106.856771	106.869792	G1	27	80	0
547	107.341146	107.589844	F#4	45	80	0
548	107.361979	107.549479	F#3	31	80	0
549	107.372396	107.569010	C#4	32	80	0
550	107.373698	107.459635	D4	32	80	0
551	107.861979	108.389323	B4	64	80	0
552	107.890625	108.299479	F#4	40	80	0
553	107.903646	108.389323	B3	40	80	0
554	107.908854	108.389323	D4	31	80	0
555	108.399740	108.899740	B4	37	80	0
556	108.402344	108.688802	F#4	38	80	0
557	108.403646	108.709635	D4	24	80	0
558	108.403646	108.759115	B3	24	80	0
559	108.898438	109.128906	F#4	33	80	0
560	108.904948	109.509115	B4	38	80	0
561	108.908854	109.329427	B3	23	80	0
562	108.911458	109.649740	D4	23	80	0
563	109.391927	109.889323	A4	55	80	0
564	109.436198	109.750000	F#4	38	80	0
565	109.455729	109.679688	C#4	38	80	0
566	109.930990	110.348958	B4	65	80	0
567	109.957031	110.309896	F#4	54	80	0
568	109.964844	110.339844	D4	48	80	0
569	109.967448	110.329427	B3	50	80	0
570	110.032552	110.718750	B2	41	80	0
571	110.035156	110.319010	B1	35	80	0
572	110.536458	110.848958	A3	63	80	0
573	110.580729	110.869792	C#5	60	80	0
574	110.600260	110.839844	F#4	59	80	0
575	110.614583	110.929688	D4	42	80	0
576	111.305990	112.019531	F#4	75	80	0
577	111.342448	111.989583	D4	56	80	0
578	111.343750	111.938802	G#3	57	80	0
579	111.368490	112.019531	B2	64	80	0
580	111.375000	112.009115	E2	56	80	0
581	111.382812	111.389323	E3	52	80	0
582	112.553385	113.819010	E4	57	80	0
583	112.570312	113.729167	B3	49	80	0
584	112.579427	113.628906	C#4	46	80	0
585	112.584635	113.779948	E3	42	80	0
586	112.588542	113.679688	G3	42	80	0
587	112.597656	113.789062	A2	46	80	0
588	112.606771	112.619792	E2	44	80	0
589	114.212240	114.718750	D4	45	80	0
590	114.226562	114.239583	F#4	49	80	0
591	114.234375	114.598958	B3	41	80	0
592	114.244792	114.539062	F#3	39	80	0
593	114.246094	114.539062	A3	44	80	0
594	114.255208	114.669271	A2	38	80	0
595	114.256510	114.509115	D2	37	80	0
596	114.257812	114.539062	D3	38	80	0
597	114.736979	115.500000	E4	61	80	0
598	114.764323	115.029948	G3	49	80	0
599	114.768229	115.119792	C#4	50	80	0
600	114.772135	115.079427	E3	51	80	0
601	114.778646	115.479167	A2	49	80	0
602	114.792969	114.799479	E2	47	80	0
603	115.257812	115.759115	F#4	68	80	0
604	115.292969	115.579427	G#3	53	80	0
605	115.294271	115.609375	D4	49	80	0
606	115.307292	115.848958	B2	55	80	0
607	115.315104	115.878906	E2	49	80	0
608	115.319010	115.519531	E3	47	80	0
609	115.852865	117.079427	E4	55	80	0
610	115.882812	116.589844	C#4	46	80	0
611	115.885417	116.500000	G3	45	80	0
612	115.893229	116.569010	E3	39	80	0
613	115.898438	117.000000	A2	40	80	0
614	117.093750	117.889323	D4	45	80	0
615	117.113281	117.878906	A3	49	80	0
616	117.123698	117.869792	F#3	41	80	0
617	117.144531	117.889323	D3	37	80	0
618	118.513021	119.089844	F#4	80	80	0
619	118.524740	119.019531	G#3	67	80	0
620	118.532552	119.029948	D4	65	80	0
621	118.558594	119.049479	B2	68	80	0
622	118.566406	119.179688	E2	65	80	0
623	119.907552	121.119792	E4	71	80	0
624	119.914062	121.128906	C4	60	80	0
625	119.921875	121.039062	F#3	65	80	0
626	119.932292	121.029948	D3	62	80	0
627	119.944010	121.049479	A2	58	80	0
628	119.945312	121.329427	D2	61	80	0
629	121.988281	122.529948	D4	68	80	0
630	122.010417	122.408854	E4	63	80	0
631	122.013021	122.399740	Bb3	64	80	0
632	122.022135	122.378906	E3	56	80	0
633	122.023438	122.029948	Bb2	55	80	0
634	122.041667	122.429688	G2	49	80	0
635	122.044271	122.369792	C3	51	80	0
636	122.045573	122.348958	C2	49	80	0
637	122.604167	123.179688	E4	73	80	0
638	122.614583	123.250000	C4	59	80	0
639	122.615885	123.109375	F#3	65	80	0
640	122.618490	122.628906	A3	63	80	0
641	122.625000	122.729167	E3	62	80	0
642	122.632812	122.949219	D3	63	80	0
643	122.634115	122.859375	C3	55	80	0
644	122.638021	123.209635	A2	57	80	0
645	122.644531	123.059896	D2	56	80	0
646	123.281250	123.718750	F#4	73	80	0
647	123.308594	123.709635	G#3	58	80	0
648	123.311198	123.688802	D4	50	80	0
649	123.316406	123.699219	B2	55	80	0
650	123.322917	123.718750	E2	54	80	0
651	124.139323	126.079427	E4	61	80	0
652	124.177083	125.519531	B3	45	80	0
653	124.182292	124.649740	F3	38	80	0
654	124.184896	125.149740	G3	39	80	0
655	124.212240	124.789062	E3	40	80	0
656	124.213542	125.489583	G2	34	80	0
657	124.216146	125.569010	D3	37	80	0
658	125.106771	125.569010	G#3	35	80	0
659	125.114583	125.459635	F#3	34	80	0
660	125.123698	125.329427	E3	33	80	0
661	126.354167	127.989583	D4	25	80	0
662	126.356771	127.878906	C4	26	80	0
663	126.364583	127.000000	A3	29	80	0
664	128.608073	130.250000	G2	23	80	0
665	128.764323	130.589844	D3	31	80	0
666	128.910156	128.919271	B4	38	80	0
667	128.915365	129.429688	B3	28	80	0
668	129.126302	129.539062	D4	21	80	0
669	129.363281	130.479167	G5	52	80	0
670	129.968750	130.489583	D5	32	80	0
671	130.432292	130.889323	B4	30	80	0
672	130.445312	130.779948	D4	19	80	0
673	130.454427	130.759115	B3	22	80	0
674	130.455729	130.889323	G4	33	80	0
675	130.466146	130.699219	G3	24	80	0
676	130.993490	131.429688	D5	31	80	0
677	131.273438	131.848958	C2	25	80	0
678	131.384115	133.218750	G2	23	80	0
679	131.502604	131.709635	E3	27	80	0
680	131.966146	132.109375	A5	49	80	0
681	132.033854	132.218750	E5	27	80	0
682	132.480469	133.119792	F#5	57	80	0
683	132.533854	132.779948	E5	35	80	0
684	132.541667	133.438802	B4	41	80	0
685	132.544271	132.669271	E3	29	80	0
686	132.545573	132.878906	E4	26	80	0
687	132.546875	132.908854	B3	26	80	0
688	132.548177	133.509115	G4	42	80	0
689	133.057292	133.739583	E5	48	80	0
690	133.233073	133.419271	D2	30	80	0
691	133.382812	134.878906	B2	22	80	0
692	133.444010	134.059896	B3	27	80	0
693	133.444010	135.149740	B4	36	80	0
694	133.541667	134.319010	F#4	29	80	0
695	133.626302	134.399740	D5	49	80	0
696	133.692708	134.378906	F#3	28	80	0
697	134.588542	135.539062	E5	43	80	0
698	134.643229	135.279948	F#4	31	80	0
699	134.656250	135.279948	B3	18	80	0
700	135.114583	135.598958	F#5	53	80	0
701	135.157552	135.589844	B4	29	80	0
702	135.403646	137.149740	B2	26	80	0
703	135.493490	136.348958	E4	23	80	0
704	135.514323	135.718750	G3	18	80	0
705	135.580729	135.589844	E3	22	80	0
706	135.596354	136.049479	B4	34	80	0
707	135.635417	135.848958	B3	19	80	0
708	135.721354	136.500000	F#5	47	80	0
709	136.054688	136.250000	B4	29	80	0
710	136.227865	136.509115	E5	42	80	0
711	136.256510	136.269531	E3	20	80	0
712	136.260417	136.799479	B4	24	80	0
713	136.751302	137.500000	E5	35	80	0
714	136.804688	137.500000	B4	24	80	0
715	136.811198	137.500000	E4	24	80	0
716	136.821615	137.179688	G4	26	80	0
717	137.920573	138.639323	B5	64	80	0
718	137.958333	138.269531	E5	35	80	0
719	137.959635	137.968750	G2	29	80	0
720	137.962240	138.549479	C5	43	80	0
721	137.962240	138.429688	B4	43	80	0
722	138.069010	139.329427	C3	27	80	0
723	138.145833	139.259115	G3	23	80	0
724	138.283854	138.429688	E5	24	80	0
725	138.294271	138.500000	E4	22	80	0
726	138.492188	138.718750	E5	22	80	0
727	138.895833	139.399740	C5	35	80	0
728	138.912760	139.438802	B4	36	80	0
729	138.925781	139.289062	E5	25	80	0
730	138.941406	139.339844	E4	19	80	0
731	139.420573	139.819010	E5	26	80	0
732	139.596354	141.309896	A3	22	80	0
733	139.654948	140.158854	E4	15	80	0
734	139.765625	140.389323	E3	26	80	0
735	139.927083	141.539062	C4	27	80	0
736	139.929688	140.438802	C5	36	80	0
737	140.410156	140.739583	C6	48	80	0
738	140.446615	140.729167	C5	24	80	0
739	140.454427	140.968750	E5	26	80	0
740	140.915365	141.309896	A5	58	80	0
741	140.955729	141.399740	A4	39	80	0
742	140.963542	141.500000	C5	34	80	0
743	140.973958	141.348958	E5	26	80	0
744	140.981771	141.348958	G4	34	80	0
745	140.993490	141.589844	E4	23	80	0
746	141.466146	141.688802	G5	50	80	0
747	141.507812	141.669271	G4	37	80	0
748	141.511719	141.709635	C5	28	80	0
749	141.520833	141.739583	E5	33	80	0
750	141.963542	142.799479	F#5	50	80	0
751	142.002604	142.429688	B4	39	80	0
752	142.005208	142.419271	F#4	36	80	0
753	142.006510	142.218750	E5	38	80	0
754	142.082031	142.222656	B2	25	80	0
755	142.180990	142.628906	F#3	31	80	0
756	142.300781	142.639323	D4	35	80	0
757	142.527344	142.799479	D5	35	80	0
758	142.529948	142.839844	B4	38	80	0
759	142.920573	143.429688	G5	56	80	0
760	142.963542	143.158854	G4	42	80	0
761	142.966146	143.378906	B4	31	80	0
762	142.971354	143.269531	D5	25	80	0
763	143.486979	144.509115	A5	57	80	0
764	143.524740	144.218750	A4	42	80	0
765	143.531250	143.929688	D5	28	80	0
766	143.750000	144.139323	G2	27	80	0
767	143.985677	144.929688	D3	27	80	0
768	144.106771	144.779948	B4	34	80	0
769	144.123698	144.919271	B3	28	80	0
770	144.125000	144.359375	F#4	28	80	0
771	144.151042	144.299479	D4	16	80	0
772	144.606771	144.869792	B5	43	80	0
773	144.653646	144.869792	D5	20	80	0
774	145.100260	145.468750	G5	41	80	0
775	145.134115	145.438802	B4	35	80	0
776	145.135417	145.500000	G4	37	80	0
777	145.143229	145.509115	D4	18	80	0
778	145.602865	146.199219	F#5	46	80	0
779	145.653646	145.919271	D5	21	80	0
780	146.122396	147.158854	E5	48	80	0
781	146.174479	146.799479	E4	24	80	0
782	146.182292	147.039062	A3	25	80	0
783	146.186198	147.119792	E3	23	80	0
784	146.391927	146.579427	C5	37	80	0
785	146.395833	146.848958	C4	26	80	0
786	146.671875	146.889323	C5	41	80	0
787	147.113281	147.759115	F#5	59	80	0
788	147.171875	147.539062	C5	32	80	0
789	147.173177	147.449219	A4	37	80	0
790	147.174479	147.256510	F#4	35	80	0
791	147.182292	147.408854	C4	23	80	0
792	147.692708	148.399740	G5	43	80	0
793	147.725260	148.169271	G4	42	80	0
794	147.725260	148.299479	C5	35	80	0
795	147.889323	148.079427	F#2	32	80	0
796	148.070312	150.169271	C3	28	80	0
797	148.231771	149.128906	A3	40	80	0
798	148.735677	148.938802	A5	49	80	0
799	148.748698	148.899740	A4	37	80	0
800	148.755208	149.029948	C5	35	80	0
801	149.240885	149.859375	F#5	48	80	0
802	149.276042	149.639323	C5	33	80	0
803	149.283854	150.019531	A4	39	80	0
804	149.285156	150.188802	F#4	34	80	0
805	149.299479	150.079427	E4	25	80	0
806	149.304688	149.829427	C4	20	80	0
807	149.803385	150.679688	E5	42	80	0
808	149.815104	150.500000	C5	34	80	0
809	149.837240	150.329427	C4	20	80	0
810	150.330729	151.968750	F#5	49	80	0
811	150.376302	150.899740	B4	34	80	0
812	150.386719	151.250000	F#4	31	80	0
813	150.386719	150.649740	B3	26	80	0
814	150.524740	151.628906	F#3	23	80	0
815	150.675781	150.938802	D4	14	80	0
816	150.895833	151.229167	D5	30	80	0
817	150.911458	151.119792	B4	21	80	0
818	151.128906	151.489583	B3	20	80	0
819	151.131510	151.279948	B4	26	80	0
820	151.256510	152.069010	F#4	25	80	0
821	151.292969	151.339844	B4	31	80	0
822	151.329427	151.429688	D4	15	80	0
823	151.346354	152.039062	B4	29	80	0
824	151.795573	152.069010	D5	25	80	0
825	152.255208	152.979167	C5	39	80	0
826	152.285156	152.669271	A4	34	80	0
827	152.302083	152.545573	E4	28	80	0
828	152.335938	153.339844	F#2	31	80	0
829	152.850260	153.239583	A4	63	80	0
830	152.897135	153.218750	C4	35	80	0
831	152.899740	153.139323	E4	42	80	0
832	153.475260	154.279948	F#4	71	80	0
833	153.509115	153.929688	B3	44	80	0
834	153.513021	153.899740	D4	43	80	0
835	153.566406	154.218750	B2	38	80	0
836	154.147135	154.979167	E4	68	80	0
837	154.173177	155.049479	F#3	53	80	0
838	154.173177	154.949219	C4	49	80	0
839	154.195312	154.559896	D4	57	80	0
840	154.220052	155.109375	D3	61	80	0
841	154.924479	155.399740	F#4	65	80	0
842	154.945312	155.378906	D4	43	80	0
843	154.951823	155.479167	B3	50	80	0
844	155.000000	156.109375	B2	44	80	0
845	156.044271	156.319010	B5	67	80	0
846	156.087240	156.669271	B4	67	80	0
847	156.121094	156.218750	D4	34	80	0
848	156.130208	156.329427	B3	43	80	0
849	157.184896	158.378906	B1	34	80	0
850	158.276042	158.438802	B5	51	80	0
851	158.283854	158.559896	B4	42	80	0
852	159.226562	159.429688	B4	42	80	0
853	159.226562	159.639323	B3	40	80	0
854	159.423177	159.559896	C4	23	80	0
855	159.500000	159.779948	E4	29	80	0
856	159.583333	159.839844	B4	40	80	0
857	159.683594	160.109375	C5	46	80	0
858	159.791667	160.029948	E5	34	80	0
859	159.925781	160.729167	B5	42	80	0
860	160.050781	162.029948	B4	45	80	0
861	160.102865	160.438802	A2	25	80	0
862	160.104167	160.509115	E3	28	80	0
863	160.660156	160.669271	C5	31	80	0
864	160.674479	161.269531	E5	25	80	0
865	161.126302	162.229167	E4	21	80	0
866	161.131510	161.949219	C4	18	80	0
867	161.662760	162.309896	E5	28	80	0
868	161.664062	162.179688	C5	24	80	0
869	162.134115	163.609375	B3	34	80	0
870	162.623698	163.500000	A5	46	80	0
871	162.638021	163.299479	A4	37	80	0
872	162.651042	163.500000	G5	43	80	0
873	162.665365	163.199219	G4	29	80	0
874	162.674479	163.319010	E4	24	80	0
875	162.683594	163.519531	A3	27	80	0
876	163.194010	163.628906	D5	33	80	0
877	163.199219	163.559896	B4	28	80	0
878	163.208333	163.389323	G4	23	80	0
879	163.210938	163.589844	D4	23	80	0
880	163.700521	164.199219	B5	44	80	0
881	163.705729	164.149740	C5	34	80	0
882	163.713542	164.069010	E4	26	80	0
883	163.714844	164.069010	B4	37	80	0
884	163.723958	164.069010	G4	29	80	0
885	163.756510	164.029948	B3	17	80	0
886	164.165365	164.389323	B3	28	80	0
887	164.303385	164.529948	B5	50	80	0
888	164.313802	164.688802	B4	40	80	0
889	164.716146	164.834635	D2	26	80	0
890	164.808594	164.955729	A2	24	80	0
891	164.904948	165.059896	F#3	27	80	0
892	164.985677	165.096354	C4	18	80	0
893	165.054688	165.149740	E4	29	80	0
894	165.393229	165.819010	A5	49	80	0
895	165.403646	166.098958	A4	47	80	0
896	165.440104	165.628906	C4	14	80	0
897	165.442708	165.889323	F#4	31	80	0
898	165.444010	165.628906	E4	22	80	0
899	165.450521	165.799479	A3	21	80	0
900	165.457031	165.739583	F#3	22	80	0
901	165.973958	166.199219	E5	32	80	0
902	165.975260	166.158854	E4	19	80	0
903	165.984375	166.139323	C5	29	80	0
904	165.985677	166.000000	C4	14	80	0
905	166.063802	166.299479	C4	16	80	0
906	166.425781	167.250000	G5	56	80	0
907	166.445312	167.199219	G4	55	80	0
908	166.473958	167.039062	B3	29	80	0
909	167.020833	167.839844	E5	37	80	0
910	167.022135	167.299479	C5	42	80	0
911	167.044271	167.598958	C4	22	80	0
912	167.050781	167.628906	E4	26	80	0
913	167.479167	168.209635	A5	63	80	0
914	167.484375	168.429688	A4	58	80	0
915	167.535156	168.359375	A3	38	80	0
916	168.057292	168.419271	C4	25	80	0
917	168.063802	168.519531	C5	38	80	0
918	168.088542	168.429688	E5	31	80	0
919	168.114583	168.289062	E4	26	80	0
920	168.582031	170.069010	E5	49	80	0
921	168.595052	169.929688	E4	43	80	0
922	168.644531	170.029948	G3	27	80	0
923	170.214844	171.179688	E5	27	80	0
924	170.246094	170.598958	B4	24	80	0
925	170.248698	170.359375	E3	19	80	0
926	170.812500	171.098958	E4	35	80	0
927	170.816406	171.019531	E3	27	80	0
928	171.403646	171.959635	D5	48	80	0
929	171.432292	171.769531	A4	33	80	0
930	171.433594	171.829427	D4	31	80	0
931	171.440104	171.769531	C5	39	80	0
932	171.464844	171.889323	C3	28	80	0
933	171.496094	171.829427	D3	23	80	0
934	172.040365	172.389323	G5	43	80	0
935	172.075521	172.429688	G4	40	80	0
936	172.083333	172.359375	B4	33	80	0
937	172.097656	172.438802	G3	27	80	0
938	172.102865	172.289062	D3	32	80	0
939	172.105469	172.399740	G2	25	80	0
940	172.777344	173.399740	F#5	47	80	0
941	172.805990	173.628906	F#4	34	80	0
942	172.826823	173.438802	F#3	26	80	0
943	172.834635	173.139323	D3	26	80	0
944	172.842448	173.359375	C3	24	80	0
945	173.770833	175.989583	E5	34	80	0
946	173.777344	174.329427	E4	24	80	0
947	173.796875	174.218750	E3	25	80	0
948	173.802083	174.399740	B3	21	80	0
949	173.813802	175.309896	B2	25	80	0
950	174.835938	176.339844	B3	60	80	0
951	174.835938	175.438802	B4	55	80	0
952	175.506510	177.299479	B4	68	80	0
953	175.584635	176.848958	D4	72	80	0
954	176.371094	177.269531	E4	72	80	0
955	177.195312	178.459635	E2	67	80	0
956	177.300781	178.378906	B2	64	80	0
957	177.390625	178.389323	G#3	59	80	0
958	177.393229	177.519531	E3	57	80	0
959	177.488281	179.149740	D4	59	80	0
960	177.578125	178.839844	F#4	65	80	0
961	177.712240	178.559896	D5	80	80	0
962	179.222656	181.519531	D2	72	80	0
963	179.324219	181.250000	A2	63	80	0
964	179.424479	179.979167	F#3	66	80	0
965	179.539062	179.609375	C4	62	80	0
966	179.623698	181.319010	C4	59	80	0
967	179.628906	181.769531	E4	69	80	0
968	179.790365	181.049479	C5	79	80	0
969	180.548177	181.579427	B4	77	80	0
970	181.136719	181.669271	A4	85	80	0
971	181.454427	184.069010	G2	82	80	0
972	181.467448	182.029948	G1	79	80	0
973	181.955729	186.479167	B4	81	80	0
974	181.964844	184.468750	B3	73	80	0
975	181.966146	183.519531	F#4	82	80	0
976	181.983073	183.378906	F#3	77	80	0
977	181.993490	182.000000	D4	64	80	0
978	182.003906	184.149740	B2	70	80	0
979	182.010417	182.279948	F#2	77	80	0
980	182.011719	182.019531	B1	72	80	0
981	184.276042	184.479167	E5	69	80	0
982	184.278646	186.399740	E4	73	80	0
983	184.283854	185.848958	E3	64	80	0
984	184.294271	186.359375	E2	55	80	0
985	186.111979	186.119792	D5	67	80	0
986	186.113281	187.688802	D4	68	80	0
987	186.143229	187.589844	D3	53	80	0
988	186.161458	188.119792	D2	42	80	0
989	189.171875	189.889323	G5	48	80	0
990	189.752604	190.279948	Bb5	51	80	0
991	190.204427	190.649740	C6	60	80	0
992	190.257812	190.369792	G5	35	80	0
993	190.375000	191.019531	G5	38	80	0
994	190.621094	191.188802	D6	58	80	0
995	191.074219	192.119792	F6	68	80	0
996	191.110677	191.968750	G5	47	80	0
997	191.503906	192.229167	D5	55	80	0
998	192.098958	192.259115	Bb5	45	80	0
999	192.104167	192.539062	G5	37	80	0
1000	192.380208	192.769531	E6	59	80	0
1001	192.445312	193.049479	D5	57	80	0
1002	192.824219	193.179688	D6	63	80	0
1003	192.880208	193.009115	Bb5	42	80	0
1004	192.885417	193.289062	G5	36	80	0
1005	193.100260	193.468750	C5	60	80	0
1006	193.264323	193.679688	E6	60	80	0
1007	193.514323	193.593750	G4	47	80	0
1008	193.658854	193.859375	C6	55	80	0
1009	193.669271	193.789062	Bb5	51	80	0
1010	193.673177	193.848958	G5	39	80	0
1011	193.812500	194.919271	C5	56	80	0
1012	194.204427	194.598958	D6	42	80	0
1013	194.223958	194.829427	A5	33	80	0
1014	194.223958	194.989583	F5	33	80	0
1015	194.320312	195.408854	D4	23	80	0
1016	195.587240	195.889323	F4	24	80	0
1017	195.630208	196.218750	A3	22	80	0
1018	195.656250	196.059896	C4	16	80	0
1019	196.089844	196.759115	A4	42	80	0
1020	196.132812	196.589844	C4	17	80	0
1021	196.167969	196.569010	G3	26	80	0
1022	196.567708	197.239583	F4	24	80	0
1023	196.596354	197.009115	C4	12	80	0
1024	196.623698	197.149740	A3	17	80	0
1025	197.033854	197.218750	G3	15	80	0
1026	197.036458	197.049479	G4	20	80	0
1027	197.093750	197.839844	D4	23	80	0
1028	197.161458	197.359375	A3	18	80	0
1029	197.613281	197.789062	F4	26	80	0
1030	197.614583	197.809896	A3	23	80	0
1031	197.621094	197.839844	C4	21	80	0
1032	197.885417	199.649740	A4	46	80	0
1033	197.895833	197.989583	C4	22	80	0
1034	197.919271	198.109375	F3	23	80	0
1035	197.920573	198.408854	F4	27	80	0
1036	198.026042	198.128906	G4	33	80	0
1037	198.029948	198.209635	G3	26	80	0
1038	198.042969	198.239583	C4	26	80	0
1039	198.130208	198.369792	D5	48	80	0
1040	198.227865	198.359375	D3	36	80	0
1041	198.339844	199.408854	B3	37	80	0
1042	198.476562	198.968750	E4	34	80	0
1043	198.484375	200.679688	E5	47	80	0
1044	198.519531	199.519531	D3	29	80	0
1045	199.080729	199.848958	G2	20	80	0
1046	200.052083	200.389323	F4	41	80	0
1047	200.054688	200.359375	A4	36	80	0
1048	200.063802	200.329427	D4	27	80	0
1049	200.069010	200.348958	A3	25	80	0
1050	200.346354	200.878906	G3	33	80	0
1051	200.447917	200.559896	D4	37	80	0
1052	200.520833	200.968750	A4	66	80	0
1053	200.554688	200.889323	C4	35	80	0
1054	200.561198	200.859375	F4	45	80	0
1055	200.566406	200.859375	D4	35	80	0
1056	200.985677	201.348958	D5	66	80	0
1057	201.020833	201.319010	A4	58	80	0
1058	201.033854	201.489583	C4	34	80	0
1059	201.033854	201.389323	F4	40	80	0
1060	201.039062	201.489583	F3	42	80	0
1061	201.041667	201.279948	D4	36	80	0
1062	201.055990	201.509115	G3	34	80	0
1063	201.545573	203.239583	E5	58	80	0
1064	201.554688	201.569010	A3	49	80	0
1065	201.555990	203.049479	A4	63	80	0
1066	201.601562	203.079427	F4	48	80	0
1067	201.617188	202.718750	B3	62	80	0
1068	201.625000	202.869792	D3	49	80	0
1069	202.243490	203.299479	G2	33	80	0
1070	203.269531	203.609375	G3	28	80	0
1071	203.342448	203.938802	B3	35	80	0
1072	203.360677	204.779948	E5	41	80	0
1073	203.363281	203.968750	A4	44	80	0
1074	203.386719	204.000000	F4	25	80	0
1075	203.915365	204.799479	C5	44	80	0
1076	203.972656	204.419271	G4	33	80	0
1077	203.973958	204.579427	G3	26	80	0
1078	204.432292	205.089844	G4	36	80	0
1079	204.444010	204.799479	F4	25	80	0
1080	205.510417	206.089844	C5	35	80	0
1081	205.585938	206.199219	G4	29	80	0
1082	205.940104	206.809896	Eb4	27	80	0
1083	206.106771	206.688802	Eb5	42	80	0
1084	206.566406	207.000000	F5	61	80	0
1085	206.615885	206.908854	D5	37	80	0
1086	206.884115	207.128906	C5	43	80	0
1087	206.967448	208.119792	G5	59	80	0
1088	207.255208	207.688802	Bb4	41	80	0
1089	207.404948	208.459635	Bb5	65	80	0
1090	207.449219	207.908854	C5	42	80	0
1091	207.454427	207.968750	Eb5	33	80	0
1092	207.838542	208.158854	G4	44	80	0
1093	208.259115	208.539062	Bb4	53	80	0
1094	208.291667	208.539062	C5	42	80	0
1095	208.294271	208.489583	Eb5	34	80	0
1096	208.627604	209.239583	A5	63	80	0
1097	208.675781	209.000000	A4	42	80	0
1098	208.984375	209.209635	G4	40	80	0
1099	209.075521	209.559896	G5	58	80	0
1100	209.115885	209.658854	C5	41	80	0
1101	209.115885	209.509115	Eb5	40	80	0
1102	209.121094	209.339844	C4	29	80	0
1103	209.384115	209.869792	F4	34	80	0
1104	209.536458	210.109375	A5	54	80	0
1105	209.789062	209.959635	C5	33	80	0
1106	209.790365	210.199219	C4	25	80	0
1107	209.933594	210.289062	F5	49	80	0
1108	209.967448	210.069010	F4	23	80	0
1109	209.972656	210.289062	C5	31	80	0
1110	209.979167	210.289062	Eb5	34	80	0
1111	210.165365	210.369792	F4	25	80	0
1112	210.553385	211.158854	G5	38	80	0
1113	210.583333	211.199219	Bb4	31	80	0
1114	210.587240	210.869792	D5	23	80	0
1115	210.615885	210.889323	G3	21	80	0
1116	211.283854	212.289062	G2	23	80	0
1117	211.283854	211.289062	G1	26	80	0
1118	212.010417	212.319010	Bb4	41	80	0
1119	212.040365	212.348958	D4	18	80	0
1120	212.049479	212.339844	F4	20	80	0
1121	212.080729	212.378906	Bb3	25	80	0
1122	212.533854	212.839844	D5	45	80	0
1123	212.554688	212.739583	A4	47	80	0
1124	212.567708	212.699219	Bb4	47	80	0
1125	212.579427	212.829427	F4	36	80	0
1126	212.580729	212.899740	D4	34	80	0
1127	212.585938	212.739583	Bb3	33	80	0
1128	212.882812	212.940104	Bb3	42	80	0
1129	213.053385	213.269531	Bb4	64	80	0
1130	213.075521	213.239583	Bb3	41	80	0
1131	213.075521	213.250000	D4	37	80	0
1132	213.089844	213.279948	F4	47	80	0
1133	213.615885	214.059896	G4	60	80	0
1134	213.621094	213.829427	Bb4	54	80	0
1135	213.641927	213.859375	Bb3	46	80	0
1136	213.645833	213.829427	D4	35	80	0
1137	213.665365	214.239583	G3	40	80	0
1138	214.046875	214.188802	Bb3	51	80	0
1139	214.070312	214.079427	D4	30	80	0
1140	214.140625	214.233073	Bb4	68	80	0
1141	214.144531	214.226562	D4	41	80	0
1142	214.148438	214.236979	F4	47	80	0
1143	214.195312	214.329427	Bb3	45	80	0
1144	214.403646	214.475260	D4	61	80	0
1145	214.406250	214.484375	D5	67	80	0
1146	214.414062	214.479167	A4	76	80	0
1147	214.414062	214.489583	F4	59	80	0
1148	214.497396	214.529948	F4	34	80	0
1149	214.635417	214.859375	F5	79	80	0
1150	214.638021	214.708333	A4	76	80	0
1151	214.641927	214.759115	F4	67	80	0
1152	214.643229	214.713542	D5	65	80	0
1153	214.652344	214.721354	Bb3	59	80	0
1154	214.654948	214.669271	A3	54	80	0
1155	214.981771	216.158854	A5	81	80	0
1156	214.989583	215.000000	A4	75	80	0
1157	214.990885	215.509115	D5	64	80	0
1158	214.992188	215.539062	Bb5	82	80	0
1159	215.001302	216.389323	Bb4	78	80	0
1160	215.011719	216.229167	E5	68	80	0
1161	215.016927	215.169271	Bb3	63	80	0
1162	215.026042	215.299479	E4	63	80	0
1163	215.027344	215.279948	G3	57	80	0
1164	215.653646	216.369792	G2	51	80	0
1165	215.667969	216.259115	C2	47	80	0
1166	216.873698	217.279948	Bb3	77	80	0
1167	216.876302	217.679688	Bb4	75	80	0
1168	216.885417	217.229167	D4	62	80	0
1169	216.886719	217.299479	G3	68	80	0
1170	216.891927	216.899740	G2	60	80	0
1171	216.902344	217.299479	D3	68	80	0
1172	216.903646	217.269531	G4	67	80	0
1173	216.907552	217.269531	F4	60	80	0
1174	217.390625	217.658854	D5	75	80	0
1175	217.393229	217.649740	D4	71	80	0
1176	217.393229	217.709635	Bb3	73	80	0
1177	217.394531	217.589844	D3	71	80	0
1178	217.402344	217.658854	F3	67	80	0
1179	217.402344	217.559896	F4	70	80	0
1180	217.416667	217.688802	G3	66	80	0
1181	217.871094	218.179688	D4	53	80	0
1182	217.873698	218.199219	Bb3	63	80	0
1183	217.873698	218.079427	A3	64	80	0
1184	217.897135	218.179688	D3	58	80	0
1185	217.921875	219.049479	F5	77	80	0
1186	217.934896	218.269531	F4	69	80	0
1187	217.944010	218.438802	D5	72	80	0
1188	217.953125	218.369792	A4	74	80	0
1189	218.130208	218.859375	G3	65	80	0
1190	218.205729	218.878906	Bb3	60	80	0
1191	218.292969	218.628906	E4	69	80	0
1192	218.652344	220.289062	A5	84	80	0
1193	218.652344	220.169271	A4	83	80	0
1194	218.665365	220.269531	D5	70	80	0
1195	218.673177	218.679688	Bb5	82	80	0
1196	218.684896	220.509115	Bb4	84	80	0
1197	219.490885	220.188802	G2	71	80	0
1198	219.496094	220.149740	C2	74	80	0
1199	220.710938	221.269531	Bb3	50	80	0
1200	220.743490	221.468750	C4	41	80	0
1201	220.794271	221.319010	E4	64	80	0
1202	220.813802	221.500000	E5	65	80	0
1203	220.822917	221.259115	A4	81	80	0
1204	220.824219	221.339844	A5	81	80	0
1205	221.457031	222.509115	F5	78	80	0
1206	221.466146	223.059896	C5	67	80	0
1207	221.473958	222.809896	F4	69	80	0
1208	221.475260	222.169271	Bb4	72	80	0
1209	221.477865	222.059896	Bb3	66	80	0
1210	221.481771	222.878906	F3	56	80	0
1211	221.481771	223.019531	C4	58	80	0
1212	221.483073	221.489583	D4	50	80	0
1213	222.072917	222.799479	A4	65	80	0
1214	222.076823	222.658854	A3	47	80	0
1215	222.593750	223.049479	G#4	56	80	0
1216	222.604167	222.899740	G#3	33	80	0
1217	222.613281	222.619792	Bb3	33	80	0
1218	223.052083	223.509115	F3	31	80	0
1219	223.054688	223.329427	F4	35	80	0
1220	223.139323	223.759115	Eb5	55	80	0
1221	223.165365	223.609375	B3	28	80	0
1222	223.167969	223.179688	B2	28	80	0
1223	223.183594	223.679688	G4	37	80	0
1224	223.183594	223.669271	Eb4	25	80	0
1225	223.662760	224.479167	C3	21	80	0
1226	223.725260	225.169271	C5	42	80	0
1227	223.746094	224.500000	C4	22	80	0
1228	223.759115	224.529948	G4	32	80	0
1229	223.764323	224.158854	G3	27	80	0
1230	223.764323	224.369792	F3	25	80	0
1231	224.294271	224.878906	E4	35	80	0
1232	224.322917	224.529948	E3	27	80	0
1233	224.861979	225.569010	Eb4	27	80	0
1234	224.888021	225.279948	Eb3	26	80	0
1235	224.888021	225.348958	C4	17	80	0
1236	224.915365	225.098958	G3	18	80	0
1237	225.419271	226.199219	Bb4	50	80	0
1238	225.477865	226.069010	D4	24	80	0
1239	225.479167	225.859375	F#4	33	80	0
1240	225.481771	226.179688	Bb3	31	80	0
1241	225.485677	226.218750	F#3	28	80	0
1242	225.515625	225.529948	D3	28	80	0
1243	225.522135	227.479167	C3	25	80	0
1244	226.143229	227.438802	G4	57	80	0
1245	226.186198	226.658854	D4	21	80	0
1246	226.192708	226.829427	C4	22	80	0
1247	226.194010	226.848958	G3	27	80	0
1248	226.200521	227.069010	D3	32	80	0
1249	227.526042	228.569010	E4	41	80	0
1250	227.575521	229.149740	E3	34	80	0
1251	229.174479	230.369792	F#4	38	80	0
1252	229.186198	231.188802	C4	25	80	0
1253	229.195312	229.329427	D4	21	80	0
1254	229.201823	230.628906	F#3	26	80	0
1255	231.199219	231.209635	G4	34	80	0
1256	231.216146	232.500000	G3	28	80	0
1257	231.221354	232.489583	Bb3	31	80	0
1258	231.223958	231.239583	D4	22	80	0
1259	234.794271	235.479167	F6	64	80	0
1260	234.822917	235.339844	G5	46	80	0
1261	235.183594	235.188802	D5	28	80	0
1262	235.348958	235.609375	G5	41	80	0
1263	235.408854	235.539062	Bb5	45	80	0
1264	235.493490	237.029948	F6	50	80	0
1265	235.613281	236.299479	Bb5	40	80	0
1266	235.623698	236.649740	G5	35	80	0
1267	236.104167	236.250000	D5	34	80	0
1268	236.210938	236.619792	E6	53	80	0
1269	236.618490	236.968750	D6	53	80	0
1270	236.662760	237.169271	G5	33	80	0
1271	236.666667	237.079427	Bb5	40	80	0
1272	236.855469	237.089844	C5	40	80	0
1273	237.011719	237.479167	E6	60	80	0
1274	237.240885	237.408854	G4	36	80	0
1275	237.438802	237.589844	C6	52	80	0
1276	237.475260	237.549479	Bb5	42	80	0
1277	237.493490	237.919271	G5	36	80	0
1278	237.648438	237.799479	C5	35	80	0
1279	237.861979	238.188802	D4	22	80	0
1280	237.998698	238.149740	D6	42	80	0
1281	238.238281	238.549479	A4	37	80	0
1282	238.389323	238.539062	D5	26	80	0
1283	238.511719	238.759115	F5	33	80	0
1284	238.625000	238.639323	A5	33	80	0
1285	239.148438	239.669271	G3	22	80	0
1286	239.966146	240.229167	F4	21	80	0
1287	239.968750	240.348958	C4	20	80	0
1288	239.977865	240.229167	A3	24	80	0
1289	240.503906	240.729167	A4	40	80	0
1290	240.535156	240.729167	C4	14	80	0
1291	240.583333	240.729167	D4	17	80	0
1292	240.584635	240.779948	F4	19	80	0
1293	240.585938	240.848958	G3	21	80	0
1294	240.964844	241.179688	A4	32	80	0
1295	240.973958	241.309896	F4	25	80	0
1296	240.998698	241.529948	C4	19	80	0
1297	241.001302	241.239583	A3	24	80	0
1298	241.003906	241.039062	D4	17	80	0
1299	241.367188	241.609375	G3	22	80	0
1300	241.467448	241.779948	D4	22	80	0
1301	241.553385	242.069010	F3	23	80	0
1302	241.553385	241.769531	A4	30	80	0
1303	241.554688	241.779948	A3	26	80	0
1304	242.194010	242.429688	A4	46	80	0
1305	242.213542	242.309896	F4	29	80	0
1306	242.214844	242.329427	F3	29	80	0
1307	242.225260	242.378906	C4	20	80	0
1308	242.320312	242.609375	G3	28	80	0
1309	242.391927	242.579427	C4	30	80	0
1310	242.436198	243.259115	D5	47	80	0
1311	242.463542	243.479167	F4	31	80	0
1312	242.614583	243.669271	D3	34	80	0
1313	242.725260	243.598958	B3	36	80	0
1314	242.812500	242.819010	A2	37	80	0
1315	242.824219	244.559896	E5	48	80	0
1316	242.845052	243.938802	A4	44	80	0
1317	243.404948	243.829427	G2	23	80	0
1318	244.375000	244.658854	A4	46	80	0
1319	244.376302	244.649740	F4	40	80	0
1320	244.384115	244.699219	C4	36	80	0
1321	244.390625	244.688802	A3	41	80	0
1322	244.772135	245.259115	G3	47	80	0
1323	244.824219	244.908854	D4	40	80	0
1324	244.855469	245.209635	A4	69	80	0
1325	244.876302	245.158854	F4	48	80	0
1326	244.897135	245.188802	A3	40	80	0
1327	244.906250	245.169271	C4	41	80	0
1328	244.924479	245.339844	D4	41	80	0
1329	245.334635	246.309896	D5	64	80	0
1330	245.339844	245.699219	A4	71	80	0
1331	245.359375	245.639323	F4	48	80	0
1332	245.390625	245.709635	C4	39	80	0
1333	245.393229	245.759115	F3	41	80	0
1334	245.395833	245.688802	G3	42	80	0
1335	245.911458	248.209635	A4	65	80	0
1336	245.914062	247.299479	F5	62	80	0
1337	245.925781	247.769531	F4	45	80	0
1338	245.975260	247.329427	B3	68	80	0
1339	245.994792	247.649740	D3	52	80	0
1340	246.666667	247.938802	G2	31	80	0
1341	247.752604	248.098958	E5	42	80	0
1342	247.772135	248.399740	B3	45	80	0
1343	247.782552	248.669271	F4	35	80	0
1344	247.822917	248.179688	G3	30	80	0
1345	248.313802	249.399740	C5	51	80	0
1346	248.373698	248.699219	G4	34	80	0
1347	248.375000	249.639323	G3	28	80	0
1348	248.414062	248.919271	C3	24	80	0
1349	248.709635	248.829427	G4	37	80	0
1350	248.714844	249.269531	C4	20	80	0
1351	248.843750	249.559896	G4	36	80	0
1352	248.846354	249.468750	F4	25	80	0
1353	249.299479	249.979167	G5	34	80	0
1354	249.886719	250.709635	C5	41	80	0
1355	249.957031	250.408854	G4	33	80	0
1356	250.292969	250.859375	Eb4	27	80	0
1357	250.462240	251.029948	Eb5	43	80	0
1358	250.898438	251.369792	F5	63	80	0
1359	250.954427	251.239583	D5	29	80	0
1360	251.171875	251.598958	C5	42	80	0
1361	251.294271	252.500000	G5	58	80	0
1362	251.563802	251.769531	Bb4	32	80	0
1363	251.744792	252.049479	Bb5	47	80	0
1364	251.781250	251.859375	Bb4	26	80	0
1365	251.798177	251.979167	Eb5	29	80	0
1366	251.902344	252.179688	G4	45	80	0
1367	252.005208	252.128906	Bb4	43	80	0
1368	252.082031	252.500000	C5	43	80	0
1369	252.153646	252.299479	Eb5	42	80	0
1370	252.222656	252.429688	Bb5	45	80	0
1371	252.313802	252.769531	Eb5	34	80	0
1372	252.700521	253.009115	C5	27	80	0
1373	252.700521	252.908854	Bb4	32	80	0
1374	252.846354	253.269531	A4	39	80	0
1375	252.915365	253.229167	A5	51	80	0
1376	253.268229	253.449219	C6	41	80	0
1377	253.277344	253.369792	Bb5	36	80	0
1378	253.365885	253.699219	G5	54	80	0
1379	253.407552	253.679688	G4	42	80	0
1380	253.410156	253.688802	C5	36	80	0
1381	253.416667	253.628906	Eb5	35	80	0
1382	253.670573	254.209635	F4	25	80	0
1383	253.768229	254.299479	A5	52	80	0
1384	253.794271	253.799479	Bb4	37	80	0
1385	253.993490	254.489583	C4	23	80	0
1386	254.216146	254.839844	F5	44	80	0
1387	254.244792	254.569010	C5	28	80	0
1388	254.253906	254.399740	Eb5	29	80	0
1389	254.270833	254.658854	A4	31	80	0
1390	254.740885	255.250000	G5	37	80	0
1391	255.062500	255.419271	G4	31	80	0
1392	255.325521	255.609375	D5	27	80	0
1393	255.755208	256.669271	G2	23	80	0
1394	255.760417	255.769531	G1	24	80	0
1395	256.430990	256.789062	Bb4	47	80	0
1396	256.436198	256.789062	F4	25	80	0
1397	256.444010	256.489583	D4	23	80	0
1398	256.501302	256.779948	D4	26	80	0
1399	256.501302	256.919271	Bb3	50	80	0
1400	256.513021	256.519531	F3	29	80	0
1401	256.996094	257.309896	D5	55	80	0
1402	257.014323	257.319010	A4	49	80	0
1403	257.016927	257.332031	D4	44	80	0
1404	257.023438	257.329427	F4	40	80	0
1405	257.290365	257.345052	Bb3	56	80	0
1406	257.466146	257.919271	Bb4	68	80	0
1407	257.493490	257.699219	D4	43	80	0
1408	257.494792	257.589844	Bb3	50	80	0
1409	257.498698	257.699219	F4	45	80	0
1410	257.645833	257.869792	C2	35	80	0
1411	258.007812	258.378906	G4	63	80	0
1412	258.015625	258.279948	Bb4	56	80	0
1413	258.016927	258.259115	D4	40	80	0
1414	258.024740	258.259115	Bb3	46	80	0
1415	258.093750	259.079427	G3	52	80	0
1416	258.479167	258.859375	Bb3	61	80	0
1417	258.481771	258.565104	Bb4	65	80	0
1418	258.484375	258.550781	F4	49	80	0
1419	258.484375	258.619792	D4	49	80	0
1420	258.757812	258.835938	D5	69	80	0
1421	258.761719	258.908854	D4	58	80	0
1422	258.761719	258.825521	A4	73	80	0
1423	258.770833	258.839844	F4	57	80	0
1424	258.848958	258.899740	F4	48	80	0
1425	258.941406	259.048177	Bb3	50	80	0
1426	258.985677	259.289062	F5	74	80	0
1427	258.996094	259.109375	A4	73	80	0
1428	258.996094	259.089844	F4	59	80	0
1429	258.996094	259.188802	D5	59	80	0
1430	259.376302	260.519531	A5	78	80	0
1431	259.394531	260.500000	E5	64	80	0
1432	259.399740	260.848958	Bb4	73	80	0
1433	259.404948	260.609375	D5	63	80	0
1434	259.412760	259.688802	E4	65	80	0
1435	259.415365	259.649740	G3	60	80	0
1436	260.071615	260.750000	G2	54	80	0
1437	260.083333	260.598958	C2	52	80	0
1438	261.296875	261.709635	Bb3	77	80	0
1439	261.298177	261.739583	Bb4	73	80	0
1440	261.304688	261.669271	D4	61	80	0
1441	261.343750	261.750000	G3	63	80	0
1442	261.350260	261.679688	G4	61	80	0
1443	261.371094	261.688802	F4	51	80	0
1444	261.372396	262.000000	D3	57	80	0
1445	261.804688	262.158854	D5	73	80	0
1446	261.813802	262.139323	D4	63	80	0
1447	261.817708	262.179688	A4	76	80	0
1448	261.821615	262.250000	Bb3	70	80	0
1449	261.822917	262.149740	F4	68	80	0
1450	261.824219	262.098958	Bb4	71	80	0
1451	261.825521	262.239583	F3	63	80	0
1452	262.354167	262.759115	D4	62	80	0
1453	262.363281	263.029948	A3	69	80	0
1454	262.395833	263.649740	F5	84	80	0
1455	262.401042	262.799479	F4	76	80	0
1456	262.401042	263.029948	D5	77	80	0
1457	262.403646	262.949219	A4	83	80	0
1458	262.671875	263.348958	G3	75	80	0
1459	262.738281	263.289062	Bb3	68	80	0
1460	262.750000	262.839844	Bb4	69	80	0
1461	262.817708	263.039062	E4	71	80	0
1462	263.173177	264.688802	A5	85	80	0
1463	263.174479	264.669271	A4	87	80	0
1464	263.183594	264.579427	D5	68	80	0
1465	263.184896	264.779948	Bb4	86	80	0
1466	263.184896	263.419271	Bb5	83	80	0
1467	264.052083	264.609375	G2	66	80	0
1468	264.054688	264.598958	C2	67	80	0
1469	264.057292	264.069010	C3	68	80	0
1470	265.255208	265.718750	Bb3	53	80	0
1471	265.291667	265.399740	C4	49	80	0
1472	265.338542	265.389323	E4	60	80	0
1473	265.397135	265.839844	A5	85	80	0
1474	265.399740	265.889323	A4	85	80	0
1475	265.403646	265.819010	E4	66	80	0
1476	265.404948	265.799479	C4	56	80	0
1477	265.407552	265.829427	A3	64	80	0
1478	265.414062	265.959635	C5	66	80	0
1479	265.414062	265.979167	E5	66	80	0
1480	266.096354	267.539062	F5	74	80	0
1481	266.115885	266.889323	Bb4	71	80	0
1482	266.117188	267.319010	F4	64	80	0
1483	266.130208	267.598958	C4	55	80	0
1484	266.134115	267.309896	F3	51	80	0
1485	266.134115	266.729167	Bb3	61	80	0
1486	266.744792	267.339844	A4	65	80	0
1487	266.751302	267.229167	A3	51	80	0
1488	267.313802	267.699219	G#4	51	80	0
1489	267.320312	267.729167	G#3	35	80	0
1490	267.324219	267.658854	F3	31	80	0
1491	267.332031	267.649740	F4	28	80	0
1492	267.803385	268.179688	F3	31	80	0
1493	267.858073	268.188802	Eb5	56	80	0
1494	267.878906	268.239583	B4	45	80	0
1495	267.884115	268.239583	B3	34	80	0
1496	267.894531	268.239583	G4	39	80	0
1497	267.895833	268.188802	Eb4	35	80	0
1498	268.484375	270.269531	C5	55	80	0
1499	268.498698	269.309896	C4	31	80	0
1500	268.502604	268.509115	F4	31	80	0
1501	268.515625	269.839844	G4	37	80	0
1502	268.553385	269.419271	F3	27	80	0
1503	268.555990	269.929688	C3	26	80	0
1504	269.083333	269.348958	E4	35	80	0
1505	269.130208	269.289062	E3	24	80	0
1506	269.535156	269.658854	E3	28	80	0
1507	269.536458	269.699219	E4	30	80	0
1508	269.545573	270.128906	C4	19	80	0
1509	269.654948	270.389323	Eb4	35	80	0
1510	269.674479	270.069010	Eb3	29	80	0
1511	270.234375	271.029948	Bb4	46	80	0
1512	270.279948	270.809896	F#4	29	80	0
1513	270.283854	270.549479	Bb3	29	80	0
1514	270.292969	270.718750	D4	20	80	0
1515	270.294271	270.628906	F#3	29	80	0
1516	270.335938	271.419271	C3	22	80	0
1517	270.337240	270.688802	D3	23	80	0
1518	271.042969	272.649740	G4	46	80	0
1519	271.055990	271.408854	D4	24	80	0
1520	271.057292	272.799479	G3	29	80	0
1521	271.058594	272.639323	C4	24	80	0
1522	271.111979	272.378906	D3	24	80	0
1523	271.122396	273.119792	D2	23	80	0
1524	272.557292	272.569010	E5	32	80	0
1525	272.566406	273.319010	E4	34	80	0
1526	272.580729	273.769531	E3	37	80	0
1527	274.335938	275.229167	F#4	34	80	0
1528	274.360677	275.119792	F#3	27	80	0
1529	274.367188	274.729167	D4	20	80	0
1530	274.372396	275.128906	C4	21	80	0
1531	276.683594	277.500000	G4	32	80	0
1532	276.684896	276.919271	D4	17	80	0
1533	276.690104	277.339844	Bb3	26	80	0
1534	279.325521	281.789062	G2	27	80	0
1535	279.326823	280.519531	G3	27	80	0
1536	279.635417	282.119792	D3	26	80	0
1537	279.876302	280.179688	B3	22	80	0
1538	280.045573	280.059896	G4	28	80	0
1539	280.053385	280.319010	D4	28	80	0
1540	280.492188	281.589844	G5	49	80	0
1541	281.065104	281.389323	B4	37	80	0
1542	281.372396	281.658854	D5	31	80	0
1543	281.445312	281.459635	B3	15	80	0
1544	281.622396	281.848958	B4	34	80	0
1545	281.682292	281.789062	B3	20	80	0
1546	281.686198	281.699219	D4	16	80	0
1547	281.856771	282.269531	G4	32	80	0
1548	281.860677	282.128906	D4	18	80	0
1549	281.876302	282.109375	B3	20	80	0
1550	282.096354	282.369792	B4	40	80	0
1551	282.348958	282.619792	D5	34	80	0
1552	282.583333	282.848958	B4	31	80	0
1553	282.588542	282.759115	B3	19	80	0
1554	282.838542	283.000000	E5	26	80	0
1555	282.842448	283.468750	E4	22	80	0
1556	282.864583	285.139323	G2	21	80	0
1557	283.005208	284.169271	E3	28	80	0
1558	283.087240	283.459635	B4	33	80	0
1559	283.304688	283.679688	A5	50	80	0
1560	283.354167	283.589844	E5	28	80	0
1561	283.553385	283.949219	B4	29	80	0
1562	283.787760	284.239583	F#5	40	80	0
1563	283.851562	284.158854	G4	26	80	0
1564	283.854167	284.339844	B3	17	80	0
1565	284.084635	284.378906	B4	31	80	0
1566	284.304688	285.079427	E5	42	80	0
1567	284.514323	285.128906	B4	25	80	0
1568	284.761719	285.069010	B3	19	80	0
1569	284.902344	285.539062	D5	35	80	0
1570	285.192708	285.438802	F#3	25	80	0
1571	285.194010	285.438802	F#4	26	80	0
1572	285.437500	286.098958	B4	32	80	0
1573	285.683594	285.919271	F#4	22	80	0
1574	285.893229	286.438802	E5	35	80	0
1575	285.930990	286.039062	F#4	22	80	0
1576	285.944010	286.279948	B3	20	80	0
1577	286.135417	286.449219	F#4	32	80	0
1578	286.371094	286.729167	F#5	54	80	0
1579	286.415365	286.979167	B3	23	80	0
1580	286.416667	287.029948	B4	34	80	0
1581	286.618490	286.789062	F#4	31	80	0
1582	286.726562	287.339844	E4	32	80	0
1583	286.889323	287.589844	F#5	52	80	0
1584	287.048177	287.500000	B2	25	80	0
1585	287.055990	287.188802	B4	26	80	0
1586	287.203125	287.639323	G3	29	80	0
1587	287.203125	287.699219	B4	34	80	0
1588	287.459635	287.779948	E5	36	80	0
1589	287.710938	288.229167	B4	35	80	0
1590	287.957031	288.688802	E5	38	80	0
1591	287.992188	289.149740	E4	27	80	0
1592	288.013021	289.479167	B3	21	80	0
1593	288.024740	288.329427	G4	24	80	0
1594	288.234375	288.529948	B4	24	80	0
1595	288.774740	288.889323	B4	26	80	0
1596	289.085938	290.829427	B5	61	80	0
1597	289.125000	289.519531	B4	48	80	0
1598	289.397135	289.699219	C5	37	80	0
1599	289.420573	289.509115	E5	28	80	0
1600	289.437500	289.848958	E4	23	80	0
1601	289.643229	289.938802	E5	30	80	0
1602	289.868490	290.209635	C5	35	80	0
1603	290.117188	290.389323	B4	37	80	0
1604	290.139323	290.519531	E4	24	80	0
1605	290.355469	290.658854	C5	31	80	0
1606	290.623698	291.139323	E5	30	80	0
1607	290.835938	291.098958	C5	33	80	0
1608	290.902344	291.098958	A2	24	80	0
1609	291.032552	291.209635	E3	30	80	0
1610	291.123698	291.878906	C4	32	80	0
1611	291.126302	291.259115	B4	43	80	0
1612	291.395833	291.709635	C5	28	80	0
1613	291.614583	291.949219	C6	52	80	0
1614	291.653646	292.039062	E5	36	80	0
1615	291.865885	292.009115	C5	39	80	0
1616	292.106771	292.709635	A5	53	80	0
1617	292.134115	292.559896	A4	41	80	0
1618	292.154948	292.378906	C5	33	80	0
1619	292.156250	292.699219	G4	37	80	0
1620	292.162760	292.718750	E4	24	80	0
1621	292.385417	292.829427	C5	38	80	0
1622	292.623698	292.908854	G5	48	80	0
1623	292.667969	293.059896	E5	40	80	0
1624	292.893229	293.169271	C5	37	80	0
1625	293.145833	294.429688	F#5	55	80	0
1626	293.184896	293.449219	B4	27	80	0
1627	293.187500	293.718750	F#4	31	80	0
1628	293.196615	293.375000	B2	23	80	0
1629	293.330729	294.250000	F#3	32	80	0
1630	293.457031	293.848958	B4	33	80	0
1631	293.462240	293.718750	D4	17	80	0
1632	293.704427	293.979167	D5	31	80	0
1633	293.929688	294.059896	B4	37	80	0
1634	294.141927	295.179688	G5	48	80	0
1635	294.161458	294.389323	B4	35	80	0
1636	294.175781	294.399740	G4	47	80	0
1637	294.403646	294.819010	B4	31	80	0
1638	294.703125	295.438802	A5	46	80	0
1639	294.717448	295.408854	D5	27	80	0
1640	294.731771	295.289062	A4	36	80	0
1641	295.010417	295.319010	B4	29	80	0
1642	295.011719	295.199219	G2	23	80	0
1643	295.134115	295.539062	D3	29	80	0
1644	295.276042	295.509115	B3	24	80	0
1645	295.276042	295.438802	F#4	29	80	0
1646	295.486979	295.619792	B4	31	80	0
1647	295.725260	296.000000	B5	57	80	0
1648	295.757812	296.019531	D5	37	80	0
1649	295.992188	296.119792	B4	33	80	0
1650	296.213542	296.759115	G5	51	80	0
1651	296.252604	296.459635	B4	38	80	0
1652	296.253906	296.389323	F#4	37	80	0
1653	296.257812	296.549479	G4	39	80	0
1654	296.257812	296.509115	D4	25	80	0
1655	296.265625	296.279948	B3	28	80	0
1656	296.464844	296.878906	B4	41	80	0
1657	296.723958	297.369792	F#5	58	80	0
1658	296.777344	297.029948	D5	29	80	0
1659	296.989583	297.539062	B4	34	80	0
1660	297.238281	298.408854	E5	50	80	0
1661	297.273438	297.949219	E4	36	80	0
1662	297.317708	297.329427	A3	19	80	0
1663	297.545573	297.919271	B4	42	80	0
1664	297.558594	298.109375	C4	27	80	0
1665	297.773438	298.609375	C5	39	80	0
1666	297.993490	298.218750	B4	29	80	0
1667	298.160156	298.339844	E4	24	80	0
1668	298.217448	298.500000	A4	38	80	0
1669	298.264323	298.769531	F#5	57	80	0
1670	298.302083	298.579427	C4	18	80	0
1671	298.303385	298.479167	F#4	30	80	0
1672	298.815104	299.619792	G5	47	80	0
1673	298.847656	299.289062	G4	45	80	0
1674	298.856771	299.389323	C5	34	80	0
1675	299.097656	299.109375	F#2	25	80	0
1676	299.131510	299.329427	B4	30	80	0
1677	299.236979	299.919271	C3	22	80	0
1678	299.332031	299.859375	A3	34	80	0
1679	299.373698	299.949219	E4	30	80	0
1680	299.591146	299.919271	A4	42	80	0
1681	299.839844	300.329427	A5	53	80	0
1682	299.863281	300.239583	E5	33	80	0
1683	299.864583	300.309896	C5	33	80	0
1684	300.084635	300.979167	A4	40	80	0
1685	300.343750	301.059896	F#5	60	80	0
1686	300.346354	301.259115	A3	28	80	0
1687	300.367188	300.908854	C5	37	80	0
1688	300.377604	301.269531	E4	32	80	0
1689	300.384115	301.289062	F#4	39	80	0
1690	300.389323	301.519531	C4	27	80	0
1691	300.865885	301.628906	E5	54	80	0
1692	300.923177	301.718750	C5	28	80	0
1693	301.166667	301.569010	A4	38	80	0
1694	301.444010	303.369792	F#5	50	80	0
1695	301.476562	302.359375	F#4	32	80	0
1696	301.527344	301.809896	B2	23	80	0
1697	301.627604	303.639323	F#3	33	80	0
1698	301.735677	302.209635	B4	39	80	0
1699	301.795573	302.039062	D4	24	80	0
1700	301.985677	302.279948	D5	30	80	0
1701	302.216146	302.468750	B4	34	80	0
1702	302.364583	302.769531	B3	18	80	0
1703	302.483073	302.729167	B4	35	80	0
1704	302.484375	303.819010	F#4	33	80	0
1705	302.484375	303.279948	D4	24	80	0
1706	302.743490	303.098958	B4	29	80	0
1707	302.979167	303.218750	D5	31	80	0
1708	303.220052	303.559896	B4	41	80	0
1709	303.483073	304.188802	C5	47	80	0
1710	303.507812	303.835938	A4	39	80	0
1711	303.540365	304.149740	F#2	23	80	0
1712	303.777344	303.919271	E4	33	80	0
1713	304.069010	305.128906	A4	69	80	0
1714	304.119792	304.709635	E4	39	80	0
1715	304.380208	304.729167	C4	29	80	0
1716	304.652344	305.628906	F#4	66	80	0
1717	304.697917	305.378906	D4	44	80	0
1718	304.701823	305.419271	B2	48	80	0
1719	305.364583	306.299479	E4	53	80	0
1720	305.384115	306.109375	C4	39	80	0
1721	305.404948	306.179688	D3	43	80	0
1722	305.414062	305.419271	D2	37	80	0
1723	305.807292	305.919271	F#4	37	80	0
1724	305.811198	306.609375	F#3	34	80	0
1725	306.269531	306.989583	F#4	46	80	0
1726	306.308594	306.750000	D4	23	80	0
1727	306.315104	307.500000	B3	24	80	0
1728	306.365885	307.359375	B2	32	80	0
1729	307.433594	308.619792	B5	58	80	0
1730	307.451823	308.459635	B4	47	80	0
1731	308.444010	309.399740	B1	24	80	0
1732	308.451823	308.709635	B2	21	80	0
1733	309.436198	309.609375	B5	49	80	0
1734	309.447917	309.658854	B4	40	80	0
1735	310.363281	310.679688	B3	41	80	0
1736	310.363281	310.489583	B4	46	80	0
1737	310.545573	310.559896	C5	37	80	0
1738	310.550781	310.649740	C4	29	80	0
1739	310.634115	310.819010	E4	35	80	0
1740	310.703125	310.839844	B4	47	80	0
1741	310.808594	310.908854	C5	59	80	0
1742	310.903646	311.128906	E5	38	80	0
1743	311.013021	312.938802	B5	55	80	0
1744	311.082031	311.979167	B4	61	80	0
1745	311.110677	311.699219	E4	38	80	0
1746	311.144531	311.329427	A3	37	80	0
1747	311.671875	311.679688	C5	28	80	0
1748	311.675781	311.889323	E5	27	80	0
1749	312.122396	312.609375	E5	33	80	0
1750	312.131510	313.049479	E4	31	80	0
1751	312.132812	312.348958	C5	31	80	0
1752	312.139323	312.199219	C4	22	80	0
1753	312.209635	312.878906	C4	15	80	0
1754	312.605469	313.019531	C5	33	80	0
1755	312.614583	313.239583	E5	33	80	0
1756	313.100260	313.949219	B3	44	80	0
1757	313.101562	313.459635	B4	44	80	0
1758	313.585938	314.019531	A5	61	80	0
1759	313.595052	313.959635	A4	57	80	0
1760	313.606771	313.979167	G5	54	80	0
1761	313.625000	313.919271	G4	52	80	0
1762	313.628906	313.938802	E4	41	80	0
1763	313.634115	314.000000	A3	46	80	0
1764	313.634115	313.938802	E5	46	80	0
1765	314.166667	314.658854	D6	50	80	0
1766	314.179688	314.628906	D5	42	80	0
1767	314.213542	314.218750	B4	33	80	0
1768	314.214844	314.509115	G4	29	80	0
1769	314.220052	314.598958	D4	33	80	0
1770	314.225260	314.489583	E4	29	80	0
1771	314.696615	315.089844	B5	55	80	0
1772	314.703125	315.139323	C5	48	80	0
1773	314.712240	314.968750	B4	52	80	0
1774	314.725260	316.019531	E5	43	80	0
1775	314.725260	314.929688	G4	43	80	0
1776	314.744792	315.039062	E4	36	80	0
1777	314.764323	314.959635	B3	33	80	0
1778	315.145833	315.335938	B3	44	80	0
1779	315.243490	315.739583	B5	65	80	0
1780	315.263021	315.889323	B4	52	80	0
1781	315.679688	315.859375	D2	33	80	0
1782	315.761719	316.289062	A2	29	80	0
1783	315.873698	315.942708	F#3	39	80	0
1784	315.882812	316.019531	E4	38	80	0
1785	315.895833	316.169271	C4	21	80	0
1786	316.326823	316.979167	A5	64	80	0
1787	316.332031	317.000000	A4	61	80	0
1788	316.414062	316.889323	F#3	36	80	0
1789	316.884115	317.059896	E4	20	80	0
1790	316.888021	317.408854	C4	21	80	0
1791	317.335938	317.989583	G5	56	80	0
1792	317.361979	318.009115	G4	50	80	0
1793	317.416667	318.000000	B3	35	80	0
1794	317.925781	318.089844	E5	33	80	0
1795	317.925781	318.069010	C5	34	80	0
1796	317.930990	318.389323	C4	22	80	0
1797	317.946615	318.549479	E4	21	80	0
1798	318.363281	318.848958	A5	59	80	0
1799	318.367188	319.069010	A4	54	80	0
1800	318.445312	318.908854	A3	15	80	0
1801	318.861979	318.949219	C4	18	80	0
1802	318.934896	319.218750	E4	28	80	0
1803	318.960938	319.179688	C4	19	80	0
1804	319.468750	320.579427	E5	42	80	0
1805	319.514323	320.809896	E4	25	80	0
1806	319.540365	319.649740	A4	30	80	0
1807	319.554688	320.299479	G3	24	80	0
1808	320.054688	320.299479	B4	28	80	0
1809	320.067708	320.438802	B3	17	80	0
1810	321.113281	321.449219	E4	22	80	0
1811	321.773438	322.139323	E4	28	80	0
1812	321.783854	322.000000	E3	26	80	0
1813	321.794271	321.929688	E2	21	80	0
1814	322.372396	323.079427	D5	44	80	0
1815	322.411458	322.739583	G4	35	80	0
1816	322.415365	322.878906	D4	32	80	0
1817	322.424479	322.919271	D3	34	80	0
1818	322.427083	322.839844	C3	31	80	0
1819	322.428385	322.500000	E2	33	80	0
1820	322.433594	322.919271	D2	32	80	0
1821	323.003906	323.759115	G5	40	80	0
1822	323.044271	323.679688	G4	36	80	0
1823	323.053385	323.289062	G3	26	80	0
1824	323.053385	323.500000	D4	18	80	0
1825	323.670573	324.149740	F#5	37	80	0
1826	323.709635	324.169271	F#4	27	80	0
1827	323.720052	323.889323	F#3	22	80	0
1828	323.721354	324.069010	C5	27	80	0
1829	323.726562	323.739583	F#2	22	80	0
1830	323.733073	323.968750	C3	23	80	0
1831	324.605469	326.000000	E5	29	80	0
1832	324.606771	325.169271	E4	26	80	0
1833	324.618490	325.049479	E3	24	80	0
1834	324.623698	325.779948	B4	22	80	0
1835	324.635417	325.158854	B3	15	80	0
1836	324.639323	325.089844	B2	18	80	0
1837	325.683594	326.229167	B2	36	80	0
1838	325.790365	326.299479	B3	75	80	0
1839	325.794271	326.408854	B4	68	80	0
1840	326.455729	328.218750	D4	75	80	0
1841	326.455729	327.408854	D5	71	80	0
1842	326.574219	327.250000	D3	47	80	0
1843	326.614583	327.869792	B4	67	80	0
1844	327.182292	327.289062	E3	64	80	0
1845	327.304688	327.869792	E3	62	80	0
1846	327.305990	328.218750	E4	76	80	0
1847	328.055990	328.259115	E2	63	80	0
1848	328.196615	328.369792	B2	59	80	0
1849	328.303385	328.371094	F#3	63	80	0
1850	328.393229	328.519531	G#3	63	80	0
1851	328.468750	330.519531	D4	44	80	0
1852	328.566406	329.399740	F#4	71	80	0
1853	328.700521	329.309896	D5	66	80	0
1854	328.815104	328.908854	B5	72	80	0
1855	330.324219	332.889323	D2	80	80	0
1856	330.328125	332.899740	A2	71	80	0
1857	330.691406	330.869792	F#3	64	80	0
1858	330.923177	332.069010	C5	79	80	0
1859	330.924479	331.389323	A5	79	80	0
1860	330.942708	332.069010	E5	75	80	0
1861	330.951823	332.878906	E4	77	80	0
1862	330.958333	331.709635	C4	67	80	0
1863	331.804688	333.279948	B4	77	80	0
1864	331.835938	332.929688	B3	72	80	0
1865	332.713542	333.759115	A4	78	80	0
1866	332.752604	333.218750	A3	83	80	0
1867	333.692708	334.098958	G2	78	80	0
1868	333.701823	334.089844	G1	78	80	0
1869	334.182292	334.359375	F#3	74	80	0
1870	334.355469	334.468750	B3	69	80	0
1871	334.626302	334.799479	F#4	83	80	0
1872	334.772135	335.199219	B4	73	80	0
1873	334.875000	335.449219	F#5	75	80	0
1874	334.980469	335.359375	B5	72	80	0
1875	335.084635	335.559896	D6	73	80	0
1876	336.966146	338.829427	E4	80	80	0
1877	336.985677	338.658854	E3	77	80	0
1878	336.993490	338.859375	E2	73	80	0
1879	338.696615	339.959635	D4	77	80	0
1880	338.742188	339.669271	D3	82	80	0
1881	338.752604	340.269531	D2	81	80	0
1882	340.847656	342.429688	G2	84	80	0
1883	340.854167	345.348958	G1	81	80	0
1884	341.402344	344.609375	D5	73	80	0
1885	341.412760	345.438802	D4	71	80	0
1886	341.414062	345.389323	G4	78	80	0
1887	341.419271	341.619792	G3	69	80	0
#SusPed	1.227865	83	0
#SusPed	1.319010	0	0
#SusPed	1.328125	87	0
#SusPed	1.679688	0	0
#SusPed	1.694010	101	0
#SusPed	1.829427	0	0
#SusPed	1.839844	101	0
#SofPed	3.701823	93	0
#SofPed	3.809896	0	0
#SofPed	3.824219	97	0
#SusPed	4.399740	0	0
#SusPed	4.406250	80	0
#SofPed	4.468750	0	0
#SofPed	4.480469	84	0
#SofPed	6.549479	0	0
#SusPed	6.688802	0	0
#SusPed	6.701823	73	0
#SusPed	10.079427	0	0
#SusPed	10.092448	68	0
#SusPed	10.329427	0	0
#SusPed	10.335938	76	0
#SusPed	10.529948	0	0
#SusPed	10.544271	83	0
#SusPed	15.459635	0	0
#SusPed	15.473958	75	0
#SusPed	15.699219	0	0
#SusPed	15.705729	70	0
#SusPed	18.938802	0	0
#SusPed	18.949219	82	0
#SusPed	19.878906	0	0
#SusPed	19.893229	69	0
#SusPed	20.059896	0	0
#SusPed	20.066406	69	0
#SusPed	21.039062	0	0
#SusPed	21.053385	63	0
#SusPed	21.119792	0	0
#SusPed	21.127604	72	0
#SusPed	22.019531	0	0
#SusPed	22.032552	74	0
#SusPed	22.209635	0	0
#SusPed	22.222656	76	0
#SusPed	23.218750	0	0
#SusPed	23.229167	78	0
#SusPed	23.759115	0	0
#SusPed	23.765625	94	0
#SusPed	24.269531	0	0
#SusPed	24.279948	79	0
#SusPed	24.500000	0	0
#SusPed	24.509115	82	0
#SusPed	24.779948	0	0
#SusPed	24.790365	97	0
#SusPed	26.579427	0	0
#SusPed	26.584635	63	0
#SusPed	26.739583	0	0
#SusPed	26.752604	72	0
#SusPed	27.339844	0	0
#SusPed	27.351562	92	0
#SusPed	27.869792	0	0
#SusPed	27.877604	83	0
#SusPed	28.019531	0	0
#SusPed	28.033854	84	0
#SofPed	28.127604	50	0
#SofPed	28.139323	0	0
#SusPed	28.639323	0	0
#SusPed	28.648438	78	0
#SusPed	29.299479	0	0
#SusPed	29.305990	83	0
#SusPed	29.579427	0	0
#SusPed	29.585938	94	0
#SusPed	34.449219	0	0
#SusPed	34.455729	59	0
#SusPed	34.789062	0	0
#SusPed	34.800781	67	0
#SusPed	34.968750	0	0
#SusPed	34.980469	72	0
#SusPed	37.098958	0	0
#SusPed	37.113281	65	0
#SusPed	37.229167	0	0
#SusPed	37.244792	65	0
#SusPed	37.549479	0	0
#SusPed	37.562500	74	0
#SusPed	37.628906	0	0
#SusPed	37.639323	65	0
#SusPed	38.059896	0	0
#SusPed	38.066406	79	0
#SusPed	38.500000	0	0
#SusPed	38.506510	69	0
#SusPed	38.649740	0	0
#SusPed	38.662760	73	0
#SusPed	39.000000	0	0
#SusPed	39.014323	91	0
#SusPed	39.089844	0	0
#SusPed	39.097656	94	0
#SusPed	39.729167	0	0
#SusPed	39.736979	73	0
#SusPed	40.709635	0	0
#SusPed	40.716146	53	0
#SusPed	40.859375	0	0
#SusPed	40.871094	85	0
#SusPed	41.609375	0	0
#SusPed	41.623698	71	0
#SusPed	41.809896	0	0
#SusPed	41.822917	73	0
#SusPed	42.649740	0	0
#SusPed	42.654948	68	0
#SusPed	42.878906	0	0
#SusPed	42.885417	70	0
#SusPed	45.279948	0	0
#SusPed	45.290365	79	0
#SusPed	45.449219	0	0
#SusPed	45.454427	78	0
#SusPed	45.908854	0	0
#SusPed	45.916667	70	0
#SusPed	46.089844	0	0
#SusPed	46.098958	70	0
#SusPed	46.628906	0	0
#SusPed	46.643229	79	0
#SusPed	47.598958	0	0
#SusPed	47.609375	75	0
#SusPed	47.878906	0	0
#SusPed	47.893229	79	0
#SusPed	48.098958	0	0
#SusPed	48.113281	87	0
#SusPed	48.429688	0	0
#SusPed	48.442708	92	0
#SofPed	48.778646	61	0
#SofPed	48.789062	0	0
#SusPed	49.199219	0	0
#SusPed	49.210938	80	0
#SusPed	49.408854	0	0
#SusPed	49.424479	96	0
#SusPed	50.658854	0	0
#SusPed	50.674479	102	0
#SusPed	50.729167	0	0
#SusPed	50.743490	85	0
#SusPed	50.919271	0	0
#SusPed	50.925781	98	0
#SusPed	52.419271	0	0
#SusPed	52.432292	84	0
#SusPed	52.769531	0	0
#SusPed	52.776042	104	0
#SusPed	52.959635	0	0
#SusPed	52.970052	94	0
#SusPed	53.218750	0	0
#SusPed	53.226562	97	0
#SusPed	53.869792	0	0
#SusPed	53.884115	99	0
#SusPed	54.500000	0	0
#SusPed	54.505208	81	0
#SusPed	54.718750	0	0
#SusPed	54.733073	98	0
#SusPed	57.339844	0	0
#SusPed	57.354167	73	0
#SusPed	57.479167	0	0
#SusPed	57.492188	63	0
#SusPed	57.929688	0	0
#SusPed	57.944010	80	0
#SofPed	58.058594	93	0
#SusPed	59.649740	0	0
#SusPed	59.657552	74	0
#SusPed	60.699219	0	0
#SusPed	60.712240	64	0
#SusPed	60.839844	0	0
#SusPed	60.846354	75	0
#SofPed	62.429688	0	0
#SofPed	62.444010	61	0
#SofPed	62.519531	0	0
#SofPed	62.531250	66	0
#SofPed	62.739583	0	0
#SofPed	62.748698	60	0
#SofPed	62.819010	0	0
#SofPed	62.833333	59	0
#SofPed	63.209635	0	0
#SofPed	63.222656	51	0
#SofPed	63.468750	0	0
#SofPed	63.483073	56	0
#SofPed	63.639323	0	0
#SofPed	63.651042	35	0
#SofPed	63.819010	0	0
#SofPed	63.829427	37	0
#SusPed	66.848958	0	0
#SofPed	67.500000	0	0
#SusPed	69.183594	61	0
#SusPed	69.269531	0	0
#SusPed	69.274740	69	0
#SusPed	72.389323	0	0
#SusPed	72.395833	67	0
#SusPed	72.468750	0	0
#SusPed	72.483073	78	0
#SusPed	74.479167	0	0
#SusPed	74.485677	64	0
#SusPed	74.569010	0	0
#SusPed	74.575521	57	0
#SusPed	77.569010	0	0
#SusPed	77.583333	93	0
#SusPed	77.750000	0	0
#SusPed	77.756510	80	0
#SusPed	80.449219	0	0
#SusPed	80.457031	86	0
#SusPed	81.039062	0	0
#SusPed	81.053385	102	0
#SusPed	81.299479	0	0
#SusPed	81.305990	98	0
#SusPed	82.359375	0	0
#SusPed	82.365885	77	0
#SusPed	82.609375	0	0
#SusPed	82.621094	86	0
#SusPed	84.259115	0	0
#SusPed	84.272135	79	0
#SusPed	84.378906	0	0
#SusPed	84.393229	69	0
#SusPed	84.869792	0	0
#SusPed	84.875000	76	0
#SusPed	85.009115	0	0
#SusPed	85.014323	74	0
#SusPed	85.408854	0	0
#SusPed	85.419271	82	0
#SusPed	85.579427	0	0
#SusPed	85.584635	77	0
#SusPed	86.188802	0	0
#SusPed	86.201823	76	0
#SusPed	86.369792	0	0
#SusPed	86.381510	89	0
#SusPed	87.889323	0	0
#SusPed	87.895833	73	0
#SusPed	88.089844	0	0
#SusPed	88.101562	64	0
#SusPed	90.899740	0	0
#SusPed	90.904948	67	0
#SusPed	91.019531	0	0
#SusPed	91.024740	65	0
#SusPed	94.229167	0	0
#SusPed	94.235677	69	0
#SusPed	94.319010	0	0
#SusPed	94.332031	66	0
#SusPed	98.559896	0	0
#SusPed	98.566406	77	0
#SusPed	99.559896	0	0
#SusPed	99.563802	67	0
#SusPed	99.669271	0	0
#SusPed	99.675781	65	0
#SusPed	102.679688	0	0
#SusPed	102.687500	71	0
#SusPed	102.789062	0	0
#SusPed	102.795573	64	0
#SusPed	104.739583	0	0
#SusPed	104.744792	78	0
#SusPed	104.968750	0	0
#SusPed	104.983073	77	0
#SusPed	107.938802	0	0
#SusPed	107.945312	73	0
#SusPed	108.119792	0	0
#SusPed	108.126302	75	0
#SusPed	111.419271	0	0
#SusPed	111.425781	87	0
#SusPed	111.609375	0	0
#SusPed	111.622396	100	0
#SusPed	112.639323	0	0
#SusPed	112.652344	85	0
#SusPed	112.908854	0	0
#SusPed	112.923177	88	0
#SusPed	114.299479	0	0
#SusPed	114.312500	74	0
#SusPed	114.839844	0	0
#SusPed	114.845052	91	0
#SusPed	115.000000	0	0
#SusPed	115.014323	82	0
#SusPed	115.348958	0	0
#SusPed	115.363281	79	0
#SusPed	115.468750	0	0
#SusPed	115.483073	90	0
#SusPed	115.919271	0	0
#SusPed	115.933594	76	0
#SusPed	116.109375	0	0
#SusPed	116.121094	84	0
#SusPed	117.139323	0	0
#SusPed	117.153646	92	0
#SusPed	117.378906	0	0
#SusPed	117.393229	96	0
#SusPed	118.359375	0	0
#SusPed	118.372396	70	0
#SusPed	118.549479	0	0
#SusPed	118.563802	81	0
#SusPed	119.989583	0	0
#SusPed	119.994792	92	0
#SusPed	120.239583	0	0
#SusPed	120.247396	87	0
#SusPed	122.039062	0	0
#SusPed	122.046875	103	0
#SusPed	122.149740	0	0
#SusPed	122.161458	73	0
#SusPed	122.679688	0	0
#SusPed	122.691406	96	0
#SusPed	122.848958	0	0
#SusPed	122.858073	93	0
#SusPed	123.359375	0	0
#SusPed	123.368490	71	0
#SusPed	123.549479	0	0
#SusPed	123.557292	91	0
#SusPed	124.209635	0	0
#SusPed	124.222656	92	0
#SusPed	124.509115	0	0
#SusPed	124.523438	90	0
#SusPed	125.169271	0	0
#SusPed	125.179688	70	0
#SusPed	125.359375	0	0
#SusPed	125.373698	84	0
#SusPed	126.408854	0	0
#SusPed	126.415365	68	0
#SusPed	126.669271	0	0
#SusPed	126.684896	87	0
#SusPed	127.529948	0	0
#SusPed	127.535156	92	0
#SusPed	128.438802	0	0
#SusPed	128.451823	83	0
#SusPed	128.709635	0	0
#SusPed	128.721354	82	0
#SusPed	132.539062	0	0
#SusPed	132.552083	80	0
#SusPed	133.669271	0	0
#SusPed	133.675781	66	0
#SusPed	133.799479	0	0
#SusPed	133.804688	62	0
#SusPed	134.688802	0	0
#SusPed	134.703125	63	0
#SusPed	136.908854	0	0
#SusPed	136.921875	67	0
#SusPed	137.959635	0	0
#SusPed	137.973958	86	0
#SusPed	138.139323	0	0
#SusPed	138.145833	66	0
#SusPed	141.109375	0	0
#SusPed	141.117188	74	0
#SusPed	142.009115	0	0
#SusPed	142.019531	75	0
#SusPed	142.139323	0	0
#SusPed	142.153646	61	0
#SusPed	143.529948	0	0
#SusPed	143.539062	71	0
#SusPed	143.669271	0	0
#SusPed	143.675781	70	0
#SusPed	146.139323	0	0
#SusPed	146.151042	81	0
#SusPed	146.319010	0	0
#SusPed	146.330729	76	0
#SusPed	147.309896	0	0
#SusPed	147.315104	79	0
#SusPed	147.750000	0	0
#SusPed	147.755208	77	0
#SusPed	147.878906	0	0
#SusPed	147.889323	67	0
#SusPed	150.359375	0	0
#SusPed	150.372396	81	0
#SusPed	150.489583	0	0
#SusPed	150.503906	63	0
#SusPed	152.339844	0	0
#SusPed	152.352865	73	0
#SusPed	152.479167	0	0
#SusPed	152.485677	87	0
#SusPed	153.500000	0	0
#SusPed	153.514323	82	0
#SusPed	153.628906	0	0
#SusPed	153.641927	76	0
#SusPed	154.250000	0	0
#SusPed	154.261719	72	0
#SusPed	154.438802	0	0
#SusPed	154.449219	96	0
#SusPed	155.000000	0	0
#SusPed	155.005208	68	0
#SusPed	155.179688	0	0
#SusPed	155.191406	91	0
#SusPed	160.188802	0	0
#SusPed	160.204427	57	0
#SusPed	160.299479	0	0
#SusPed	160.304688	72	0
#SusPed	163.209635	0	0
#SusPed	163.218750	80	0
#SusPed	163.289062	0	0
#SusPed	163.296875	87	0
#SusPed	166.529948	0	0
#SusPed	166.536458	57	0
#SusPed	166.609375	0	0
#SusPed	166.623698	73	0
#SusPed	167.579427	0	0
#SusPed	167.589844	61	0
#SusPed	167.729167	0	0
#SusPed	167.735677	77	0
#SusPed	168.628906	0	0
#SusPed	168.643229	73	0
#SusPed	168.919271	0	0
#SusPed	168.925781	81	0
#SusPed	171.449219	0	0
#SusPed	171.457031	85	0
#SusPed	171.509115	0	0
#SusPed	171.516927	65	0
#SusPed	171.589844	0	0
#SusPed	171.601562	67	0
#SusPed	172.098958	0	0
#SusPed	172.113281	67	0
#SusPed	172.209635	0	0
#SusPed	172.223958	66	0
#SusPed	172.878906	0	0
#SusPed	172.894531	60	0
#SusPed	173.049479	0	0
#SusPed	173.055990	72	0
#SusPed	173.819010	0	0
#SusPed	173.832031	69	0
#SusPed	173.989583	0	0
#SusPed	174.001302	64	0
#SofPed	174.223958	103	0
#SofPed	174.848958	0	0
#SofPed	174.863281	55	0
#SofPed	174.968750	0	0
#SofPed	174.981771	58	0
#SofPed	175.109375	0	0
#SusPed	177.299479	0	0
#SusPed	177.305990	76	0
#SusPed	179.239583	0	0
#SusPed	179.246094	68	0
#SusPed	179.359375	0	0
#SusPed	179.372396	91	0
#SusPed	179.829427	0	0
#SusPed	179.835938	85	0
#SusPed	179.968750	0	0
#SusPed	179.983073	94	0
#SusPed	181.489583	0	0
#SusPed	181.494792	59	0
#SusPed	181.589844	0	0
#SusPed	181.597656	102	0
#SusPed	182.049479	0	0
#SusPed	182.063802	73	0
#SusPed	182.188802	0	0
#SusPed	182.199219	99	0
#SusPed	184.329427	0	0
#SusPed	184.341146	91	0
#SusPed	184.579427	0	0
#SusPed	184.592448	94	0
#SusPed	186.149740	0	0
#SusPed	186.162760	88	0
#SusPed	186.509115	0	0
#SusPed	186.514323	86	0
#SusPed	188.369792	0	0
#SusPed	188.375000	79	0
#SusPed	188.968750	0	0
#SusPed	188.981771	42	0
#SusPed	189.279948	0	0
#SusPed	189.286458	57	0
#SusPed	189.878906	0	0
#SusPed	189.888021	66	0
#SusPed	191.669271	0	0
#SusPed	191.678385	66	0
#SusPed	193.250000	0	0
#SusPed	193.255208	48	0
#SusPed	193.438802	0	0
#SusPed	193.449219	53	0
#SusPed	194.250000	0	0
#SusPed	194.253906	67	0
#SusPed	195.188802	0	0
#SusPed	195.195312	81	0
#SusPed	201.199219	0	0
#SusPed	201.623698	91	0
#SusPed	201.899740	0	0
#SusPed	201.908854	97	0
#SusPed	203.438802	0	0
#SusPed	203.451823	69	0
#SusPed	203.968750	0	0
#SusPed	203.973958	67	0
#SusPed	204.239583	0	0
#SusPed	204.247396	67	0
#SusPed	206.009115	0	0
#SusPed	206.015625	68	0
#SusPed	206.239583	0	0
#SusPed	206.252604	76	0
#SusPed	206.609375	0	0
#SusPed	206.623698	83	0
#SusPed	207.419271	0	0
#SusPed	207.428385	80	0
#SusPed	207.549479	0	0
#SusPed	207.561198	72	0
#SusPed	208.658854	0	0
#SusPed	208.666667	71	0
#SusPed	208.819010	0	0
#SusPed	208.824219	65	0
#SusPed	209.468750	0	0
#SusPed	209.479167	62	0
#SusPed	209.669271	0	0
#SusPed	209.674479	77	0
#SusPed	210.569010	0	0
#SusPed	210.576823	74	0
#SusPed	210.809896	0	0
#SusPed	210.816406	78	0
#SusPed	211.279948	0	0
#SusPed	211.285156	87	0
#SusPed	215.039062	0	0
#SusPed	215.046875	70	0
#SusPed	215.218750	0	0
#SusPed	215.233073	91	0
#SusPed	216.949219	0	0
#SusPed	216.963542	74	0
#SusPed	218.000000	0	0
#SusPed	218.009115	72	0
#SusPed	218.199219	0	0
#SusPed	218.207031	88	0
#SusPed	218.718750	0	0
#SusPed	218.734375	84	0
#SusPed	219.539062	0	0
#SusPed	219.546875	70	0
#SusPed	221.500000	0	0
#SusPed	221.503906	78	0
#SusPed	221.709635	0	0
#SusPed	221.721354	82	0
#SusPed	222.128906	0	0
#SusPed	222.136719	65	0
#SusPed	222.218750	0	0
#SusPed	222.233073	68	0
#SusPed	222.628906	0	0
#SusPed	222.639323	58	0
#SusPed	222.729167	0	0
#SusPed	222.743490	71	0
#SusPed	223.149740	0	0
#SusPed	223.161458	73	0
#SusPed	223.279948	0	0
#SusPed	223.285156	75	0
#SusPed	223.750000	0	0
#SusPed	223.759115	71	0
#SusPed	223.919271	0	0
#SusPed	223.928385	77	0
#SusPed	224.878906	0	0
#SusPed	224.893229	68	0
#SusPed	225.019531	0	0
#SusPed	225.028646	85	0
#SusPed	226.199219	0	0
#SusPed	226.212240	66	0
#SusPed	226.378906	0	0
#SusPed	226.388021	87	0
#SusPed	227.649740	0	0
#SusPed	227.658854	58	0
#SusPed	227.809896	0	0
#SusPed	227.824219	91	0
#SusPed	229.250000	0	0
#SusPed	229.264323	75	0
#SusPed	235.259115	0	0
#SusPed	236.617188	66	0
#SusPed	236.699219	0	0
#SusPed	236.710938	57	0
#SusPed	236.759115	0	0
#SusPed	236.765625	53	0
#SusPed	236.848958	0	0
#SusPed	236.856771	64	0
#SusPed	242.779948	0	0
#SusPed	242.791667	67	0
#SusPed	242.919271	0	0
#SusPed	242.930990	69	0
#SusPed	245.968750	0	0
#SusPed	245.977865	84	0
#SusPed	246.179688	0	0
#SusPed	246.192708	71	0
#SusPed	247.839844	0	0
#SusPed	247.851562	71	0
#SusPed	248.389323	0	0
#SusPed	248.403646	71	0
#SusPed	248.549479	0	0
#SusPed	248.563802	62	0
#SusPed	253.759115	0	0
#SusPed	253.770833	73	0
#SusPed	253.949219	0	0
#SusPed	253.955729	69	0
#SusPed	254.279948	0	0
#SusPed	254.285156	86	0
#SusPed	254.679688	0	0
#SusPed	254.684896	71	0
#SusPed	254.848958	0	0
#SusPed	254.860677	59	0
#SusPed	259.429688	0	0
#SusPed	259.442708	69	0
#SusPed	259.639323	0	0
#SusPed	259.645833	94	0
#SusPed	260.109375	0	0
#SusPed	260.118490	92	0
#SusPed	262.500000	0	0
#SusPed	262.507812	77	0
#SusPed	262.779948	0	0
#SusPed	262.786458	76	0
#SusPed	264.089844	0	0
#SusPed	264.101562	80	0
#SusPed	264.239583	0	0
#SusPed	264.248698	79	0
#SusPed	266.149740	0	0
#SusPed	266.156250	80	0
#SusPed	266.378906	0	0
#SusPed	266.388021	84	0
#SusPed	267.329427	0	0
#SusPed	267.342448	62	0
#SusPed	267.878906	0	0
#SusPed	267.893229	77	0
#SusPed	268.549479	0	0
#SusPed	268.555990	69	0
#SusPed	268.709635	0	0
#SusPed	268.714844	67	0
#SusPed	269.669271	0	0
#SusPed	269.682292	70	0
#SusPed	269.848958	0	0
#SusPed	269.860677	72	0
#SusPed	271.139323	0	0
#SusPed	271.147135	63	0
#SusPed	271.399740	0	0
#SusPed	271.406250	79	0
#SusPed	272.658854	0	0
#SusPed	272.670573	60	0
#SusPed	272.829427	0	0
#SusPed	272.834635	75	0
#SusPed	278.839844	0	0
#SusPed	279.143229	85	0
#SusPed	279.339844	0	0
#SusPed	279.351562	84	0
#SusPed	285.109375	0	0
#SusPed	285.123698	69	0
#SusPed	286.919271	0	0
#SusPed	286.925781	66	0
#SusPed	287.079427	0	0
#SusPed	287.085938	73	0
#SusPed	289.289062	0	0
#SusPed	289.303385	82	0
#SusPed	293.109375	0	0
#SusPed	293.123698	87	0
#SusPed	293.289062	0	0
#SusPed	293.302083	68	0
#SusPed	294.729167	0	0
#SusPed	294.743490	66	0
#SusPed	294.878906	0	0
#SusPed	294.888021	70	0
#SusPed	296.299479	0	0
#SusPed	296.304688	69	0
#SusPed	297.259115	0	0
#SusPed	297.266927	73	0
#SusPed	297.378906	0	0
#SusPed	297.391927	69	0
#SusPed	298.869792	0	0
#SusPed	298.875000	66	0
#SusPed	299.009115	0	0
#SusPed	299.023438	81	0
#SusPed	301.468750	0	0
#SusPed	301.475260	72	0
#SusPed	301.609375	0	0
#SusPed	301.617188	62	0
#SusPed	303.509115	0	0
#SusPed	303.519531	68	0
#SusPed	303.628906	0	0
#SusPed	303.644531	65	0
#SusPed	304.688802	0	0
#SusPed	304.695312	79	0
#SusPed	304.848958	0	0
#SusPed	304.859375	74	0
#SusPed	305.459635	0	0
#SusPed	305.464844	67	0
#SusPed	305.789062	0	0
#SusPed	305.795573	87	0
#SusPed	306.369792	0	0
#SusPed	306.376302	63	0
#SusPed	306.559896	0	0
#SusPed	306.572917	76	0
#SusPed	311.119792	0	0
#SusPed	311.134115	75	0
#SusPed	311.299479	0	0
#SusPed	311.304688	92	0
#SusPed	313.688802	0	0
#SusPed	313.695312	63	0
#SusPed	314.209635	0	0
#SusPed	314.214844	74	0
#SusPed	314.309896	0	0
#SusPed	314.324219	79	0
#SusPed	314.750000	0	0
#SusPed	314.761719	73	0
#SusPed	315.218750	0	0
#SusPed	315.234375	71	0
#SusPed	315.329427	0	0
#SusPed	315.335938	68	0
#SusPed	317.459635	0	0
#SusPed	317.471354	53	0
#SusPed	317.579427	0	0
#SusPed	317.593750	76	0
#SusPed	318.419271	0	0
#SusPed	318.425781	65	0
#SusPed	318.598958	0	0
#SusPed	318.610677	77	0
#SusPed	319.529948	0	0
#SusPed	319.544271	74	0
#SusPed	319.729167	0	0
#SusPed	319.738281	60	0
#SusPed	322.579427	0	0
#SusPed	322.593750	67	0
#SusPed	323.799479	0	0
#SusPed	323.813802	55	0
#SusPed	325.779948	0	0
#SusPed	325.785156	85	0
#SusPed	325.829427	0	0
#SusPed	325.838542	85	0
#SofPed	326.292969	72	0
#SofPed	326.468750	0	0
#SofPed	326.483073	57	0
#SofPed	326.628906	0	0
#SusPed	326.639323	0	0
#SofPed	326.643229	51	0
#SusPed	326.648438	71	0
#SofPed	327.348958	0	0
#SofPed	327.358073	87	0
#SofPed	327.399740	0	0
#SofPed	327.406250	78	0
#SofPed	327.878906	0	0
#SusPed	330.359375	0	0
#SusPed	330.365885	69	0
#SusPed	330.479167	0	0
#SusPed	330.492188	84	0
#SusPed	331.019531	0	0
#SusPed	331.033854	84	0
#SusPed	332.789062	0	0
#SusPed	332.803385	78	0
#SusPed	332.919271	0	0
#SusPed	332.925781	74	0
#SusPed	333.718750	0	0
#SusPed	333.726562	86	0
#SusPed	333.968750	0	0
#SusPed	333.975260	95	0
#SusPed	337.049479	0	0
#SusPed	337.054688	85	0
#SusPed	337.279948	0	0
#SusPed	337.289062	107	0
#SusPed	338.799479	0	0
#SusPed	338.811198	76	0
#SusPed	338.979167	0	0
#SusPed	338.994792	105	0
#SusPed	340.908854	0	0
#SusPed	340.914062	91	0
#SusPed	341.029948	0	0
#SusPed	341.035156	96	0
#SusPed	341.479167	0	0
#SusPed	341.493490	89	0
#SusPed	341.639323	0	0
#SusPed	341.647135	95	0
#SusPed	345.399740	0	0
#SusPed	345.406250	60	0
#SusPed	349.639323	0	0
#SusPed	349.653646	59	0
#SusPed	355.649740	0	0
