//Version: PianoRoll_v170101
0	0.313802	3.299479	G4	47	80	0
1	0.342448	1.500000	B3	42	80	0
2	0.963542	2.049479	D4	29	80	0
3	1.513021	2.699219	G2	32	80	0
4	1.513021	2.639323	B3	37	80	0
5	2.054688	2.759115	D4	35	80	0
6	2.648438	3.429688	B3	40	80	0
7	2.678385	3.839844	C2	28	80	0
8	3.235677	4.539062	A4	46	80	0
9	3.268229	3.989583	E4	34	80	0
10	3.847656	5.759115	F#4	47	80	0
11	3.855469	5.299479	B3	32	80	0
12	3.856771	5.188802	E3	35	80	0
13	4.463542	5.989583	E4	45	80	0
14	5.097656	7.039062	D4	52	80	0
15	5.136719	6.029948	F#3	28	80	0
16	5.143229	6.658854	D2	33	80	0
17	5.695312	6.559896	B3	41	80	0
18	6.313802	7.979167	B2	31	80	0
19	6.315104	7.799479	E4	48	80	0
20	6.326823	7.309896	F#3	31	80	0
21	6.912760	7.500000	F#4	58	80	0
22	6.923177	7.839844	B3	37	80	0
23	7.511719	8.539062	F#4	56	80	0
24	7.558594	9.109375	E2	34	80	0
25	7.561198	8.209635	G3	30	80	0
26	8.152344	8.750000	E4	54	80	0
27	8.183594	9.029948	B3	30	80	0
28	8.757812	10.259115	E4	50	80	0
29	8.785156	9.304688	D3	31	80	0
30	8.789062	9.305990	G3	28	80	0
31	9.347656	10.019531	B3	41	80	0
32	10.050781	12.859375	B4	62	80	0
33	10.067708	10.859375	C4	40	80	0
34	10.625000	11.399740	E4	43	80	0
35	11.200521	11.733073	G3	41	80	0
36	11.207031	12.000000	C4	36	80	0
37	11.776042	12.589844	E4	39	80	0
38	11.782552	12.079427	G3	34	80	0
39	12.346354	12.938802	C4	31	80	0
40	12.348958	13.059896	A2	34	80	0
41	12.355469	12.369792	A3	31	80	0
42	12.975260	14.299479	C5	56	80	0
43	13.005208	13.729167	E4	36	80	0
44	13.576823	14.919271	A4	55	80	0
45	13.597656	14.529948	C4	34	80	0
46	13.602865	14.859375	G3	32	80	0
47	14.183594	14.865885	G4	55	80	0
48	14.187500	14.199219	E3	37	80	0
49	14.216146	14.899740	E4	36	80	0
50	14.820312	16.144531	F#4	57	80	0
51	14.876302	17.069010	D3	32	80	0
52	14.876302	15.739583	C4	32	80	0
53	15.440104	16.239583	D4	31	80	0
54	16.044271	16.688802	G4	52	80	0
55	16.082031	17.209635	C4	36	80	0
56	16.634115	18.489583	A4	54	80	0
57	16.662760	17.429688	D4	35	80	0
58	17.210938	19.169271	G2	42	80	0
59	17.225260	18.329427	B3	42	80	0
60	17.824219	18.569010	B4	58	80	0
61	17.835938	18.688802	D4	41	80	0
62	18.444010	19.105469	G4	58	80	0
63	18.450521	19.529948	B3	44	80	0
64	19.041667	19.756510	F#4	56	80	0
65	19.074219	19.753906	D4	42	80	0
66	19.678385	20.951823	E4	57	80	0
67	19.708333	20.359375	B3	42	80	0
68	19.709635	21.549479	C3	43	80	0
69	20.274740	20.947917	C4	46	80	0
70	20.894531	21.510417	F#4	60	80	0
71	20.932292	21.507812	B3	39	80	0
72	21.505208	22.819010	G4	49	80	0
73	21.519531	22.419271	C4	39	80	0
74	22.098958	22.989583	A3	39	80	0
75	22.108073	23.549479	F#2	39	80	0
76	22.705729	24.179688	A4	49	80	0
77	22.714844	23.579427	C4	37	80	0
78	23.292969	24.009115	F#4	52	80	0
79	23.337240	25.279948	A3	31	80	0
80	23.337240	24.709635	E3	29	80	0
81	23.945312	26.378906	E4	41	80	0
82	23.951823	25.209635	C4	31	80	0
83	24.583333	27.500000	F#4	43	80	0
84	24.584635	27.109375	B2	37	80	0
85	24.593750	24.598958	F#3	38	80	0
86	25.161458	26.319010	B3	45	80	0
87	25.735677	27.500000	D4	39	80	0
88	26.332031	27.309896	B3	46	80	0
89	26.964844	28.250000	F#2	49	80	0
90	27.595052	28.989583	A4	47	80	0
91	27.606771	28.479167	E4	48	80	0
92	27.614583	28.269531	C4	36	80	0
93	28.253906	29.119792	F#4	59	80	0
94	28.274740	28.589844	D4	40	80	0
95	28.281250	29.009115	B3	42	80	0
96	28.282552	28.976562	G2	41	80	0
97	28.934896	29.746094	E4	59	80	0
98	28.951823	29.809896	A2	37	80	0
99	28.954427	29.369792	C4	41	80	0
100	29.686198	31.449219	F#4	60	80	0
101	29.710938	31.468750	B3	44	80	0
102	29.713542	32.039062	D3	42	80	0
103	30.394531	34.188802	D4	39	80	0
104	31.294271	34.089844	B4	57	80	0
105	32.710938	34.229167	B1	31	80	0
106	32.716146	33.299479	B2	27	80	0
107	34.100260	35.699219	B4	45	80	0
108	35.125000	36.049479	B3	41	80	0
109	35.134115	35.759115	C4	37	80	0
110	35.373698	36.239583	E4	41	80	0
111	35.555990	36.188802	G4	42	80	0
112	35.712240	35.884115	B4	49	80	0
113	35.893229	36.559896	E5	54	80	0
114	36.272135	39.299479	B4	56	80	0
115	36.285156	37.139323	C2	32	80	0
116	36.904948	37.729167	E4	34	80	0
117	37.492188	38.919271	B3	56	80	0
118	37.493490	38.369792	G4	42	80	0
119	38.062500	39.019531	E4	39	80	0
120	38.623698	39.359375	C4	47	80	0
121	39.208333	40.619792	A4	54	80	0
122	39.244792	40.069010	A3	39	80	0
123	39.244792	40.128906	E4	36	80	0
124	39.799479	40.459635	D5	61	80	0
125	39.804688	39.959635	G3	40	80	0
126	39.809896	40.769531	D4	47	80	0
127	40.385417	40.799479	B4	61	80	0
128	40.391927	40.399740	E3	36	80	0
129	40.402344	41.679688	A2	35	80	0
130	40.416667	40.819010	B3	42	80	0
131	41.023438	42.500000	B4	63	80	0
132	41.037760	44.899740	C4	51	80	0
133	41.057292	42.399740	B3	50	80	0
134	41.686198	45.709635	A2	35	80	0
135	41.692708	46.750000	D2	34	80	0
136	41.694010	42.739583	E4	33	80	0
137	41.703125	41.979167	F#3	35	80	0
138	42.328125	43.729167	A4	56	80	0
139	42.330729	43.489583	F#3	40	80	0
140	42.933594	44.119792	E4	46	80	0
141	43.515625	44.889323	G4	60	80	0
142	43.575521	44.854167	B3	45	80	0
143	44.127604	44.855469	E4	43	80	0
144	44.752604	47.348958	A4	50	80	0
145	44.765625	46.339844	A3	38	80	0
146	45.414062	45.819010	E4	39	80	0
147	46.214844	47.079427	E4	40	80	0
148	46.225260	47.609375	G3	35	80	0
149	46.925781	47.598958	B3	45	80	0
150	47.485677	48.029948	E4	40	80	0
151	48.053385	49.989583	B4	45	80	0
152	48.614583	49.449219	E2	39	80	0
153	48.614583	50.309896	E4	45	80	0
154	49.253906	50.309896	D5	51	80	0
155	49.255208	50.089844	C5	54	80	0
156	49.278646	50.169271	D4	39	80	0
157	49.279948	49.878906	D2	36	80	0
158	49.281250	49.949219	D3	36	80	0
159	49.886719	50.589844	G2	40	80	0
160	49.888021	50.569010	G4	38	80	0
161	49.888021	50.188802	G3	41	80	0
162	50.545573	51.459635	D5	45	80	0
163	50.554688	51.309896	F#2	45	80	0
164	50.557292	50.929688	F#3	39	80	0
165	50.561198	51.539062	C5	42	80	0
166	51.446615	52.718750	E5	43	80	0
167	51.454427	52.869792	B4	41	80	0
168	51.454427	53.500000	B2	31	80	0
169	51.455729	51.589844	E3	31	80	0
170	51.457031	54.149740	E2	31	80	0
171	51.464844	52.769531	E4	30	80	0
172	52.489583	52.989583	B3	57	80	0
173	53.244792	53.750000	B4	63	80	0
174	53.256510	53.729167	D4	51	80	0
175	53.967448	55.299479	E4	73	80	0
176	54.877604	56.509115	F#4	70	80	0
177	54.884115	57.019531	E2	55	80	0
178	54.888021	56.699219	D4	63	80	0
179	54.893229	56.039062	B2	53	80	0
180	54.902344	55.989583	G#3	55	80	0
181	56.983073	59.419271	E4	69	80	0
182	56.996094	58.609375	C4	57	80	0
183	57.006510	58.919271	F#3	46	80	0
184	57.013021	59.779948	A2	44	80	0
185	57.018229	60.059896	D2	45	80	0
186	58.057292	58.949219	B3	62	80	0
187	58.684896	59.598958	A3	57	80	0
188	59.554688	62.500000	F#4	69	80	0
189	59.571615	62.500000	F#3	55	80	0
190	59.572917	61.649740	B3	52	80	0
191	59.575521	60.949219	D4	47	80	0
192	59.575521	62.069010	D3	48	80	0
193	59.578125	62.500000	F#2	49	80	0
194	62.972656	63.598958	B3	47	80	0
195	63.007812	64.459635	F#3	31	80	0
196	63.604167	64.438802	B3	46	80	0
197	63.606771	63.878906	D4	43	80	0
198	64.194010	64.739583	F#4	55	80	0
199	64.196615	64.919271	D4	40	80	0
200	64.802083	65.079427	B4	61	80	0
201	64.829427	65.000000	F#4	31	80	0
202	64.832031	64.949219	F#3	34	80	0
203	65.500000	66.319010	F#5	59	80	0
204	65.537760	65.959635	D5	40	80	0
205	65.545573	65.579427	B1	33	80	0
206	65.546875	66.289062	B2	32	80	0
207	65.555990	65.919271	B4	39	80	0
208	65.567708	65.859375	A4	31	80	0
209	66.122396	66.429688	B4	37	80	0
210	66.123698	66.438802	D5	37	80	0
211	66.125000	66.459635	A4	29	80	0
212	66.705729	68.109375	G5	58	80	0
213	66.733073	66.989583	G4	39	80	0
214	66.734375	67.089844	B4	43	80	0
215	66.735677	67.039062	D5	37	80	0
216	67.322917	67.929688	D5	42	80	0
217	67.324219	67.929688	B4	40	80	0
218	67.332031	67.769531	G4	34	80	0
219	67.916667	68.299479	B2	41	80	0
220	67.934896	68.289062	B1	38	80	0
221	67.938802	68.218750	D5	41	80	0
222	67.944010	68.329427	B4	39	80	0
223	68.540365	68.938802	F#5	59	80	0
224	68.576823	68.889323	A4	37	80	0
225	68.583333	68.839844	D5	35	80	0
226	68.584635	68.869792	B4	40	80	0
227	69.143229	69.489583	G5	66	80	0
228	69.161458	69.169271	G3	36	80	0
229	69.165365	69.419271	G4	40	80	0
230	69.187500	69.449219	B4	36	80	0
231	69.191406	69.408854	D5	34	80	0
232	69.753906	69.979167	A5	59	80	0
233	69.786458	69.848958	F#3	35	80	0
234	69.786458	70.019531	B4	41	80	0
235	69.792969	69.989583	D5	40	80	0
236	69.794271	70.000000	F#4	35	80	0
237	70.434896	71.649740	D5	50	80	0
238	70.473958	71.029948	B4	43	80	0
239	70.477865	70.929688	G4	32	80	0
240	70.483073	70.889323	E4	37	80	0
241	70.493490	73.919271	B1	32	80	0
242	70.494792	71.218750	B2	30	80	0
243	71.035156	71.309896	B4	45	80	0
244	71.042969	71.049479	G3	33	80	0
245	71.044271	71.250000	G4	32	80	0
246	71.053385	71.205729	E4	32	80	0
247	71.644531	72.899740	C#5	52	80	0
248	71.683594	71.959635	E4	31	80	0
249	71.684896	71.989583	G4	32	80	0
250	72.250000	72.519531	G4	31	80	0
251	72.256510	72.529948	B4	32	80	0
252	72.263021	72.449219	E4	29	80	0
253	72.273438	72.489583	B3	26	80	0
254	72.850260	73.218750	B4	35	80	0
255	72.852865	73.139323	G4	33	80	0
256	72.855469	73.139323	E4	32	80	0
257	73.458333	73.899740	B4	43	80	0
258	73.490885	73.769531	G4	30	80	0
259	73.496094	73.848958	E4	34	80	0
260	74.082031	74.408854	B3	52	80	0
261	74.083333	74.429688	B4	51	80	0
262	74.083333	74.359375	G4	39	80	0
263	74.093750	74.389323	E4	32	80	0
264	74.712240	75.128906	B4	36	80	0
265	74.733073	75.039062	G4	32	80	0
266	74.755208	75.059896	E4	30	80	0
267	75.414062	76.459635	D5	62	80	0
268	75.446615	76.049479	B4	52	80	0
269	75.447917	75.799479	F#4	45	80	0
270	75.464844	77.449219	B2	42	80	0
271	75.472656	77.479167	B1	41	80	0
272	76.007812	76.179688	G4	47	80	0
273	76.020833	76.279948	F#4	49	80	0
274	76.055990	76.339844	B4	34	80	0
275	76.634115	78.049479	E5	70	80	0
276	76.673177	77.039062	B4	41	80	0
277	76.673177	77.009115	E4	43	80	0
278	76.675781	77.019531	G4	34	80	0
279	77.256510	78.250000	B4	49	80	0
280	77.263021	77.598958	G4	40	80	0
281	77.285156	77.628906	E4	42	80	0
282	77.838542	78.188802	B1	42	80	0
283	77.845052	78.209635	B2	44	80	0
284	77.861979	78.229167	G4	41	80	0
285	77.867188	78.209635	E4	39	80	0
286	77.875000	78.158854	B3	37	80	0
287	78.493490	78.979167	D5	63	80	0
288	78.503906	78.929688	B4	61	80	0
289	78.533854	78.839844	F#4	36	80	0
290	78.535156	78.819010	G4	34	80	0
291	78.541667	78.859375	E4	34	80	0
292	79.115885	79.519531	E5	66	80	0
293	79.153646	79.500000	B4	46	80	0
294	79.164062	79.468750	E4	50	80	0
295	79.164062	79.429688	G4	36	80	0
296	79.734375	80.049479	F#5	64	80	0
297	79.761719	80.109375	B4	51	80	0
298	79.786458	80.179688	G4	38	80	0
299	79.791667	79.949219	B3	39	80	0
300	79.794271	80.049479	D4	40	80	0
301	79.794271	80.149740	E4	38	80	0
302	79.795573	79.878906	G3	35	80	0
303	80.436198	81.878906	B4	61	80	0
304	80.463542	85.649740	B1	32	80	0
305	80.489583	80.829427	E4	41	80	0
306	80.493490	80.809896	C#4	37	80	0
307	80.498698	80.789062	G4	32	80	0
308	81.058594	81.378906	E4	41	80	0
309	81.062500	81.449219	C#4	42	80	0
310	81.065104	81.829427	G4	39	80	0
311	81.700521	82.519531	A4	55	80	0
312	81.723958	82.019531	E4	41	80	0
313	81.725260	82.139323	C#4	33	80	0
314	82.339844	82.669271	E4	34	80	0
315	82.341146	82.609375	G4	32	80	0
316	82.343750	82.718750	C#4	28	80	0
317	83.066406	83.598958	F#4	41	80	0
318	83.084635	83.500000	D4	38	80	0
319	83.089844	83.519531	C#4	37	80	0
320	83.736979	84.128906	F#4	30	80	0
321	83.742188	84.938802	F#3	31	80	0
322	83.743490	84.059896	D4	32	80	0
323	83.747396	84.109375	C#4	30	80	0
324	84.334635	84.809896	F#4	29	80	0
325	84.342448	84.679688	D4	30	80	0
326	84.345052	84.750000	C#4	28	80	0
327	84.352865	84.359375	B3	28	80	0
328	84.945312	85.250000	F#3	27	80	0
329	84.945312	85.329427	F#4	28	80	0
330	84.946615	85.259115	D4	26	80	0
331	84.953125	85.309896	C#4	25	80	0
332	85.654948	86.628906	A4	53	80	0
333	85.692708	86.098958	F#4	36	80	0
334	85.704427	86.109375	C#4	26	80	0
335	85.708333	86.899740	A2	29	80	0
336	85.709635	88.149740	A1	32	80	0
337	86.294271	86.699219	F#4	37	80	0
338	86.295573	86.559896	D4	33	80	0
339	86.300781	86.559896	C#4	33	80	0
340	86.898438	88.959635	B4	59	80	0
341	86.908854	87.929688	A2	31	80	0
342	86.920573	87.312500	B3	39	80	0
343	86.938802	87.359375	D4	29	80	0
344	86.945312	87.369792	F#4	24	80	0
345	87.524740	87.938802	D4	36	80	0
346	87.526042	88.139323	F#4	32	80	0
347	87.531250	87.539062	F#3	34	80	0
348	87.531250	88.459635	B3	39	80	0
349	88.151042	88.479167	F#4	34	80	0
350	88.152344	88.519531	D4	36	80	0
351	88.154948	88.799479	A1	32	80	0
352	88.158854	88.169271	F#3	31	80	0
353	88.161458	89.319010	A2	30	80	0
354	88.191406	88.199219	A3	20	80	0
355	88.789062	89.529948	A4	56	80	0
356	88.805990	89.429688	A1	28	80	0
357	88.815104	89.188802	F#4	31	80	0
358	88.834635	89.250000	C#4	29	80	0
359	89.406250	90.169271	B4	65	80	0
360	89.421875	89.829427	B3	47	80	0
361	89.423177	89.429688	F#3	42	80	0
362	89.430990	90.089844	A2	36	80	0
363	89.430990	89.799479	F#4	46	80	0
364	89.434896	89.789062	D4	39	80	0
365	89.438802	90.329427	A1	35	80	0
366	90.042969	90.549479	C#5	65	80	0
367	90.058594	90.468750	F#4	53	80	0
368	90.095052	90.589844	D4	38	80	0
369	90.096354	90.529948	A3	36	80	0
370	90.097656	90.479167	A2	38	80	0
371	90.843750	91.859375	F#4	65	80	0
372	90.859375	92.119792	D4	49	80	0
373	90.884115	91.649740	G3	39	80	0
374	90.884115	92.500000	E2	40	80	0
375	90.885417	91.759115	B2	38	80	0
376	92.335938	93.669271	E4	52	80	0
377	92.341146	93.589844	E3	42	80	0
378	92.343750	93.919271	G3	38	80	0
379	92.345052	93.549479	B3	37	80	0
380	92.346354	94.039062	A2	34	80	0
381	94.200521	94.649740	A3	45	80	0
382	94.204427	94.718750	D4	51	80	0
383	94.214844	94.669271	D3	40	80	0
384	94.216146	94.789062	A2	35	80	0
385	94.220052	94.669271	D2	36	80	0
386	94.221354	94.669271	F#3	40	80	0
387	94.894531	95.369792	E4	67	80	0
388	94.917969	95.239583	A1	39	80	0
389	94.923177	95.339844	A2	41	80	0
390	94.923177	95.329427	B3	52	80	0
391	94.924479	95.319010	G3	39	80	0
392	95.575521	96.009115	F#4	61	80	0
393	95.592448	96.029948	D4	46	80	0
394	95.592448	96.029948	E2	45	80	0
395	95.597656	95.989583	G3	44	80	0
396	95.601562	95.959635	B2	46	80	0
397	96.361979	98.029948	E4	62	80	0
398	96.372396	97.938802	B3	42	80	0
399	96.377604	98.059896	A2	36	80	0
400	96.384115	97.949219	G3	37	80	0
401	97.884115	98.500000	D4	45	80	0
402	97.890625	98.598958	A3	33	80	0
403	97.890625	98.539062	D3	34	80	0
404	97.895833	98.598958	F#3	33	80	0
405	99.743490	101.149740	F#5	49	80	0
406	99.774740	100.309896	B1	28	80	0
407	99.776042	100.139323	B2	26	80	0
408	99.776042	100.378906	D5	32	80	0
409	99.781250	100.229167	A4	26	80	0
410	100.393229	100.809896	D5	32	80	0
411	100.402344	100.809896	A4	28	80	0
412	100.404948	100.750000	B4	30	80	0
413	100.993490	102.449219	G5	56	80	0
414	101.014323	101.319010	G4	34	80	0
415	101.033854	101.598958	D5	36	80	0
416	101.035156	101.479167	B4	35	80	0
417	101.605469	102.079427	B4	44	80	0
418	101.606771	102.019531	D5	39	80	0
419	101.613281	101.899740	G4	27	80	0
420	102.223958	102.500000	D5	32	80	0
421	102.226562	102.419271	G4	25	80	0
422	102.233073	102.489583	B4	33	80	0
423	102.817708	103.408854	F#5	55	80	0
424	102.861979	103.239583	D5	34	80	0
425	102.863281	103.229167	B4	35	80	0
426	102.865885	103.229167	A4	30	80	0
427	103.438802	103.839844	G5	56	80	0
428	103.464844	103.779948	B4	37	80	0
429	103.464844	103.799479	D5	35	80	0
430	103.476562	103.709635	G4	30	80	0
431	104.041667	104.908854	A5	58	80	0
432	104.062500	104.069010	F#3	35	80	0
433	104.069010	104.269531	F#4	32	80	0
434	104.075521	104.309896	B4	37	80	0
435	104.075521	104.309896	D5	34	80	0
436	104.718750	106.109375	D5	52	80	0
437	104.747396	105.359375	B4	44	80	0
438	104.748698	108.718750	E2	35	80	0
439	105.367188	106.459635	B4	41	80	0
440	105.368490	105.769531	E4	39	80	0
441	105.369792	105.609375	G4	38	80	0
442	105.992188	107.500000	C#5	51	80	0
443	106.035156	106.378906	E4	27	80	0
444	106.037760	106.299479	G4	26	80	0
445	106.041667	106.250000	B3	24	80	0
446	106.653646	106.908854	G4	32	80	0
447	106.654948	106.949219	E4	31	80	0
448	107.234375	107.609375	B4	34	80	0
449	107.238281	107.529948	E4	33	80	0
450	107.238281	107.479167	G4	34	80	0
451	107.243490	107.479167	B3	30	80	0
452	107.872396	107.878906	G3	30	80	0
453	107.876302	108.489583	B4	35	80	0
454	107.878906	108.089844	G4	29	80	0
455	107.882812	108.269531	E4	38	80	0
456	107.884115	108.049479	B3	27	80	0
457	108.503906	108.839844	B3	45	80	0
458	108.503906	108.819010	B4	44	80	0
459	108.511719	108.729167	G4	32	80	0
460	109.106771	109.718750	B4	43	80	0
461	109.113281	109.539062	G4	40	80	0
462	109.123698	109.628906	E4	37	80	0
463	109.807292	110.929688	D5	59	80	0
464	109.838542	110.449219	B4	50	80	0
465	109.839844	113.408854	A2	37	80	0
466	109.850260	110.218750	G4	34	80	0
467	110.460938	110.779948	B4	33	80	0
468	110.460938	110.709635	F#4	35	80	0
469	110.462240	110.789062	G4	36	80	0
470	111.084635	112.579427	E5	54	80	0
471	111.114583	111.479167	B4	39	80	0
472	111.115885	111.509115	E4	37	80	0
473	111.123698	111.438802	G4	30	80	0
474	111.694010	112.069010	B4	43	80	0
475	111.695312	112.089844	E4	36	80	0
476	111.696615	112.029948	G4	34	80	0
477	112.326823	112.679688	B4	37	80	0
478	112.326823	112.649740	G4	36	80	0
479	112.333333	112.908854	E4	29	80	0
480	112.975260	113.709635	D5	49	80	0
481	112.979167	113.389323	B4	49	80	0
482	112.984375	113.329427	F#4	37	80	0
483	112.993490	113.329427	G4	38	80	0
484	112.997396	113.009115	G3	37	80	0
485	113.597656	114.359375	E5	63	80	0
486	113.639323	113.979167	B4	35	80	0
487	113.644531	114.500000	E4	48	80	0
488	113.645833	114.149740	G4	34	80	0
489	114.220052	114.679688	F#5	58	80	0
490	114.246094	114.628906	B4	44	80	0
491	114.251302	114.559896	F#4	35	80	0
492	114.252604	114.639323	D4	44	80	0
493	114.890625	115.809896	B4	63	80	0
494	114.924479	115.250000	C#4	39	80	0
495	114.932292	115.158854	G4	31	80	0
496	114.932292	115.259115	E4	37	80	0
497	115.535156	116.049479	E4	33	80	0
498	115.545573	115.908854	C#4	28	80	0
499	115.561198	116.429688	G4	25	80	0
500	116.208333	117.098958	A4	46	80	0
501	116.234375	116.968750	A1	31	80	0
502	116.234375	116.839844	A2	29	80	0
503	116.244792	116.579427	C#4	28	80	0
504	116.246094	116.539062	E4	25	80	0
505	116.860677	117.658854	E4	30	80	0
506	116.863281	117.639323	G4	30	80	0
507	116.865885	117.139323	C#4	26	80	0
508	117.635417	118.259115	F#4	33	80	0
509	117.641927	119.779948	D2	38	80	0
510	117.656250	118.039062	C#4	30	80	0
511	117.657552	117.979167	D4	30	80	0
512	117.661458	119.199219	D3	31	80	0
513	118.273438	118.899740	F#4	35	80	0
514	118.304688	119.699219	A3	25	80	0
515	118.305990	118.679688	C#4	27	80	0
516	118.906250	119.479167	F#4	28	80	0
517	118.907552	119.669271	C#4	31	80	0
518	118.907552	119.059896	D4	32	80	0
519	119.493490	120.009115	F#4	32	80	0
520	119.518229	119.839844	D4	24	80	0
521	120.265625	121.269531	A4	43	80	0
522	120.303385	120.979167	C#4	26	80	0
523	120.303385	120.908854	F#4	28	80	0
524	120.304688	121.750000	G2	30	80	0
525	120.308594	123.500000	G1	30	80	0
526	120.311198	120.779948	D4	25	80	0
527	120.916667	121.299479	F#4	35	80	0
528	120.919271	121.229167	D4	34	80	0
529	121.513021	122.500000	B4	52	80	0
530	121.536458	121.889323	B3	41	80	0
531	121.575521	121.809896	D4	26	80	0
532	121.576823	121.819010	F#4	22	80	0
533	122.139323	122.519531	B3	32	80	0
534	122.143229	122.468750	F#4	32	80	0
535	122.143229	122.449219	D4	28	80	0
536	122.722656	123.119792	D4	27	80	0
537	122.726562	123.158854	B3	29	80	0
538	122.726562	123.059896	F#4	35	80	0
539	123.330729	124.069010	A4	48	80	0
540	123.347656	123.819010	C#4	38	80	0
541	123.354167	123.979167	F#4	34	80	0
542	123.949219	124.329427	B4	61	80	0
543	123.984375	124.989583	B2	39	80	0
544	123.992188	124.359375	D4	39	80	0
545	123.992188	125.079427	B1	37	80	0
546	123.993490	124.339844	F#4	35	80	0
547	124.001302	124.009115	F#3	35	80	0
548	124.617188	125.039062	C#5	64	80	0
549	124.641927	125.098958	F#4	49	80	0
550	124.645833	124.899740	D3	35	80	0
551	124.653646	125.039062	D4	37	80	0
552	124.653646	124.658854	A2	37	80	0
553	124.654948	125.109375	A3	36	80	0
554	125.436198	127.259115	F#4	66	80	0
555	125.450521	126.500000	D4	54	80	0
556	125.455729	126.750000	C#4	55	80	0
557	125.472656	126.718750	G3	46	80	0
558	125.483073	127.029948	B2	48	80	0
559	125.486979	127.279948	E2	47	80	0
560	125.492188	126.218750	E1	49	80	0
561	127.100260	129.188802	E4	71	80	0
562	127.114583	128.718750	G3	50	80	0
563	127.115885	129.000000	C#4	62	80	0
564	127.117188	128.679688	E3	50	80	0
565	127.122396	127.889323	B3	57	80	0
566	127.123698	129.339844	A2	46	80	0
567	128.898438	129.429688	D4	59	80	0
568	128.915365	129.799479	B3	48	80	0
569	128.915365	129.369792	F#3	40	80	0
570	128.924479	129.339844	D3	38	80	0
571	128.933594	129.329427	A3	40	80	0
572	129.524740	129.968750	E4	70	80	0
573	129.542969	129.829427	E3	49	80	0
574	129.555990	129.989583	A2	45	80	0
575	129.559896	129.938802	A1	46	80	0
576	129.562500	129.968750	C#4	56	80	0
577	129.571615	129.938802	G3	40	80	0
578	130.123698	130.878906	F#4	72	80	0
579	130.153646	130.619792	D4	47	80	0
580	130.167969	130.919271	E2	47	80	0
581	130.169271	130.789062	B2	46	80	0
582	130.170573	130.579427	G#3	43	80	0
583	130.852865	132.378906	E4	70	80	0
584	130.877604	132.359375	C#4	57	80	0
585	130.882812	132.500000	A2	48	80	0
586	130.882812	132.000000	G3	45	80	0
587	130.889323	131.429688	B3	53	80	0
588	132.315104	133.089844	D4	42	80	0
589	132.321615	133.069010	D3	35	80	0
590	132.326823	133.059896	A3	33	80	0
591	132.333333	133.069010	F#3	34	80	0
592	133.902344	134.839844	F#4	82	80	0
593	133.903646	134.559896	B2	61	80	0
594	133.906250	134.848958	E2	62	80	0
595	133.915365	134.669271	G#3	67	80	0
596	133.915365	135.609375	D4	67	80	0
597	135.542969	136.829427	E4	77	80	0
598	135.546875	137.089844	C4	64	80	0
599	135.550781	137.829427	D2	67	80	0
600	135.553385	136.579427	A2	65	80	0
601	135.553385	137.199219	F#3	66	80	0
602	137.707031	138.658854	D4	75	80	0
603	137.722656	138.250000	Bb3	67	80	0
604	137.725260	138.229167	E3	63	80	0
605	137.730469	138.250000	G2	64	80	0
606	137.742188	138.399740	C2	64	80	0
607	138.605469	139.609375	E4	78	80	0
608	138.614583	139.359375	D2	57	80	0
609	138.614583	139.119792	A2	58	80	0
610	138.614583	139.128906	C4	65	80	0
611	138.618490	139.119792	F#3	60	80	0
612	139.343750	140.259115	F#4	73	80	0
613	139.359375	140.158854	D4	55	80	0
614	139.364583	140.250000	E2	51	80	0
615	139.367188	139.869792	G#3	55	80	0
616	140.201823	143.539062	E4	69	80	0
617	140.230469	142.639323	B3	51	80	0
618	140.234375	140.239583	G1	43	80	0
619	140.235677	142.549479	G2	42	80	0
620	140.238281	141.218750	F3	43	80	0
621	140.246094	141.559896	G3	41	80	0
622	141.141927	141.839844	G#3	44	80	0
623	141.147135	141.158854	G#2	40	80	0
624	141.149740	141.759115	F#3	42	80	0
625	142.566406	143.989583	D4	46	80	0
626	142.569010	142.579427	A3	36	80	0
627	142.572917	143.739583	C4	42	80	0
628	142.580729	143.729167	A2	35	80	0
629	142.582031	143.509115	F#3	33	80	0
630	142.583333	144.119792	D2	37	80	0
631	145.994792	146.938802	G2	27	80	0
632	146.153646	146.739583	D3	34	80	0
633	146.326823	146.529948	B3	44	80	0
634	146.441406	146.688802	D4	43	80	0
635	146.641927	147.188802	B4	43	80	0
636	147.095052	149.679688	G5	63	80	0
637	147.705729	148.679688	D5	34	80	0
638	148.269531	149.158854	B4	46	80	0
639	148.335938	148.949219	G4	25	80	0
640	148.868490	149.489583	D5	43	80	0
641	149.286458	149.759115	C2	34	80	0
642	149.355469	149.779948	G2	34	80	0
643	149.473958	149.889323	E3	38	80	0
644	149.475260	150.059896	B4	48	80	0
645	150.065104	151.169271	A5	61	80	0
646	150.074219	150.789062	E5	49	80	0
647	150.546875	150.938802	B3	39	80	0
648	150.552083	151.468750	G4	33	80	0
649	150.557292	151.250000	E4	34	80	0
650	150.582031	150.859375	G3	28	80	0
651	150.670573	151.489583	F#5	62	80	0
652	150.710938	152.169271	B4	40	80	0
653	151.270833	151.279948	D3	31	80	0
654	151.273438	152.179688	E5	60	80	0
655	151.588542	151.678385	D2	33	80	0
656	151.753906	152.158854	B2	37	80	0
657	151.967448	153.089844	D5	57	80	0
658	151.980469	152.919271	B3	43	80	0
659	151.985677	152.819010	F#3	33	80	0
660	152.576823	153.438802	B4	43	80	0
661	153.055990	153.609375	F#4	35	80	0
662	153.062500	153.598958	B3	35	80	0
663	153.145833	154.218750	E5	59	80	0
664	153.707031	154.139323	F#5	63	80	0
665	153.764323	155.408854	B4	42	80	0
666	154.076823	154.519531	E2	42	80	0
667	154.130208	155.039062	B2	43	80	0
668	154.294271	155.149740	F#5	62	80	0
669	154.295573	154.718750	G3	40	80	0
670	154.305990	155.098958	E4	44	80	0
671	154.916667	155.279948	E5	59	80	0
672	155.497396	156.059896	B3	36	80	0
673	155.506510	156.709635	E5	52	80	0
674	155.545573	156.348958	G4	32	80	0
675	155.550781	156.218750	E4	39	80	0
676	156.144531	156.438802	B4	38	80	0
677	156.598958	158.729167	C3	38	80	0
678	156.764323	158.649740	G3	41	80	0
679	156.884115	157.779948	E4	44	80	0
680	156.890625	158.729167	B5	71	80	0
681	156.923177	157.819010	B4	53	80	0
682	156.924479	157.739583	C5	52	80	0
683	157.557292	158.339844	E5	41	80	0
684	158.117188	158.919271	C5	36	80	0
685	158.122396	158.669271	E4	31	80	0
686	158.716146	159.419271	E5	45	80	0
687	159.072917	159.889323	A2	36	80	0
688	159.145833	159.929688	E3	37	80	0
689	159.286458	160.079427	C4	48	80	0
690	159.289062	159.408854	B4	46	80	0
691	159.292969	160.158854	C5	44	80	0
692	159.880208	160.319010	C6	63	80	0
693	159.924479	160.529948	E5	39	80	0
694	160.259115	160.679688	G4	41	80	0
695	160.265625	160.829427	E4	37	80	0
696	160.337240	161.179688	A4	37	80	0
697	160.428385	161.279948	C5	49	80	0
698	160.494792	161.229167	A5	68	80	0
699	161.083333	161.408854	G5	70	80	0
700	161.114583	161.289062	G4	36	80	0
701	161.115885	161.339844	E5	47	80	0
702	161.501302	162.250000	B2	48	80	0
703	161.623698	162.419271	F#3	42	80	0
704	161.723958	162.869792	F#5	69	80	0
705	161.764323	162.309896	D5	44	80	0
706	161.765625	162.479167	D4	38	80	0
707	161.766927	162.489583	F#4	40	80	0
708	162.316406	163.069010	D5	45	80	0
709	162.321615	162.529948	B4	47	80	0
710	162.776042	163.269531	D4	31	80	0
711	162.783854	163.309896	B4	37	80	0
712	162.822917	163.378906	F#3	33	80	0
713	162.824219	163.179688	F#4	32	80	0
714	162.902344	163.609375	G5	70	80	0
715	162.940104	163.299479	G4	38	80	0
716	163.582031	164.188802	A5	61	80	0
717	163.606771	164.019531	A4	36	80	0
718	163.614583	164.239583	D5	30	80	0
719	163.975260	164.500000	G2	31	80	0
720	164.078125	164.968750	D3	41	80	0
721	164.174479	164.628906	B3	52	80	0
722	164.208333	164.378906	B4	46	80	0
723	164.227865	164.419271	F#4	39	80	0
724	164.777344	165.009115	B5	63	80	0
725	164.802083	165.029948	D5	37	80	0
726	165.233073	165.750000	D4	33	80	0
727	165.234375	165.529948	F#4	34	80	0
728	165.236979	165.609375	B4	41	80	0
729	165.368490	166.029948	G5	66	80	0
730	165.385417	165.769531	G4	38	80	0
731	166.003906	166.259115	F#5	54	80	0
732	166.026042	166.218750	D5	34	80	0
733	166.479167	167.250000	A2	35	80	0
734	166.610677	168.179688	E5	50	80	0
735	166.628906	167.519531	E4	40	80	0
736	166.656250	167.979167	E3	36	80	0
737	166.824219	167.348958	C4	41	80	0
738	167.269531	168.229167	C5	38	80	0
739	167.662760	168.119792	C4	35	80	0
740	167.744792	168.098958	E4	32	80	0
741	167.816406	168.158854	A4	39	80	0
742	167.824219	168.509115	F#5	60	80	0
743	167.902344	168.139323	F#4	20	80	0
744	168.404948	169.699219	G5	65	80	0
745	168.455729	169.279948	G4	35	80	0
746	168.463542	169.239583	C5	33	80	0
747	168.742188	168.959635	F#2	52	80	0
748	168.897135	169.739583	C3	42	80	0
749	169.048177	169.408854	A3	52	80	0
750	169.669271	170.348958	A5	64	80	0
751	169.675781	170.628906	C5	46	80	0
752	170.000000	170.438802	C4	39	80	0
753	170.096354	170.339844	E4	36	80	0
754	170.177083	170.709635	A4	42	80	0
755	170.266927	171.049479	F#5	64	80	0
756	170.303385	171.049479	F#4	41	80	0
757	170.863281	171.429688	E5	59	80	0
758	170.906250	171.239583	C5	42	80	0
759	171.217448	173.109375	B2	36	80	0
760	171.304688	172.688802	F#3	42	80	0
761	171.457031	172.489583	D4	48	80	0
762	171.477865	173.509115	F#5	62	80	0
763	171.511719	172.319010	B4	57	80	0
764	172.115885	172.979167	D5	53	80	0
765	172.692708	173.188802	B3	45	80	0
766	172.697917	173.769531	F#4	41	80	0
767	172.699219	173.658854	B4	49	80	0
768	172.704427	173.500000	F#3	41	80	0
769	173.313802	174.169271	D5	48	80	0
770	174.104167	175.589844	C5	53	80	0
771	174.125000	174.709635	A4	45	80	0
772	174.134115	176.119792	F#2	42	80	0
773	174.134115	174.639323	E4	39	80	0
774	174.826823	176.199219	A4	57	80	0
775	174.860677	175.438802	C4	40	80	0
776	174.860677	175.509115	E4	45	80	0
777	175.445312	176.519531	F#4	63	80	0
778	175.457031	176.269531	D4	54	80	0
779	175.459635	176.609375	B2	50	80	0
780	175.463542	176.139323	F#3	49	80	0
781	175.464844	176.179688	B3	50	80	0
782	176.117188	176.128906	D2	38	80	0
783	176.123698	177.000000	E4	65	80	0
784	176.134115	176.908854	D3	43	80	0
785	176.145833	176.919271	C4	46	80	0
786	176.153646	177.039062	F#3	40	80	0
787	176.888021	177.500000	F#4	55	80	0
788	176.903646	177.519531	D4	43	80	0
789	176.910156	179.489583	B2	41	80	0
790	176.915365	177.449219	B3	39	80	0
791	178.432292	181.319010	B5	65	80	0
792	178.454427	180.029948	B4	46	80	0
793	179.897135	181.289062	B1	28	80	0
794	181.326823	182.139323	B5	45	80	0
795	181.339844	181.929688	B4	37	80	0
796	182.002604	182.639323	B3	49	80	0
797	182.268229	182.559896	C4	38	80	0
798	182.434896	182.669271	E4	35	80	0
799	182.503906	182.649740	B4	31	80	0
800	182.602865	182.809896	C5	48	80	0
801	182.701823	182.979167	E5	37	80	0
802	182.872396	183.149740	B5	55	80	0
803	183.205729	184.218750	A2	41	80	0
804	183.213542	185.139323	E3	38	80	0
805	183.217448	183.899740	B4	43	80	0
806	183.825521	184.359375	C5	44	80	0
807	183.828125	184.628906	E5	44	80	0
808	184.394531	185.250000	C4	41	80	0
809	184.401042	185.438802	E4	44	80	0
810	185.005208	185.679688	E5	37	80	0
811	185.024740	185.459635	C5	33	80	0
812	185.638021	186.279948	B3	53	80	0
813	186.225260	187.139323	A5	60	80	0
814	186.243490	187.229167	G5	51	80	0
815	186.265625	186.699219	G4	35	80	0
816	186.266927	187.079427	A3	35	80	0
817	186.273438	186.789062	E4	37	80	0
818	186.847656	187.299479	D4	48	80	0
819	186.851562	187.239583	D6	65	80	0
820	187.457031	188.109375	B5	71	80	0
821	187.492188	187.869792	B4	48	80	0
822	187.492188	188.218750	E5	53	80	0
823	187.494792	187.959635	B3	43	80	0
824	187.496094	188.299479	E4	47	80	0
825	187.497396	187.649740	C4	44	80	0
826	187.498698	188.119792	C5	46	80	0
827	188.114583	188.449219	B5	68	80	0
828	188.136719	188.859375	B4	48	80	0
829	188.148438	188.359375	B3	40	80	0
830	188.804688	189.098958	E4	43	80	0
831	188.816406	189.429688	D2	36	80	0
832	188.820312	189.039062	F#3	38	80	0
833	189.451823	190.739583	A5	67	80	0
834	189.483073	190.669271	A4	46	80	0
835	189.484375	190.250000	F#3	35	80	0
836	190.062500	190.869792	E5	48	80	0
837	190.089844	190.848958	E4	37	80	0
838	190.089844	190.799479	C4	45	80	0
839	190.096354	190.819010	C5	39	80	0
840	190.709635	191.500000	G5	71	80	0
841	190.713542	190.718750	G3	46	80	0
842	190.714844	191.579427	B3	47	80	0
843	190.720052	191.529948	G4	50	80	0
844	191.313802	192.109375	E5	52	80	0
845	191.342448	191.649740	C5	42	80	0
846	191.347656	192.039062	E4	41	80	0
847	191.347656	191.848958	C4	40	80	0
848	191.951823	192.959635	A5	59	80	0
849	191.971354	192.979167	A3	37	80	0
850	192.589844	193.149740	C5	47	80	0
851	192.592448	193.059896	C4	39	80	0
852	192.593750	192.979167	E5	49	80	0
853	192.613281	192.949219	E4	37	80	0
854	193.337240	194.169271	E5	56	80	0
855	193.343750	195.500000	G3	38	80	0
856	193.375000	194.049479	E4	38	80	0
857	194.205729	194.799479	B3	40	80	0
858	194.214844	195.259115	E5	44	80	0
859	194.263021	194.779948	E4	35	80	0
860	195.505208	195.789062	B3	29	80	0
861	195.506510	195.938802	G3	29	80	0
862	195.513021	197.438802	E5	45	80	0
863	195.520833	196.628906	E4	34	80	0
864	195.523438	197.098958	B4	40	80	0
865	196.263021	196.829427	E2	35	80	0
866	196.264323	196.569010	E3	38	80	0
867	197.105469	197.688802	D5	49	80	0
868	197.113281	197.688802	C5	47	80	0
869	197.114583	197.688802	D3	35	80	0
870	197.121094	197.750000	D2	34	80	0
871	197.123698	197.479167	D4	39	80	0
872	197.125000	198.179688	C3	35	80	0
873	197.891927	198.639323	G5	57	80	0
874	197.901042	198.209635	G3	34	80	0
875	197.901042	198.269531	G4	40	80	0
876	197.934896	198.209635	C5	27	80	0
877	198.569010	199.429688	F#5	46	80	0
878	198.582031	198.589844	F#3	37	80	0
879	198.584635	199.339844	D5	41	80	0
880	198.585938	199.209635	F#4	33	80	0
881	198.585938	199.149740	F#2	37	80	0
882	198.585938	199.669271	C5	41	80	0
883	198.588542	199.139323	D3	36	80	0
884	198.588542	199.169271	C3	38	80	0
885	198.591146	199.199219	A4	36	80	0
886	199.390625	200.628906	E5	43	80	0
887	199.403646	201.329427	B2	33	80	0
888	199.412760	200.799479	B4	44	80	0
889	199.412760	201.688802	E2	32	80	0
890	199.416667	200.779948	E4	32	80	0
891	200.404948	201.309896	B3	61	80	0
892	201.252604	202.389323	B4	69	80	0
893	201.255208	202.259115	D4	67	80	0
894	202.006510	204.489583	E4	75	80	0
895	202.346354	203.799479	E2	56	80	0
896	203.035156	203.279948	D5	72	80	0
897	203.044271	203.809896	G#3	72	80	0
898	203.044271	204.799479	D4	70	80	0
899	203.045573	203.658854	F#4	67	80	0
900	203.046875	204.500000	B2	62	80	0
901	204.582031	207.179688	D2	83	80	0
902	205.234375	206.000000	C5	80	80	0
903	205.243490	207.089844	C4	73	80	0
904	205.248698	206.938802	A2	64	80	0
905	205.250000	205.859375	F#4	69	80	0
906	205.251302	207.209635	E4	72	80	0
907	205.255208	205.269531	A1	61	80	0
908	205.256510	207.059896	F#3	67	80	0
909	206.164062	207.209635	B4	87	80	0
910	206.829427	207.359375	A4	84	80	0
911	207.055990	207.319010	G1	67	80	0
912	207.057292	207.329427	G2	70	80	0
913	207.589844	210.468750	F#3	86	80	0
914	207.593750	210.139323	B4	85	80	0
915	207.595052	210.279948	F#2	77	80	0
916	207.595052	210.329427	B3	83	80	0
917	207.595052	211.529948	B2	79	80	0
918	207.595052	209.799479	F#4	83	80	0
919	207.602865	207.609375	B1	70	80	0
920	210.119792	211.829427	E4	86	80	0
921	210.128906	211.839844	E3	62	80	0
922	210.130208	211.669271	E2	50	80	0
923	211.445312	211.839844	D4	70	80	0
924	211.450521	212.089844	D2	46	80	0
925	212.485677	213.699219	G5	52	80	0
926	213.106771	213.688802	Bb5	43	80	0
927	213.695312	214.399740	Bb5	46	80	0
928	213.701823	214.359375	C6	49	80	0
929	213.705729	214.908854	G5	46	80	0
930	214.272135	215.128906	D6	60	80	0
931	214.855469	216.829427	F6	64	80	0
932	214.916667	216.029948	G5	34	80	0
933	215.436198	216.128906	D5	50	80	0
934	216.026042	217.500000	Bb5	43	80	0
935	216.039062	217.619792	G5	36	80	0
936	216.545573	217.929688	D5	34	80	0
937	216.631510	217.309896	E6	60	80	0
938	217.194010	218.119792	D6	57	80	0
939	217.651042	218.378906	C5	46	80	0
940	217.833333	218.359375	E6	61	80	0
941	218.165365	218.729167	G4	34	80	0
942	218.313802	218.809896	C6	61	80	0
943	218.333333	219.128906	Bb5	57	80	0
944	218.535156	219.109375	C5	53	80	0
945	218.938802	219.329427	D6	56	80	0
946	218.944010	219.658854	D4	44	80	0
947	218.998698	219.348958	F5	30	80	0
948	219.545573	220.299479	G3	39	80	0
949	220.130208	220.519531	F4	44	80	0
950	220.161458	220.579427	A3	33	80	0
951	220.166667	220.500000	C4	31	80	0
952	220.744792	221.389323	A4	45	80	0
953	220.751302	221.109375	C4	42	80	0
954	220.753906	221.269531	D4	45	80	0
955	220.768229	221.718750	G3	37	80	0
956	220.782552	221.139323	F4	37	80	0
957	221.343750	222.279948	F4	53	80	0
958	221.345052	222.169271	C4	47	80	0
959	221.346354	221.878906	A3	43	80	0
960	221.945312	222.729167	D4	64	80	0
961	221.954427	223.158854	G3	42	80	0
962	221.988281	222.899740	A3	35	80	0
963	222.553385	222.938802	F4	65	80	0
964	222.579427	222.908854	C4	44	80	0
965	223.048177	223.500000	A4	56	80	0
966	223.063802	223.179688	C4	45	80	0
967	223.070312	223.079427	F3	44	80	0
968	223.074219	223.389323	F4	53	80	0
969	223.246094	223.679688	C4	52	80	0
970	223.257812	224.000000	G3	46	80	0
971	223.481771	224.098958	D5	70	80	0
972	223.506510	225.569010	A4	51	80	0
973	223.509115	223.859375	F4	39	80	0
974	224.013021	225.699219	B3	52	80	0
975	224.029948	226.889323	D3	44	80	0
976	224.083333	226.269531	E5	78	80	0
977	224.095052	225.878906	F4	56	80	0
978	224.950521	226.729167	G2	35	80	0
979	226.223958	226.729167	F4	55	80	0
980	226.231771	226.739583	A3	41	80	0
981	226.234375	226.688802	C4	46	80	0
982	226.841146	227.329427	A4	64	80	0
983	226.856771	227.299479	F4	57	80	0
984	226.858073	227.259115	C4	50	80	0
985	226.860677	227.319010	G3	54	80	0
986	226.861979	227.279948	D4	52	80	0
987	227.454427	228.199219	D5	74	80	0
988	227.464844	227.968750	F4	54	80	0
989	227.470052	228.158854	G3	48	80	0
990	227.472656	228.250000	C4	50	80	0
991	227.475260	229.309896	A4	54	80	0
992	228.174479	229.529948	E5	75	80	0
993	228.194010	229.348958	D3	51	80	0
994	228.195312	229.438802	B3	54	80	0
995	228.196615	228.209635	G2	47	80	0
996	228.204427	229.579427	F4	52	80	0
997	228.938802	229.299479	G2	48	80	0
998	230.483073	231.399740	E5	47	80	0
999	230.494792	231.250000	G3	32	80	0
1000	230.513021	231.209635	B3	36	80	0
1001	230.513021	231.628906	G4	29	80	0
1002	230.523438	231.229167	A4	32	80	0
1003	230.524740	231.239583	F4	23	80	0
1004	231.167969	232.169271	C5	54	80	0
1005	231.190104	231.919271	C3	29	80	0
1006	231.833333	232.628906	G4	34	80	0
1007	231.837240	232.009115	F4	25	80	0
1008	232.445312	233.389323	F5	44	80	0
1009	232.453125	233.459635	G5	48	80	0
1010	233.075521	234.089844	C5	46	80	0
1011	233.114583	233.739583	E4	28	80	0
1012	233.118490	233.908854	G4	26	80	0
1013	233.756510	234.378906	Eb5	56	80	0
1014	233.765625	237.500000	Eb4	42	80	0
1015	234.385417	234.718750	Eb5	54	80	0
1016	234.390625	235.128906	F5	56	80	0
1017	234.410156	235.079427	D5	46	80	0
1018	235.023438	235.929688	G5	63	80	0
1019	235.023438	235.319010	C5	51	80	0
1020	235.613281	237.559896	Bb5	63	80	0
1021	235.626302	236.479167	C5	47	80	0
1022	235.626302	236.549479	Eb5	48	80	0
1023	236.214844	237.139323	G4	59	80	0
1024	236.828125	237.598958	Bb4	48	80	0
1025	236.832031	238.389323	C5	48	80	0
1026	236.833333	239.000000	Eb5	53	80	0
1027	237.442708	238.299479	A5	65	80	0
1028	237.463542	238.279948	A4	46	80	0
1029	238.059896	238.839844	G5	65	80	0
1030	238.063802	238.299479	G4	42	80	0
1031	238.654948	239.378906	F4	48	80	0
1032	238.757812	239.688802	A5	66	80	0
1033	239.183594	239.848958	C4	45	80	0
1034	239.355469	240.169271	F5	68	80	0
1035	239.595052	240.019531	F4	38	80	0
1036	239.957031	240.348958	G3	43	80	0
1037	240.061198	241.039062	G5	64	80	0
1038	240.074219	240.979167	D5	42	80	0
1039	240.075521	240.989583	Bb4	48	80	0
1040	240.742188	241.319010	G2	33	80	0
1041	240.744792	241.989583	C2	33	80	0
1042	241.595052	242.069010	Bb4	56	80	0
1043	241.634115	242.079427	G3	38	80	0
1044	241.634115	242.059896	F4	40	80	0
1045	241.634115	242.029948	Bb3	40	80	0
1046	241.641927	242.718750	G2	34	80	0
1047	242.242188	242.688802	D5	54	80	0
1048	242.243490	242.609375	D4	48	80	0
1049	242.248698	242.589844	Bb3	43	80	0
1050	242.251302	242.449219	F3	41	80	0
1051	242.252604	242.579427	Bb4	46	80	0
1052	242.253906	242.598958	F4	37	80	0
1053	242.822917	243.199219	Bb4	51	80	0
1054	242.834635	243.128906	Bb3	41	80	0
1055	242.838542	243.158854	D4	39	80	0
1056	242.843750	243.188802	F4	42	80	0
1057	243.403646	243.829427	G4	46	80	0
1058	243.406250	243.839844	G2	38	80	0
1059	243.412760	243.779948	D4	45	80	0
1060	243.415365	243.429688	G3	39	80	0
1061	243.416667	243.789062	Bb3	39	80	0
1062	244.023438	244.329427	Bb3	46	80	0
1063	244.033854	244.429688	Bb4	52	80	0
1064	244.035156	244.489583	G2	36	80	0
1065	244.046875	244.359375	D4	43	80	0
1066	244.053385	244.389323	F4	49	80	0
1067	244.561198	244.859375	D5	62	80	0
1068	244.576823	244.809896	D4	48	80	0
1069	244.955729	245.359375	F5	70	80	0
1070	244.964844	245.209635	D5	50	80	0
1071	244.966146	245.359375	Bb2	42	80	0
1072	244.966146	245.269531	Bb3	45	80	0
1073	244.975260	245.229167	F4	48	80	0
1074	245.505208	246.859375	A5	73	80	0
1075	245.511719	245.718750	Bb3	44	80	0
1076	245.515625	246.049479	D5	57	80	0
1077	245.516927	246.000000	E4	49	80	0
1078	245.519531	245.908854	G3	43	80	0
1079	245.520833	247.098958	Bb4	53	80	0
1080	246.238281	247.019531	G2	48	80	0
1081	246.252604	246.889323	C2	46	80	0
1082	247.712240	248.229167	Bb4	76	80	0
1083	247.722656	248.139323	D4	56	80	0
1084	247.723958	248.199219	Bb3	59	80	0
1085	247.725260	248.169271	D3	52	80	0
1086	247.725260	248.158854	F4	58	80	0
1087	247.725260	247.739583	F3	52	80	0
1088	247.730469	248.218750	G3	51	80	0
1089	248.372396	248.769531	D5	76	80	0
1090	248.377604	248.779948	D4	72	80	0
1091	248.377604	248.769531	F4	72	80	0
1092	248.384115	248.779948	A4	64	80	0
1093	248.385417	249.309896	F3	64	80	0
1094	248.385417	248.848958	Bb3	64	80	0
1095	248.393229	248.399740	Bb2	58	80	0
1096	248.985677	249.619792	F5	82	80	0
1097	248.993490	249.459635	F4	73	80	0
1098	248.994792	249.208333	A4	74	80	0
1099	248.994792	249.519531	D4	67	80	0
1100	248.996094	249.509115	A3	74	80	0
1101	248.997396	249.549479	D5	73	80	0
1102	248.998698	249.419271	Bb3	72	80	0
1103	249.703125	251.889323	A5	88	80	0
1104	249.716146	249.966146	Bb3	61	80	0
1105	249.721354	251.468750	Bb4	77	80	0
1106	249.722656	249.973958	G3	59	80	0
1107	249.725260	250.079427	E4	61	80	0
1108	250.522135	251.039062	G2	65	80	0
1109	250.526042	251.000000	C2	65	80	0
1110	251.901042	252.500000	E4	61	80	0
1111	251.903646	252.429688	A5	72	80	0
1112	251.904948	252.500000	C4	53	80	0
1113	251.914062	252.369792	A4	56	80	0
1114	251.916667	252.519531	Bb3	52	80	0
1115	251.919271	252.500000	E5	60	80	0
1116	251.920573	252.500000	C5	55	80	0
1117	252.789062	254.598958	F5	73	80	0
1118	252.811198	254.779948	C5	56	80	0
1119	252.813802	254.649740	F4	59	80	0
1120	252.816406	253.529948	Bb3	63	80	0
1121	252.817708	253.449219	Bb4	56	80	0
1122	252.819010	254.679688	C4	55	80	0
1123	252.820312	254.679688	F3	53	80	0
1124	253.674479	254.559896	A4	56	80	0
1125	253.675781	254.449219	A3	51	80	0
1126	254.345052	254.699219	G#4	55	80	0
1127	254.347656	254.750000	G#3	61	80	0
1128	254.988281	255.459635	Eb5	62	80	0
1129	254.993490	255.468750	G4	50	80	0
1130	254.993490	255.449219	B3	51	80	0
1131	254.996094	255.479167	B4	51	80	0
1132	255.002604	255.479167	Eb4	51	80	0
1133	255.006510	255.479167	F3	45	80	0
1134	255.015625	255.429688	G3	43	80	0
1135	255.717448	257.449219	C5	60	80	0
1136	255.723958	257.109375	C4	51	80	0
1137	255.733073	257.279948	G4	52	80	0
1138	255.734375	256.406250	F3	46	80	0
1139	255.735677	257.438802	C3	43	80	0
1140	256.436198	257.169271	E4	46	80	0
1141	256.442708	257.119792	E3	37	80	0
1142	256.444010	257.419271	G3	36	80	0
1143	257.113281	257.549479	Eb4	53	80	0
1144	257.113281	257.579427	Eb3	42	80	0
1145	257.122396	257.468750	C4	35	80	0
1146	257.860677	258.829427	Bb4	52	80	0
1147	257.884115	259.699219	F#4	40	80	0
1148	257.885417	258.289062	Bb3	40	80	0
1149	257.891927	258.389323	C3	37	80	0
1150	257.894531	258.199219	D3	36	80	0
1151	257.895833	258.479167	D4	37	80	0
1152	258.774740	260.819010	G4	49	80	0
1153	258.796875	260.389323	D4	40	80	0
1154	258.804688	261.109375	C4	35	80	0
1155	258.812500	261.929688	D3	34	80	0
1156	258.815104	262.500000	D2	38	80	0
1157	260.351562	261.829427	E4	46	80	0
1158	260.359375	261.029948	E3	35	80	0
1159	261.761719	263.549479	F#4	39	80	0
1160	261.770833	262.419271	F#3	36	80	0
1161	261.785156	263.239583	D4	33	80	0
1162	261.787760	263.579427	C4	32	80	0
1163	263.519531	264.250000	G4	47	80	0
1164	263.544271	264.079427	D4	33	80	0
1165	263.553385	264.209635	G1	31	80	0
1166	263.554688	264.339844	G2	28	80	0
1167	263.554688	264.098958	Bb3	29	80	0
1168	265.032552	266.908854	G5	50	80	0
1169	265.657552	266.438802	Bb5	45	80	0
1170	266.287760	267.059896	C6	46	80	0
1171	266.895833	269.009115	D6	59	80	0
1172	267.531250	268.669271	F6	56	80	0
1173	267.545573	268.468750	Bb5	45	80	0
1174	267.565104	268.378906	G5	37	80	0
1175	268.136719	269.119792	D5	38	80	0
1176	268.386719	268.979167	G5	38	80	0
1177	268.510417	268.889323	Bb5	43	80	0
1178	268.675781	269.619792	F6	41	80	0
1179	268.973958	270.279948	G6	66	80	0
1180	268.992188	269.878906	Bb5	45	80	0
1181	268.993490	270.188802	G5	42	80	0
1182	269.643229	270.399740	E6	57	80	0
1183	269.643229	270.779948	D5	44	80	0
1184	269.644531	269.759115	E5	47	80	0
1185	270.274740	271.149740	D6	63	80	0
1186	270.303385	270.779948	F6	49	80	0
1187	270.309896	270.979167	F5	39	80	0
1188	270.315104	271.098958	G5	46	80	0
1189	270.333333	270.718750	Bb5	42	80	0
1190	270.901042	271.619792	C5	36	80	0
1191	270.985677	271.609375	E6	61	80	0
1192	271.372396	272.098958	G4	36	80	0
1193	271.378906	271.609375	G5	36	80	0
1194	271.553385	271.929688	C6	53	80	0
1195	271.604167	271.809896	Bb5	36	80	0
1196	271.614583	271.919271	G5	30	80	0
1197	271.763021	272.378906	C5	49	80	0
1198	272.203125	272.919271	D4	43	80	0
1199	272.207031	272.218750	G3	35	80	0
1200	272.287760	272.729167	D6	60	80	0
1201	272.437500	272.938802	A4	35	80	0
1202	272.569010	272.839844	D5	45	80	0
1203	272.695312	272.929688	F5	34	80	0
1204	272.789062	272.895833	A5	43	80	0
1205	272.914062	273.239583	D6	53	80	0
1206	273.279948	273.579427	A6	52	80	0
1207	273.287760	273.669271	D4	39	80	0
1208	273.292969	273.938802	G3	29	80	0
1209	273.975260	274.378906	F4	40	80	0
1210	273.980469	274.399740	A3	35	80	0
1211	273.983073	274.339844	C4	33	80	0
1212	274.576823	275.179688	D4	42	80	0
1213	274.580729	275.259115	A4	39	80	0
1214	274.582031	275.500000	G3	39	80	0
1215	274.584635	274.878906	C4	38	80	0
1216	274.591146	275.158854	F4	37	80	0
1217	275.170573	275.699219	C4	45	80	0
1218	275.170573	276.188802	F4	47	80	0
1219	275.173177	275.579427	A3	44	80	0
1220	275.747396	276.579427	D4	61	80	0
1221	275.783854	276.119792	C4	49	80	0
1222	275.785156	276.279948	F3	36	80	0
1223	275.794271	276.799479	G3	38	80	0
1224	275.796875	276.199219	A3	41	80	0
1225	276.391927	276.789062	F4	60	80	0
1226	276.394531	276.979167	A3	45	80	0
1227	276.403646	276.759115	C4	50	80	0
1228	276.902344	277.218750	A4	62	80	0
1229	276.914062	277.169271	F4	54	80	0
1230	276.915365	277.009115	C4	46	80	0
1231	277.075521	277.559896	C4	58	80	0
1232	277.093750	277.889323	G3	56	80	0
1233	277.335938	277.908854	D5	73	80	0
1234	277.356771	279.628906	A4	52	80	0
1235	277.360677	277.769531	F4	53	80	0
1236	277.975260	280.259115	E5	75	80	0
1237	277.986979	279.549479	D3	53	80	0
1238	277.988281	279.559896	B3	60	80	0
1239	277.993490	279.819010	F4	62	80	0
1240	278.894531	279.929688	G2	51	80	0
1241	280.108073	280.609375	A3	44	80	0
1242	280.111979	280.598958	F4	59	80	0
1243	280.113281	280.598958	C4	50	80	0
1244	280.738281	281.239583	A4	60	80	0
1245	280.746094	281.199219	F4	59	80	0
1246	280.751302	281.229167	C4	48	80	0
1247	280.752604	281.250000	G3	58	80	0
1248	280.753906	281.218750	D4	52	80	0
1249	281.352865	282.109375	D5	74	80	0
1250	281.363281	282.059896	C4	61	80	0
1251	281.364583	281.908854	F4	62	80	0
1252	281.372396	282.089844	G3	59	80	0
1253	281.375000	283.658854	A4	59	80	0
1254	282.076823	283.579427	E5	80	80	0
1255	282.102865	282.959635	D3	57	80	0
1256	282.102865	283.158854	B3	57	80	0
1257	282.104167	283.658854	F4	57	80	0
1258	282.804688	283.188802	G2	62	80	0
1259	284.299479	285.679688	E5	57	80	0
1260	284.313802	285.000000	B3	44	80	0
1261	284.322917	285.039062	F4	40	80	0
1262	284.326823	285.369792	G3	36	80	0
1263	284.993490	285.799479	C5	53	80	0
1264	285.018229	286.179688	C3	35	80	0
1265	285.023438	285.419271	G4	30	80	0
1266	285.604167	286.500000	G4	38	80	0
1267	285.606771	286.119792	F4	37	80	0
1268	286.251302	287.779948	G5	50	80	0
1269	286.255208	287.500000	F5	43	80	0
1270	286.908854	287.669271	E4	32	80	0
1271	286.911458	287.839844	C5	40	80	0
1272	286.921875	286.929688	C4	28	80	0
1273	286.923177	287.718750	G4	30	80	0
1274	287.670573	288.438802	Eb5	48	80	0
1275	287.674479	290.539062	Eb4	29	80	0
1276	288.308594	288.968750	D5	42	80	0
1277	288.312500	289.019531	F5	44	80	0
1278	288.914062	289.799479	G5	60	80	0
1279	288.925781	289.218750	C5	45	80	0
1280	289.514323	290.509115	Bb5	58	80	0
1281	289.545573	290.000000	Bb4	44	80	0
1282	289.563802	290.279948	C5	38	80	0
1283	290.093750	290.839844	G4	41	80	0
1284	290.251302	290.889323	Bb4	54	80	0
1285	290.412760	290.889323	C5	49	80	0
1286	290.503906	291.809896	Eb5	45	80	0
1287	290.608073	291.309896	Bb5	61	80	0
1288	290.855469	291.598958	C6	68	80	0
1289	290.897135	291.679688	C5	31	80	0
1290	291.450521	292.039062	A4	41	80	0
1291	291.451823	292.179688	A5	56	80	0
1292	291.455729	292.179688	Bb3	33	80	0
1293	292.029948	292.479167	C6	52	80	0
1294	292.063802	292.899740	Bb5	52	80	0
1295	292.110677	292.919271	G5	52	80	0
1296	292.122396	292.679688	G4	32	80	0
1297	292.723958	293.259115	F4	35	80	0
1298	292.725260	292.739583	F3	32	80	0
1299	292.817708	293.959635	A5	59	80	0
1300	293.123698	293.809896	C4	44	80	0
1301	293.307292	293.938802	F5	59	80	0
1302	293.317708	293.598958	Eb5	54	80	0
1303	293.501302	293.878906	F4	30	80	0
1304	293.805990	294.348958	G3	35	80	0
1305	293.904948	294.479167	G5	59	80	0
1306	294.055990	294.378906	D4	52	80	0
1307	294.218750	294.378906	G4	37	80	0
1308	294.350260	294.549479	Bb4	49	80	0
1309	294.473958	295.259115	D5	32	80	0
1310	294.628906	295.188802	G5	51	80	0
1311	295.033854	295.319010	D6	54	80	0
1312	295.054688	295.438802	C2	30	80	0
1313	295.882812	296.309896	Bb4	52	80	0
1314	295.903646	296.348958	Bb3	37	80	0
1315	295.904948	296.319010	D4	36	80	0
1316	295.904948	296.309896	F4	40	80	0
1317	296.523438	296.938802	D5	50	80	0
1318	296.541667	296.859375	Bb4	47	80	0
1319	296.545573	296.878906	D4	44	80	0
1320	296.548177	296.878906	F4	42	80	0
1321	296.552083	296.559896	F3	39	80	0
1322	296.553385	296.869792	Bb3	37	80	0
1323	297.126302	297.750000	Bb4	52	80	0
1324	297.134115	297.569010	D4	41	80	0
1325	297.134115	297.489583	Bb3	48	80	0
1326	297.138021	297.649740	F4	38	80	0
1327	297.753906	298.269531	G2	48	80	0
1328	297.756510	298.188802	G4	47	80	0
1329	297.756510	298.098958	G3	50	80	0
1330	297.763021	298.158854	Bb4	47	80	0
1331	297.764323	298.109375	D4	45	80	0
1332	297.772135	298.109375	Bb3	42	80	0
1333	298.447917	298.848958	D4	55	80	0
1334	298.450521	298.869792	Bb4	57	80	0
1335	298.462240	298.829427	F4	56	80	0
1336	298.464844	299.000000	Bb3	49	80	0
1337	299.032552	299.339844	D5	64	80	0
1338	299.033854	299.378906	D4	52	80	0
1339	299.033854	299.299479	A4	55	80	0
1340	299.035156	299.348958	F4	52	80	0
1341	299.041667	299.049479	F3	48	80	0
1342	299.042969	299.479167	G3	46	80	0
1343	299.445312	300.079427	F5	73	80	0
1344	299.451823	299.869792	A4	54	80	0
1345	299.454427	299.908854	D5	61	80	0
1346	299.457031	299.908854	Bb3	54	80	0
1347	300.066406	301.359375	A5	82	80	0
1348	300.074219	301.339844	D5	64	80	0
1349	300.087240	300.468750	G3	48	80	0
1350	300.088542	300.369792	Bb3	47	80	0
1351	300.091146	301.468750	Bb4	64	80	0
1352	300.098958	300.489583	E4	52	80	0
1353	300.998698	301.438802	G2	64	80	0
1354	301.005208	301.429688	C2	61	80	0
1355	302.235677	302.938802	Bb4	75	80	0
1356	302.243490	302.718750	Bb3	66	80	0
1357	302.244792	302.729167	F4	60	80	0
1358	302.244792	302.729167	D4	57	80	0
1359	302.244792	302.848958	D3	57	80	0
1360	302.252604	302.869792	G3	61	80	0
1361	302.868490	303.259115	F4	68	80	0
1362	302.868490	303.299479	D5	80	80	0
1363	302.868490	303.309896	D4	69	80	0
1364	302.872396	303.968750	F3	67	80	0
1365	302.873698	303.269531	A4	73	80	0
1366	302.873698	303.339844	Bb3	70	80	0
1367	303.472656	304.188802	F5	85	80	0
1368	303.476562	304.029948	F4	78	80	0
1369	303.477865	304.059896	D4	70	80	0
1370	303.480469	303.979167	Bb3	76	80	0
1371	303.483073	303.938802	A4	80	80	0
1372	303.483073	304.128906	A3	79	80	0
1373	303.484375	304.059896	D5	78	80	0
1374	304.261719	306.179688	A5	89	80	0
1375	304.264323	306.029948	Bb4	85	80	0
1376	304.270833	305.559896	D5	71	80	0
1377	304.296875	304.679688	Bb3	62	80	0
1378	304.300781	304.718750	E4	62	80	0
1379	304.303385	304.699219	G3	55	80	0
1380	305.257812	305.639323	G2	69	80	0
1381	305.263021	305.750000	C2	71	80	0
1382	306.700521	307.688802	A5	82	80	0
1383	306.708333	309.479167	C4	52	80	0
1384	306.708333	307.718750	E5	66	80	0
1385	306.712240	307.598958	E4	66	80	0
1386	306.712240	307.408854	A4	65	80	0
1387	306.717448	307.639323	C5	56	80	0
1388	306.717448	307.339844	Bb3	55	80	0
1389	307.630208	309.889323	F5	73	80	0
1390	307.648438	309.848958	C5	51	80	0
1391	307.648438	307.658854	Bb4	52	80	0
1392	307.651042	308.509115	Bb3	53	80	0
1393	307.652344	309.479167	F3	48	80	0
1394	308.513021	309.339844	A4	60	80	0
1395	308.513021	309.229167	A3	55	80	0
1396	309.169271	309.649740	G#3	61	80	0
1397	309.171875	309.589844	G#4	59	80	0
1398	309.802083	310.279948	Eb5	62	80	0
1399	309.804688	310.149740	B3	46	80	0
1400	309.815104	310.199219	F3	45	80	0
1401	309.821615	310.269531	Eb4	48	80	0
1402	309.828125	310.869792	G4	41	80	0
1403	309.833333	310.169271	G3	42	80	0
1404	310.484375	312.250000	C5	58	80	0
1405	310.496094	311.158854	C3	46	80	0
1406	310.496094	311.165365	F3	45	80	0
1407	310.498698	311.529948	C4	48	80	0
1408	310.506510	312.188802	G3	42	80	0
1409	311.165365	311.908854	E4	53	80	0
1410	311.169271	311.649740	E3	41	80	0
1411	311.170573	312.218750	C3	40	80	0
1412	311.875000	312.329427	Eb4	53	80	0
1413	311.876302	312.309896	Eb3	41	80	0
1414	311.882812	312.279948	C4	32	80	0
1415	312.686198	313.889323	Bb4	49	80	0
1416	312.704427	313.128906	Bb3	38	80	0
1417	312.710938	313.188802	C3	34	80	0
1418	312.712240	313.658854	F#4	35	80	0
1419	312.713542	313.139323	D3	33	80	0
1420	313.820312	316.009115	G4	45	80	0
1421	313.824219	315.669271	D4	39	80	0
1422	313.835938	315.709635	C4	35	80	0
1423	313.847656	316.399740	D3	33	80	0
1424	313.852865	318.119792	D2	35	80	0
1425	315.544271	317.319010	E4	50	80	0
1426	315.565104	316.419271	E3	28	80	0
1427	317.233073	318.569010	F#4	41	80	0
1428	317.255208	318.559896	D4	32	80	0
1429	317.264323	318.079427	F#3	28	80	0
1430	317.266927	318.509115	C4	28	80	0
1431	317.272135	317.500000	D3	26	80	0
1432	319.920573	322.500000	G4	36	80	0
1433	319.925781	322.500000	D4	31	80	0
1434	319.933594	322.500000	Bb3	29	80	0
1435	319.938802	322.500000	G1	29	80	0
1436	319.938802	322.500000	G2	27	80	0
1437	324.753906	325.459635	G2	24	80	0
1438	324.994792	325.628906	D3	26	80	0
1439	325.216146	325.789062	B3	44	80	0
1440	325.420573	325.718750	D4	20	80	0
1441	325.904948	328.709635	G5	57	80	0
1442	326.398438	326.889323	B4	36	80	0
1443	326.755208	327.759115	D5	40	80	0
1444	327.075521	327.569010	B4	39	80	0
1445	327.414062	327.899740	G4	35	80	0
1446	327.414062	327.779948	D4	36	80	0
1447	327.415365	327.718750	G3	33	80	0
1448	327.416667	327.729167	B3	36	80	0
1449	327.712240	328.188802	B4	50	80	0
1450	328.023438	328.529948	D5	50	80	0
1451	328.333333	328.729167	B4	53	80	0
1452	328.503906	328.908854	C2	34	80	0
1453	328.593750	328.919271	G2	44	80	0
1454	328.686198	329.109375	E4	56	80	0
1455	328.713542	329.009115	E3	41	80	0
1456	329.027344	329.449219	B4	51	80	0
1457	329.354167	329.919271	A5	64	80	0
1458	329.377604	330.158854	E5	48	80	0
1459	329.662760	330.269531	B4	46	80	0
1460	329.941406	330.709635	B3	50	80	0
1461	329.945312	331.199219	E4	45	80	0
1462	329.951823	330.729167	G4	43	80	0
1463	329.963542	330.519531	G3	43	80	0
1464	330.032552	331.019531	F#5	61	80	0
1465	330.345052	330.959635	B4	42	80	0
1466	330.662760	331.519531	E5	58	80	0
1467	330.964844	331.729167	B4	53	80	0
1468	331.069010	331.658854	D2	45	80	0
1469	331.231771	331.789062	B2	47	80	0
1470	331.395833	332.169271	B3	45	80	0
1471	331.428385	332.839844	D5	63	80	0
1472	331.792969	332.239583	F#4	39	80	0
1473	332.083333	333.149740	B4	44	80	0
1474	332.393229	332.658854	F#4	46	80	0
1475	332.602865	333.589844	B3	47	80	0
1476	332.671875	332.949219	F#4	35	80	0
1477	332.673177	333.438802	F#3	38	80	0
1478	332.753906	333.529948	E5	65	80	0
1479	333.057292	333.479167	F#4	39	80	0
1480	333.415365	334.000000	F#5	64	80	0
1481	333.470052	334.209635	B4	50	80	0
1482	333.742188	333.949219	F#4	39	80	0
1483	333.942708	334.529948	E2	33	80	0
1484	334.024740	335.009115	B2	38	80	0
1485	334.139323	335.039062	F#5	58	80	0
1486	334.174479	335.019531	E4	38	80	0
1487	334.174479	334.869792	G3	32	80	0
1488	334.515625	335.039062	B4	41	80	0
1489	334.856771	335.289062	E5	55	80	0
1490	335.194010	335.658854	B4	33	80	0
1491	335.536458	336.000000	E5	49	80	0
1492	335.549479	336.250000	B3	37	80	0
1493	335.574219	335.908854	G3	32	80	0
1494	335.583333	336.218750	G4	29	80	0
1495	335.588542	336.279948	E4	34	80	0
1496	335.871094	336.319010	B4	38	80	0
1497	336.217448	336.589844	E5	42	80	0
1498	336.540365	336.729167	B4	33	80	0
1499	336.776042	339.179688	C3	29	80	0
1500	336.925781	339.229167	G3	33	80	0
1501	337.061198	338.179688	E4	37	80	0
1502	337.106771	338.098958	B5	64	80	0
1503	337.136719	337.309896	B4	34	80	0
1504	337.571615	338.000000	C5	30	80	0
1505	337.894531	338.259115	E5	45	80	0
1506	338.197917	338.459635	C5	39	80	0
1507	338.537760	339.119792	E4	39	80	0
1508	338.544271	338.729167	C5	45	80	0
1509	338.545573	338.989583	B4	46	80	0
1510	338.852865	339.250000	C5	51	80	0
1511	339.226562	339.829427	E5	35	80	0
1512	339.493490	339.938802	C5	42	80	0
1513	339.653646	340.378906	A2	34	80	0
1514	339.734375	340.500000	E3	37	80	0
1515	339.854167	340.679688	C4	40	80	0
1516	339.876302	340.239583	B4	43	80	0
1517	340.194010	340.609375	C5	49	80	0
1518	340.520833	341.019531	C6	60	80	0
1519	340.566406	340.919271	E5	23	80	0
1520	340.851562	341.109375	C5	42	80	0
1521	341.072917	341.549479	E4	36	80	0
1522	341.072917	341.419271	G4	37	80	0
1523	341.192708	342.019531	A5	64	80	0
1524	341.513021	341.979167	C5	52	80	0
1525	341.851562	342.369792	G5	66	80	0
1526	341.895833	342.259115	E5	40	80	0
1527	342.191406	342.529948	C5	53	80	0
1528	342.516927	343.539062	B2	33	80	0
1529	342.592448	344.919271	F#3	36	80	0
1530	342.704427	344.158854	F#5	58	80	0
1531	342.761719	343.669271	D4	35	80	0
1532	343.125000	343.539062	B4	39	80	0
1533	343.420573	343.789062	D5	49	80	0
1534	343.734375	344.089844	B4	49	80	0
1535	343.938802	344.539062	D4	44	80	0
1536	344.074219	344.869792	G5	69	80	0
1537	344.390625	344.859375	B4	40	80	0
1538	344.753906	345.279948	A5	63	80	0
1539	345.092448	345.389323	B4	38	80	0
1540	345.244792	346.029948	G2	46	80	0
1541	345.333333	346.250000	D3	40	80	0
1542	345.466146	345.919271	B3	51	80	0
1543	345.470052	345.839844	F#4	38	80	0
1544	345.798177	346.029948	B4	49	80	0
1545	346.141927	346.729167	B5	67	80	0
1546	346.216146	346.509115	D5	27	80	0
1547	346.477865	346.750000	B4	32	80	0
1548	346.664062	347.309896	D4	39	80	0
1549	346.696615	347.089844	F#4	41	80	0
1550	346.697917	347.209635	G3	37	80	0
1551	346.819010	347.549479	G5	73	80	0
1552	347.145833	347.579427	B4	48	80	0
1553	347.486979	348.089844	F#5	58	80	0
1554	347.812500	348.188802	B4	36	80	0
1555	348.104167	348.779948	A2	35	80	0
1556	348.160156	349.509115	E5	54	80	0
1557	348.222656	349.089844	E4	38	80	0
1558	348.360677	348.829427	E3	40	80	0
1559	348.531250	349.000000	C4	43	80	0
1560	348.595052	348.949219	B4	44	80	0
1561	348.886719	349.259115	C5	49	80	0
1562	349.183594	349.369792	B4	56	80	0
1563	349.438802	349.959635	C4	33	80	0
1564	349.442708	349.819010	A4	37	80	0
1565	349.486979	349.779948	E4	30	80	0
1566	349.553385	350.269531	F#5	57	80	0
1567	349.587240	349.989583	F#4	35	80	0
1568	349.877604	350.289062	B4	36	80	0
1569	350.205729	350.649740	G5	64	80	0
1570	350.253906	350.539062	C5	35	80	0
1571	350.546875	350.799479	B4	48	80	0
1572	350.649740	351.188802	F#2	53	80	0
1573	350.805990	351.239583	C3	44	80	0
1574	350.904948	351.188802	E4	44	80	0
1575	350.906250	351.209635	A3	45	80	0
1576	351.250000	351.609375	A4	41	80	0
1577	351.600260	352.359375	A5	64	80	0
1578	351.895833	352.149740	A4	41	80	0
1579	352.075521	352.559896	C4	39	80	0
1580	352.136719	352.759115	E4	40	80	0
1581	352.156250	352.359375	F#4	36	80	0
1582	352.160156	353.079427	F#3	41	80	0
1583	352.265625	353.039062	F#5	62	80	0
1584	352.303385	352.549479	A4	43	80	0
1585	352.563802	353.009115	A4	41	80	0
1586	352.920573	353.658854	E5	57	80	0
1587	352.946615	353.369792	C5	45	80	0
1588	353.238281	353.628906	A4	46	80	0
1589	353.436198	355.098958	B2	37	80	0
1590	353.522135	354.979167	F#3	36	80	0
1591	353.613281	355.968750	F#5	56	80	0
1592	353.648438	354.598958	D4	38	80	0
1593	353.959635	354.378906	B4	46	80	0
1594	354.298177	354.709635	D5	43	80	0
1595	354.627604	355.029948	B4	43	80	0
1596	354.981771	355.438802	B3	39	80	0
1597	354.984375	356.079427	F#4	37	80	0
1598	354.984375	355.559896	D4	35	80	0
1599	354.985677	355.819010	F#3	33	80	0
1600	355.307292	355.739583	B4	44	80	0
1601	355.654948	356.279948	D5	40	80	0
1602	355.954427	356.589844	B4	45	80	0
1603	356.373698	358.019531	F#2	45	80	0
1604	356.389323	357.609375	C5	54	80	0
1605	356.445312	356.899740	A4	25	80	0
1606	356.824219	357.059896	E4	42	80	0
1607	357.162760	358.679688	A4	59	80	0
1608	357.177083	357.839844	E4	51	80	0
1609	357.492188	357.899740	C4	42	80	0
1610	357.821615	358.739583	F#4	58	80	0
1611	357.833333	358.839844	B2	48	80	0
1612	357.834635	358.679688	D4	47	80	0
1613	358.190104	358.658854	B3	59	80	0
1614	358.557292	359.509115	E4	65	80	0
1615	358.565104	359.408854	C4	50	80	0
1616	358.565104	359.378906	D3	44	80	0
1617	358.877604	359.399740	F#3	45	80	0
1618	359.395833	360.128906	F#4	55	80	0
1619	359.408854	359.649740	F#3	44	80	0
1620	359.414062	360.109375	D4	41	80	0
1621	359.414062	361.059896	B2	44	80	0
1622	359.414062	359.979167	B3	40	80	0
1623	361.059896	364.139323	B5	64	80	0
1624	361.066406	361.929688	B2	31	80	0
1625	361.084635	362.009115	B4	38	80	0
1626	362.648438	363.329427	B1	29	80	0
1627	364.153646	365.109375	B5	48	80	0
1628	364.188802	364.929688	B4	32	80	0
1629	364.972656	365.899740	B3	49	80	0
1630	365.216146	365.628906	C4	37	80	0
1631	365.384115	365.709635	E4	42	80	0
1632	365.503906	365.688802	B4	37	80	0
1633	365.604167	365.869792	C5	49	80	0
1634	365.755208	366.089844	E5	36	80	0
1635	365.886719	366.289062	B5	47	80	0
1636	366.222656	367.059896	B4	42	80	0
1637	366.247396	367.750000	A2	33	80	0
1638	366.268229	369.188802	E3	31	80	0
1639	366.885417	367.348958	C5	38	80	0
1640	366.886719	367.299479	E5	37	80	0
1641	367.493490	368.878906	E4	44	80	0
1642	367.494792	368.359375	C4	31	80	0
1643	368.104167	368.839844	C5	45	80	0
1644	368.105469	368.929688	E5	44	80	0
1645	368.747396	369.529948	B3	55	80	0
1646	369.505208	369.938802	A5	57	80	0
1647	369.522135	370.000000	A4	38	80	0
1648	369.532552	369.869792	E5	40	80	0
1649	369.532552	370.019531	G5	47	80	0
1650	369.546875	370.519531	A3	32	80	0
1651	369.548177	369.959635	G4	32	80	0
1652	369.552083	370.019531	E4	34	80	0
1653	370.298177	370.709635	D5	55	80	0
1654	370.300781	370.628906	D6	62	80	0
1655	370.322917	370.819010	D4	40	80	0
1656	370.964844	371.378906	B5	67	80	0
1657	370.989583	371.329427	B3	48	80	0
1658	370.994792	371.619792	E5	47	80	0
1659	370.997396	371.299479	B4	50	80	0
1660	371.003906	371.329427	C4	46	80	0
1661	371.007812	371.359375	C5	47	80	0
1662	371.013021	371.959635	E4	45	80	0
1663	371.677083	372.209635	B5	66	80	0
1664	371.682292	372.908854	B4	54	80	0
1665	371.695312	372.128906	B3	43	80	0
1666	372.541667	372.809896	E4	27	80	0
1667	372.542969	372.789062	A2	30	80	0
1668	372.545573	372.949219	D2	31	80	0
1669	373.244792	374.649740	A5	62	80	0
1670	373.274740	374.039062	F#3	31	80	0
1671	373.285156	373.299479	C4	29	80	0
1672	373.285156	374.149740	A4	35	80	0
1673	373.912760	374.718750	C5	41	80	0
1674	373.923177	374.299479	E4	32	80	0
1675	373.923177	374.309896	C4	36	80	0
1676	374.553385	375.378906	G5	64	80	0
1677	374.569010	375.199219	B3	38	80	0
1678	374.570312	375.250000	G3	34	80	0
1679	375.205729	375.929688	E4	34	80	0
1680	375.213542	375.759115	E5	39	80	0
1681	375.225260	375.739583	C5	37	80	0
1682	375.231771	375.908854	C4	31	80	0
1683	375.839844	376.729167	A5	58	80	0
1684	375.864583	376.938802	A4	38	80	0
1685	375.868490	376.369792	A3	35	80	0
1686	376.511719	376.919271	C4	29	80	0
1687	376.542969	376.878906	E4	31	80	0
1688	376.545573	376.889323	C5	34	80	0
1689	376.548177	376.869792	E5	37	80	0
1690	377.294271	377.968750	E5	54	80	0
1691	377.326823	378.709635	G4	31	80	0
1692	377.332031	377.509115	C5	30	80	0
1693	377.333333	378.859375	G3	29	80	0
1694	377.335938	377.500000	A3	25	80	0
1695	377.341146	377.809896	E4	32	80	0
1696	378.239583	378.878906	E5	41	80	0
1697	378.253906	378.809896	B3	40	80	0
1698	378.255208	379.149740	B4	40	80	0
1699	378.261719	378.679688	E4	34	80	0
1700	379.608073	380.878906	E5	40	80	0
1701	379.611979	380.369792	B4	36	80	0
1702	379.614583	379.848958	B3	28	80	0
1703	379.621094	379.889323	E4	26	80	0
1704	380.464844	380.799479	E2	34	80	0
1705	380.467448	380.750000	E3	33	80	0
1706	381.356771	382.188802	D5	54	80	0
1707	381.364583	381.859375	C5	53	80	0
1708	381.369792	381.759115	D4	40	80	0
1709	381.381510	381.938802	D3	33	80	0
1710	381.385417	382.128906	D2	35	80	0
1711	382.122396	382.598958	G5	62	80	0
1712	382.135417	382.459635	G4	43	80	0
1713	382.144531	382.479167	G2	35	80	0
1714	382.145833	382.399740	G3	40	80	0
1715	382.895833	383.848958	F#5	52	80	0
1716	382.914062	382.919271	F#4	39	80	0
1717	382.915365	383.500000	F#3	39	80	0
1718	382.929688	383.509115	F#2	40	80	0
1719	382.930990	383.489583	C3	39	80	0
1720	382.933594	383.519531	A4	35	80	0
1721	382.934896	383.848958	D5	41	80	0
1722	382.938802	383.815104	D3	37	80	0
1723	382.949219	384.529948	C5	39	80	0
1724	383.822917	385.119792	E5	47	80	0
1725	383.824219	384.500000	B4	43	80	0
1726	383.824219	384.609375	B2	37	80	0
1727	383.830729	384.848958	E3	37	80	0
1728	383.832031	384.789062	E2	36	80	0
1729	383.833333	384.968750	E4	39	80	0
1730	385.009115	386.239583	B3	63	80	0
1731	385.013021	387.449219	B2	57	80	0
1732	385.811198	386.929688	B4	69	80	0
1733	385.812500	387.069010	D3	68	80	0
1734	385.819010	387.848958	D4	69	80	0
1735	386.695312	388.000000	E4	76	80	0
1736	386.704427	387.378906	E3	55	80	0
1737	387.455729	387.949219	E2	64	80	0
1738	387.774740	388.019531	B2	63	80	0
1739	387.914062	388.089844	F#3	70	80	0
1740	388.044271	389.149740	G#3	76	80	0
1741	388.170573	389.429688	D4	76	80	0
1742	388.304688	389.309896	F#4	78	80	0
1743	388.516927	390.579427	D5	72	80	0
1744	388.957031	390.739583	B5	73	80	0
1745	390.524740	390.799479	A2	79	80	0
1746	390.526042	390.703125	D2	78	80	0
1747	391.250000	391.688802	C6	71	80	0
1748	391.252604	392.500000	E5	72	80	0
1749	391.252604	393.649740	D6	76	80	0
1750	391.257812	392.239583	C4	64	80	0
1751	391.263021	392.579427	E4	71	80	0
1752	391.263021	392.500000	F#3	67	80	0
1753	391.263021	391.819010	A5	68	80	0
1754	392.007812	392.549479	B4	78	80	0
1755	392.015625	392.359375	B3	61	80	0
1756	392.514323	393.378906	A4	78	80	0
1757	392.533854	392.539062	A2	54	80	0
1758	392.533854	392.989583	A3	66	80	0
1759	393.312500	393.799479	G2	78	80	0
1760	393.312500	393.759115	G1	72	80	0
1761	394.415365	394.859375	F#3	76	80	0
1762	394.674479	395.109375	B3	78	80	0
1763	394.799479	395.059896	F#4	74	80	0
1764	394.912760	395.209635	B4	76	80	0
1765	395.036458	395.468750	F#5	80	80	0
1766	395.183594	395.750000	B5	83	80	0
1767	395.688802	396.109375	D6	83	80	0
1768	397.804688	399.569010	E4	93	80	0
1769	397.804688	399.289062	E3	93	80	0
1770	397.804688	399.000000	E2	81	80	0
1771	399.654948	400.519531	D4	92	80	0
1772	399.656250	400.559896	D3	98	80	0
1773	399.661458	400.889323	D2	88	80	0
1774	401.963542	402.339844	G2	94	80	0
1775	401.964844	402.339844	G1	82	80	0
1776	402.989583	405.669271	G2	68	80	0
1777	402.990885	403.000000	D2	66	80	0
1778	402.990885	403.000000	G1	64	80	0
1779	402.992188	406.000000	D3	72	80	0
1780	402.994792	407.500000	D5	79	80	0
1781	402.994792	407.500000	G5	88	80	0
1782	402.994792	404.149740	D6	81	80	0
1783	402.994792	404.109375	D4	72	80	0
#SusPed	0.125000	72	0
#SusPed	1.039062	0	0
#SusPed	1.048177	77	0
#SusPed	2.639323	0	0
#SusPed	2.645833	48	0
#SusPed	2.688802	0	0
#SusPed	2.704427	49	0
#SusPed	2.809896	0	0
#SusPed	2.815104	62	0
#SusPed	3.199219	0	0
#SusPed	3.204427	64	0
#SusPed	4.389323	0	0
#SusPed	4.394531	58	0
#SusPed	4.559896	0	0
#SusPed	4.574219	61	0
#SusPed	5.229167	0	0
#SusPed	5.235677	66	0
#SusPed	6.319010	0	0
#SusPed	6.333333	51	0
#SusPed	6.468750	0	0
#SusPed	6.481771	60	0
#SusPed	6.919271	0	0
#SusPed	6.924479	61	0
#SusPed	7.479167	0	0
#SusPed	7.485677	69	0
#SusPed	7.669271	0	0
#SusPed	7.679688	69	0
#SusPed	8.169271	0	0
#SusPed	8.174479	57	0
#SusPed	8.319010	0	0
#SusPed	8.324219	59	0
#SusPed	8.859375	0	0
#SusPed	8.864583	53	0
#SusPed	9.279948	0	0
#SusPed	9.292969	66	0
#SusPed	10.049479	0	0
#SusPed	10.062500	70	0
#SusPed	10.218750	0	0
#SusPed	10.234375	57	0
#SusPed	10.459635	0	0
#SusPed	10.470052	64	0
#SusPed	10.559896	0	0
#SusPed	10.569010	72	0
#SusPed	11.319010	0	0
#SusPed	11.325521	70	0
#SusPed	11.729167	0	0
#SusPed	11.743490	63	0
#SusPed	11.769531	0	0
#SusPed	11.776042	60	0
#SusPed	12.309896	0	0
#SusPed	12.320312	64	0
#SusPed	12.468750	0	0
#SusPed	12.476562	71	0
#SofPed	12.815104	86	0
#SusPed	13.000000	0	0
#SusPed	13.010417	77	0
#SusPed	13.609375	0	0
#SusPed	13.621094	57	0
#SusPed	13.750000	0	0
#SusPed	13.760417	66	0
#SusPed	14.109375	0	0
#SusPed	14.115885	75	0
#SusPed	14.209635	0	0
#SusPed	14.217448	69	0
#SusPed	14.829427	0	0
#SusPed	14.841146	72	0
#SusPed	15.069010	0	0
#SusPed	15.076823	68	0
#SusPed	15.369792	0	0
#SusPed	15.380208	77	0
#SusPed	15.468750	0	0
#SusPed	15.473958	80	0
#SusPed	16.109375	0	0
#SusPed	16.121094	54	0
#SusPed	16.699219	0	0
#SusPed	16.704427	56	0
#SofPed	16.819010	0	0
#SofPed	16.825521	79	0
#SusPed	17.199219	0	0
#SusPed	17.213542	61	0
#SofPed	17.229167	0	0
#SofPed	17.238281	89	0
#SusPed	17.449219	0	0
#SofPed	17.449219	0	0
#SofPed	17.455729	81	0
#SusPed	17.457031	60	0
#SusPed	17.529948	0	0
#SusPed	17.536458	62	0
#SusPed	17.718750	0	0
#SusPed	17.725260	64	0
#SofPed	17.848958	0	0
#SofPed	17.864583	68	0
#SofPed	17.989583	0	0
#SofPed	18.002604	61	0
#SofPed	18.069010	0	0
#SofPed	18.075521	61	0
#SusPed	18.549479	0	0
#SusPed	18.554688	66	0
#SusPed	19.029948	0	0
#SusPed	19.044271	65	0
#SusPed	19.729167	0	0
#SusPed	19.740885	59	0
#SusPed	19.878906	0	0
#SusPed	19.894531	60	0
#SusPed	20.188802	0	0
#SusPed	20.203125	73	0
#SofPed	20.559896	0	0
#SusPed	20.919271	0	0
#SusPed	20.928385	62	0
#SusPed	21.509115	0	0
#SusPed	21.515625	52	0
#SusPed	21.750000	0	0
#SusPed	21.755208	62	0
#SusPed	22.089844	0	0
#SusPed	22.100260	73	0
#SusPed	22.309896	0	0
#SusPed	22.315104	67	0
#SusPed	22.639323	0	0
#SusPed	22.651042	68	0
#SusPed	23.408854	0	0
#SusPed	23.415365	57	0
#SusPed	23.938802	0	0
#SusPed	23.953125	63	0
#SusPed	24.098958	0	0
#SusPed	24.105469	66	0
#SusPed	24.579427	0	0
#SusPed	24.589844	59	0
#SusPed	24.628906	0	0
#SusPed	24.635417	55	0
#SusPed	25.649740	0	0
#SusPed	25.657552	63	0
#SusPed	26.289062	0	0
#SusPed	26.302083	67	0
#SusPed	26.348958	0	0
#SusPed	26.361979	68	0
#SusPed	26.989583	0	0
#SusPed	27.001302	56	0
#SusPed	27.128906	0	0
#SusPed	27.135417	67	0
#SusPed	27.609375	0	0
#SusPed	27.623698	64	0
#SusPed	27.779948	0	0
#SusPed	27.790365	70	0
#SusPed	28.259115	0	0
#SusPed	28.266927	70	0
#SusPed	28.449219	0	0
#SusPed	28.455729	70	0
#SusPed	28.949219	0	0
#SusPed	28.958333	67	0
#SusPed	29.128906	0	0
#SusPed	29.143229	62	0
#SusPed	29.679688	0	0
#SusPed	29.686198	78	0
#SusPed	29.959635	0	0
#SusPed	29.972656	53	0
#SusPed	30.389323	0	0
#SusPed	30.398438	72	0
#SusPed	31.250000	0	0
#SusPed	31.255208	58	0
#SusPed	31.929688	0	0
#SusPed	31.936198	73	0
#SusPed	36.289062	0	0
#SusPed	36.295573	78	0
#SusPed	36.359375	0	0
#SusPed	36.373698	70	0
#SusPed	37.628906	0	0
#SusPed	37.639323	81	0
#SusPed	39.239583	0	0
#SusPed	39.250000	77	0
#SusPed	39.848958	0	0
#SusPed	39.863281	70	0
#SusPed	39.919271	0	0
#SusPed	39.927083	77	0
#SusPed	40.519531	0	0
#SusPed	40.532552	74	0
#SusPed	41.049479	0	0
#SusPed	41.057292	80	0
#SusPed	41.348958	0	0
#SusPed	41.356771	71	0
#SusPed	41.688802	0	0
#SusPed	41.695312	95	0
#SusPed	42.378906	0	0
#SusPed	42.385417	61	0
#SusPed	42.519531	0	0
#SusPed	42.531250	75	0
#SusPed	43.569010	0	0
#SusPed	43.575521	64	0
#SusPed	44.049479	0	0
#SusPed	44.063802	82	0
#SusPed	44.829427	0	0
#SusPed	44.834635	66	0
#SusPed	45.139323	0	0
#SusPed	45.152344	76	0
#SusPed	46.218750	0	0
#SusPed	46.229167	79	0
#SusPed	46.889323	0	0
#SusPed	46.902344	92	0
#SusPed	48.569010	0	0
#SusPed	48.579427	93	0
#SusPed	49.269531	0	0
#SusPed	49.276042	77	0
#SusPed	49.408854	0	0
#SusPed	49.420573	75	0
#SusPed	49.839844	0	0
#SusPed	49.852865	84	0
#SusPed	49.878906	0	0
#SusPed	49.885417	79	0
#SusPed	50.500000	0	0
#SusPed	50.514323	72	0
#SusPed	50.688802	0	0
#SusPed	50.701823	73	0
#SusPed	51.429688	0	0
#SusPed	51.444010	69	0
#SusPed	51.658854	0	0
#SusPed	51.674479	67	0
#SofPed	52.720052	43	0
#SofPed	53.169271	0	0
#SofPed	53.175781	51	0
#SofPed	53.209635	0	0
#SofPed	53.220052	53	0
#SusPed	55.059896	0	0
#SusPed	55.074219	63	0
#SusPed	57.019531	0	0
#SusPed	57.031250	96	0
#SusPed	57.369792	0	0
#SusPed	57.375000	86	0
#SofPed	59.218750	0	0
#SusPed	59.649740	0	0
#SusPed	59.664062	69	0
#SusPed	60.239583	0	0
#SusPed	60.253906	51	0
#SusPed	60.908854	0	0
#SusPed	60.915365	67	0
#SusPed	62.908854	0	0
#SusPed	62.914062	65	0
#SusPed	63.109375	0	0
#SusPed	63.123698	72	0
#SusPed	63.500000	0	0
#SusPed	63.511719	87	0
#SusPed	63.609375	0	0
#SusPed	63.617188	82	0
#SusPed	63.938802	0	0
#SusPed	63.953125	80	0
#SusPed	64.188802	0	0
#SusPed	64.200521	79	0
#SofPed	64.826823	92	0
#SusPed	65.669271	0	0
#SusPed	65.682292	71	0
#SusPed	67.938802	0	0
#SusPed	67.950521	84	0
#SusPed	68.049479	0	0
#SusPed	68.062500	85	0
#SusPed	69.789062	0	0
#SusPed	69.802083	92	0
#SusPed	70.489583	0	0
#SusPed	70.494792	77	0
#SusPed	70.628906	0	0
#SusPed	70.639323	70	0
#SofPed	70.829427	0	0
#SusPed	71.658854	0	0
#SusPed	71.671875	77	0
#SusPed	71.829427	0	0
#SusPed	71.834635	73	0
#SusPed	75.449219	0	0
#SusPed	75.463542	87	0
#SusPed	75.628906	0	0
#SusPed	75.635417	81	0
#SusPed	76.658854	0	0
#SusPed	76.665365	73	0
#SusPed	77.809896	0	0
#SusPed	77.817708	100	0
#SofPed	78.423177	114	0
#SofPed	78.519531	0	0
#SofPed	78.533854	108	0
#SofPed	78.968750	0	0
#SofPed	78.975260	86	0
#SofPed	79.109375	0	0
#SofPed	79.123698	90	0
#SusPed	79.149740	0	0
#SusPed	79.160156	86	0
#SofPed	79.739583	0	0
#SofPed	79.748698	84	0
#SusPed	80.489583	0	0
#SusPed	80.502604	92	0
#SusPed	80.598958	0	0
#SusPed	80.610677	75	0
#SusPed	81.729167	0	0
#SusPed	81.735677	71	0
#SusPed	81.889323	0	0
#SusPed	81.902344	76	0
#SusPed	83.079427	0	0
#SusPed	83.087240	69	0
#SusPed	83.209635	0	0
#SusPed	83.216146	67	0
#SusPed	83.750000	0	0
#SusPed	83.761719	85	0
#SusPed	84.339844	0	0
#SusPed	84.346354	92	0
#SusPed	85.688802	0	0
#SusPed	85.696615	70	0
#SofPed	85.750000	0	0
#SusPed	86.299479	0	0
#SusPed	86.308594	96	0
#SusPed	86.938802	0	0
#SusPed	86.947917	72	0
#SusPed	87.188802	0	0
#SusPed	87.204427	80	0
#SofPed	88.438802	50	0
#SusPed	88.829427	0	0
#SofPed	88.839844	0	0
#SusPed	88.843750	82	0
#SofPed	88.851562	45	0
#SusPed	88.938802	0	0
#SusPed	88.953125	85	0
#SofPed	89.039062	0	0
#SofPed	89.045573	37	0
#SusPed	89.429688	0	0
#SusPed	89.444010	82	0
#SusPed	90.109375	0	0
#SusPed	90.115885	84	0
#SusPed	91.098958	0	0
#SusPed	91.113281	65	0
#SusPed	92.378906	0	0
#SusPed	92.390625	66	0
#SofPed	92.500000	0	0
#SusPed	92.718750	0	0
#SusPed	92.731771	76	0
#SusPed	94.218750	0	0
#SusPed	94.233073	77	0
#SusPed	94.329427	0	0
#SusPed	94.341146	78	0
#SusPed	94.889323	0	0
#SusPed	94.903646	84	0
#SusPed	95.119792	0	0
#SusPed	95.126302	76	0
#SusPed	95.549479	0	0
#SusPed	95.562500	79	0
#SusPed	95.779948	0	0
#SusPed	95.791667	78	0
#SusPed	96.419271	0	0
#SusPed	96.424479	59	0
#SusPed	96.779948	0	0
#SusPed	96.791667	72	0
#SusPed	97.869792	0	0
#SusPed	97.875000	73	0
#SusPed	98.179688	0	0
#SusPed	98.192708	65	0
#SusPed	99.309896	0	0
#SusPed	99.313802	72	0
#SusPed	99.799479	0	0
#SusPed	99.809896	65	0
#SusPed	100.389323	0	0
#SusPed	100.402344	96	0
#SusPed	104.769531	0	0
#SusPed	104.783854	74	0
#SusPed	104.949219	0	0
#SusPed	104.955729	82	0
#SusPed	109.848958	0	0
#SusPed	109.855469	79	0
#SusPed	110.039062	0	0
#SusPed	110.045573	78	0
#SusPed	111.119792	0	0
#SusPed	111.132812	73	0
#SusPed	111.229167	0	0
#SusPed	111.242188	71	0
#SofPed	112.876302	56	0
#SofPed	113.009115	0	0
#SofPed	113.022135	57	0
#SofPed	113.169271	0	0
#SofPed	113.178385	48	0
#SofPed	113.598958	0	0
#SofPed	113.608073	64	0
#SusPed	113.628906	0	0
#SusPed	113.636719	95	0
#SofPed	113.739583	0	0
#SofPed	113.748698	70	0
#SofPed	114.218750	0	0
#SofPed	114.226562	70	0
#SusPed	114.250000	0	0
#SusPed	114.257812	88	0
#SofPed	114.519531	0	0
#SofPed	114.533854	73	0
#SusPed	114.889323	0	0
#SusPed	114.894531	94	0
#SusPed	115.079427	0	0
#SofPed	115.079427	0	0
#SofPed	115.084635	73	0
#SusPed	115.093750	87	0
#SusPed	116.259115	0	0
#SusPed	116.264323	80	0
#SusPed	117.619792	0	0
#SusPed	117.632812	70	0
#SusPed	117.799479	0	0
#SusPed	117.813802	74	0
#SusPed	118.348958	0	0
#SusPed	118.361979	89	0
#SusPed	118.929688	0	0
#SusPed	118.937500	90	0
#SusPed	119.529948	0	0
#SusPed	119.544271	93	0
#SusPed	120.309896	0	0
#SusPed	120.315104	66	0
#SusPed	120.479167	0	0
#SusPed	120.484375	82	0
#SusPed	120.908854	0	0
#SusPed	120.923177	95	0
#SofPed	121.089844	0	0
#SusPed	121.539062	0	0
#SusPed	121.545573	76	0
#SofPed	123.727865	44	0
#SofPed	123.848958	0	0
#SofPed	123.864583	40	0
#SofPed	123.959635	0	0
#SofPed	123.973958	42	0
#SofPed	124.188802	0	0
#SofPed	124.196615	46	0
#SofPed	125.079427	0	0
#SusPed	125.529948	0	0
#SusPed	125.536458	75	0
#SusPed	125.848958	0	0
#SusPed	125.860677	80	0
#SusPed	127.139323	0	0
#SusPed	127.152344	78	0
#SusPed	127.438802	0	0
#SusPed	127.451823	80	0
#SusPed	128.899740	0	0
#SusPed	128.906250	78	0
#SusPed	129.039062	0	0
#SusPed	129.048177	69	0
#SusPed	129.569010	0	0
#SusPed	129.576823	56	0
#SusPed	129.718750	0	0
#SusPed	129.727865	83	0
#SusPed	130.188802	0	0
#SusPed	130.203125	56	0
#SusPed	130.329427	0	0
#SusPed	130.338542	72	0
#SusPed	130.859375	0	0
#SusPed	130.872396	71	0
#SusPed	131.239583	0	0
#SusPed	131.244792	84	0
#SofPed	131.541667	52	0
#SofPed	131.799479	0	0
#SusPed	132.199219	0	0
#SusPed	132.204427	69	0
#SusPed	132.609375	0	0
#SusPed	132.617188	63	0
#SusPed	133.408854	0	0
#SusPed	133.416667	78	0
#SusPed	134.000000	0	0
#SusPed	134.013021	53	0
#SusPed	134.279948	0	0
#SusPed	134.294271	69	0
#SusPed	135.598958	0	0
#SusPed	135.613281	79	0
#SusPed	136.029948	0	0
#SusPed	136.035156	80	0
#SusPed	136.539062	0	0
#SusPed	136.553385	77	0
#SusPed	137.779948	0	0
#SusPed	137.791667	63	0
#SusPed	137.929688	0	0
#SusPed	137.940104	95	0
#SusPed	138.628906	0	0
#SusPed	138.636719	71	0
#SusPed	138.799479	0	0
#SusPed	138.808594	96	0
#SusPed	139.389323	0	0
#SusPed	139.401042	55	0
#SusPed	139.559896	0	0
#SusPed	139.565104	90	0
#SusPed	140.199219	0	0
#SusPed	140.208333	76	0
#SusPed	140.519531	0	0
#SusPed	140.533854	80	0
#SofPed	140.760417	31	0
#SusPed	141.149740	0	0
#SusPed	141.154948	81	0
#SusPed	141.399740	0	0
#SusPed	141.406250	70	0
#SusPed	142.549479	0	0
#SusPed	142.563802	72	0
#SusPed	143.239583	0	0
#SusPed	143.252604	53	0
#SusPed	143.369792	0	0
#SusPed	143.375000	54	0
#SusPed	143.619792	0	0
#SusPed	143.634115	61	0
#SusPed	143.799479	0	0
#SusPed	143.811198	70	0
#SusPed	143.929688	0	0
#SusPed	143.940104	76	0
#SusPed	144.539062	0	0
#SusPed	144.553385	72	0
#SusPed	145.669271	0	0
#SusPed	145.674479	70	0
#SusPed	146.109375	0	0
#SusPed	146.114583	76	0
#SofPed	146.759115	0	0
#SusPed	152.119792	0	0
#SusPed	154.286458	84	0
#SusPed	155.549479	0	0
#SusPed	155.554688	85	0
#SusPed	161.559896	0	0
#SusPed	161.751302	83	0
#SusPed	161.929688	0	0
#SusPed	161.941406	68	0
#SusPed	166.639323	0	0
#SusPed	166.647135	70	0
#SusPed	166.750000	0	0
#SusPed	166.759115	73	0
#SusPed	169.039062	0	0
#SusPed	169.053385	70	0
#SusPed	169.139323	0	0
#SusPed	169.144531	74	0
#SusPed	171.489583	0	0
#SusPed	171.500000	78	0
#SusPed	171.739583	0	0
#SusPed	171.744792	76	0
#SofPed	173.692708	77	0
#SusPed	174.179688	0	0
#SusPed	174.184896	77	0
#SusPed	174.289062	0	0
#SusPed	174.300781	76	0
#SofPed	174.369792	0	0
#SofPed	174.382812	64	0
#SofPed	174.869792	0	0
#SofPed	174.881510	58	0
#SofPed	175.438802	0	0
#SofPed	175.453125	43	0
#SusPed	175.500000	0	0
#SusPed	175.513021	74	0
#SusPed	175.658854	0	0
#SofPed	175.669271	0	0
#SusPed	175.673177	76	0
#SofPed	175.683594	42	0
#SusPed	176.139323	0	0
#SofPed	176.139323	0	0
#SofPed	176.148438	40	0
#SusPed	176.153646	82	0
#SusPed	176.279948	0	0
#SusPed	176.289062	75	0
#SusPed	176.929688	0	0
#SusPed	176.944010	65	0
#SusPed	177.239583	0	0
#SusPed	177.253906	65	0
#SusPed	178.449219	0	0
#SusPed	178.457031	83	0
#SusPed	178.829427	0	0
#SusPed	178.837240	62	0
#SusPed	179.419271	0	0
#SusPed	179.424479	100	0
#SofPed	182.149740	0	0
#SusPed	183.229167	0	0
#SusPed	183.242188	91	0
#SusPed	183.299479	0	0
#SusPed	183.308594	86	0
#SusPed	186.239583	0	0
#SusPed	186.246094	71	0
#SusPed	186.339844	0	0
#SusPed	186.352865	76	0
#SusPed	186.869792	0	0
#SusPed	186.881510	84	0
#SusPed	186.959635	0	0
#SusPed	186.964844	90	0
#SusPed	187.489583	0	0
#SusPed	187.503906	85	0
#SusPed	187.699219	0	0
#SusPed	187.708333	77	0
#SusPed	188.259115	0	0
#SusPed	188.274740	98	0
#SusPed	188.829427	0	0
#SusPed	188.835938	98	0
#SusPed	189.438802	0	0
#SusPed	189.453125	96	0
#SusPed	189.609375	0	0
#SusPed	189.614583	96	0
#SusPed	190.049479	0	0
#SusPed	190.063802	95	0
#SusPed	190.709635	0	0
#SusPed	190.722656	93	0
#SusPed	191.089844	0	0
#SusPed	191.102865	73	0
#SusPed	191.968750	0	0
#SusPed	191.975260	78	0
#SusPed	192.250000	0	0
#SusPed	192.259115	67	0
#SusPed	193.359375	0	0
#SusPed	193.373698	76	0
#SusPed	193.559896	0	0
#SusPed	193.567708	76	0
#SusPed	195.559896	0	0
#SusPed	195.572917	84	0
#SusPed	195.878906	0	0
#SusPed	195.889323	91	0
#SusPed	197.089844	0	0
#SusPed	197.096354	86	0
#SusPed	198.589844	0	0
#SusPed	198.597656	66	0
#SusPed	199.369792	0	0
#SusPed	199.376302	70	0
#SusPed	199.619792	0	0
#SusPed	199.626302	64	0
#SofPed	200.059896	55	0
#SofPed	200.438802	0	0
#SofPed	200.445312	42	0
#SofPed	200.628906	0	0
#SofPed	200.636719	39	0
#SofPed	201.229167	0	0
#SofPed	201.235677	50	0
#SofPed	201.539062	0	0
#SofPed	201.546875	42	0
#SofPed	202.049479	0	0
#SofPed	202.054688	43	0
#SofPed	202.199219	0	0
#SofPed	202.210938	39	0
#SofPed	202.279948	0	0
#SofPed	202.286458	38	0
#SofPed	202.348958	0	0
#SofPed	202.356771	35	0
#SofPed	202.500000	0	0
#SusPed	203.109375	0	0
#SusPed	203.115885	66	0
#SusPed	203.259115	0	0
#SusPed	203.265625	93	0
#SusPed	204.250000	0	0
#SusPed	204.264323	101	0
#SusPed	204.348958	0	0
#SusPed	204.356771	97	0
#SusPed	204.628906	0	0
#SusPed	204.636719	97	0
#SusPed	205.250000	0	0
#SusPed	205.261719	99	0
#SusPed	207.009115	0	0
#SusPed	207.016927	71	0
#SusPed	207.128906	0	0
#SusPed	207.135417	79	0
#SusPed	207.619792	0	0
#SusPed	207.627604	70	0
#SusPed	210.250000	0	0
#SusPed	210.260417	104	0
#SusPed	211.509115	0	0
#SusPed	211.516927	80	0
#SusPed	211.699219	0	0
#SusPed	211.705729	98	0
#SusPed	212.509115	0	0
#SusPed	212.523438	66	0
#SusPed	212.609375	0	0
#SusPed	212.618490	65	0
#SusPed	213.289062	0	0
#SusPed	213.302083	72	0
#SusPed	218.959635	0	0
#SusPed	218.967448	65	0
#SusPed	219.079427	0	0
#SusPed	219.085938	79	0
#SofPed	221.580729	73	0
#SofPed	221.959635	0	0
#SofPed	221.970052	67	0
#SofPed	222.029948	0	0
#SofPed	222.039062	71	0
#SofPed	222.169271	0	0
#SofPed	222.177083	62	0
#SofPed	222.359375	0	0
#SofPed	222.372396	62	0
#SofPed	222.519531	0	0
#SofPed	222.532552	69	0
#SusPed	222.598958	0	0
#SusPed	222.610677	94	0
#SofPed	222.848958	0	0
#SofPed	222.856771	56	0
#SofPed	223.119792	0	0
#SofPed	223.132812	52	0
#SofPed	223.229167	0	0
#SofPed	223.235677	52	0
#SofPed	223.269531	0	0
#SofPed	223.276042	53	0
#SofPed	223.589844	0	0
#SofPed	223.601562	49	0
#SusPed	224.019531	0	0
#SusPed	224.032552	98	0
#SusPed	224.259115	0	0
#SusPed	224.269531	76	0
#SofPed	227.500000	0	0
#SusPed	227.598958	0	0
#SusPed	227.606771	83	0
#SusPed	228.259115	0	0
#SusPed	228.265625	86	0
#SusPed	228.669271	0	0
#SusPed	228.682292	65	0
#SusPed	228.929688	0	0
#SusPed	228.934896	73	0
#SusPed	230.479167	0	0
#SusPed	230.492188	76	0
#SusPed	230.598958	0	0
#SusPed	230.609375	69	0
#SusPed	231.188802	0	0
#SusPed	231.200521	69	0
#SusPed	231.468750	0	0
#SusPed	231.476562	82	0
#SusPed	233.128906	0	0
#SusPed	233.134115	73	0
#SusPed	233.679688	0	0
#SusPed	233.691406	77	0
#SusPed	233.908854	0	0
#SusPed	233.917969	61	0
#SusPed	234.369792	0	0
#SusPed	234.376302	92	0
#SusPed	235.128906	0	0
#SusPed	235.138021	93	0
#SusPed	235.750000	0	0
#SusPed	235.753906	77	0
#SusPed	236.209635	0	0
#SusPed	236.222656	89	0
#SusPed	236.309896	0	0
#SusPed	236.322917	93	0
#SusPed	236.739583	0	0
#SusPed	236.753906	98	0
#SusPed	236.779948	0	0
#SusPed	236.794271	97	0
#SofPed	236.803385	69	0
#SofPed	236.979167	0	0
#SofPed	236.984375	66	0
#SofPed	237.069010	0	0
#SofPed	237.075521	68	0
#SusPed	237.479167	0	0
#SusPed	237.484375	92	0
#SusPed	238.059896	0	0
#SusPed	238.071615	95	0
#SusPed	238.688802	0	0
#SusPed	238.699219	79	0
#SusPed	238.908854	0	0
#SusPed	238.920573	81	0
#SusPed	240.049479	0	0
#SusPed	240.059896	75	0
#SusPed	240.269531	0	0
#SusPed	240.276042	82	0
#SusPed	240.699219	0	0
#SusPed	240.710938	104	0
#SusPed	241.669271	0	0
#SusPed	241.680990	70	0
#SusPed	241.789062	0	0
#SusPed	241.803385	87	0
#SofPed	243.079427	0	0
#SusPed	243.408854	0	0
#SusPed	243.415365	88	0
#SusPed	243.519531	0	0
#SusPed	243.533854	94	0
#SusPed	244.009115	0	0
#SusPed	244.023438	87	0
#SusPed	245.529948	0	0
#SusPed	245.535156	61	0
#SusPed	245.658854	0	0
#SusPed	245.665365	81	0
#SofPed	245.821615	66	0
#SofPed	246.250000	0	0
#SofPed	246.253906	67	0
#SofPed	246.468750	0	0
#SofPed	246.483073	68	0
#SusPed	248.419271	0	0
#SusPed	248.427083	53	0
#SusPed	248.529948	0	0
#SusPed	248.541667	101	0
#SusPed	249.019531	0	0
#SusPed	249.027344	76	0
#SusPed	249.128906	0	0
#SusPed	249.141927	80	0
#SusPed	249.729167	0	0
#SusPed	249.734375	58	0
#SusPed	249.848958	0	0
#SusPed	249.854167	94	0
#SofPed	251.199219	0	0
#SusPed	252.799479	0	0
#SusPed	252.812500	96	0
#SusPed	253.059896	0	0
#SusPed	253.074219	88	0
#SofPed	253.466146	64	0
#SusPed	253.929688	0	0
#SusPed	253.937500	95	0
#SofPed	253.949219	0	0
#SofPed	253.963542	61	0
#SofPed	254.289062	0	0
#SofPed	254.295573	59	0
#SusPed	254.348958	0	0
#SusPed	254.361979	72	0
#SusPed	254.459635	0	0
#SofPed	254.459635	0	0
#SusPed	254.464844	78	0
#SofPed	254.473958	63	0
#SusPed	254.989583	0	0
#SusPed	254.994792	72	0
#SusPed	255.128906	0	0
#SusPed	255.138021	69	0
#SusPed	255.709635	0	0
#SusPed	255.723958	84	0
#SusPed	255.839844	0	0
#SusPed	255.846354	52	0
#SusPed	255.989583	0	0
#SusPed	256.003906	76	0
#SusPed	256.389323	0	0
#SusPed	256.403646	72	0
#SusPed	256.549479	0	0
#SusPed	256.555990	77	0
#SusPed	257.098958	0	0
#SusPed	257.111979	69	0
#SusPed	257.229167	0	0
#SusPed	257.238281	80	0
#SofPed	257.500000	0	0
#SusPed	257.859375	0	0
#SusPed	257.872396	77	0
#SusPed	257.908854	0	0
#SusPed	257.920573	60	0
#SusPed	258.039062	0	0
#SusPed	258.044271	72	0
#SusPed	258.789062	0	0
#SusPed	258.803385	74	0
#SusPed	259.128906	0	0
#SusPed	259.140625	77	0
#SusPed	260.598958	0	0
#SusPed	260.606771	71	0
#SusPed	261.779948	0	0
#SusPed	261.785156	58	0
#SusPed	262.000000	0	0
#SusPed	262.014323	64	0
#SusPed	262.109375	0	0
#SusPed	262.114583	69	0
#SusPed	262.309896	0	0
#SusPed	262.315104	82	0
#SusPed	263.529948	0	0
#SusPed	263.535156	53	0
#SusPed	263.789062	0	0
#SusPed	263.803385	72	0
#SusPed	265.609375	0	0
#SusPed	265.614583	55	0
#SusPed	265.809896	0	0
#SusPed	265.822917	66	0
#SusPed	270.979167	0	0
#SusPed	270.985677	87	0
#SusPed	272.269531	0	0
#SusPed	272.277344	79	0
#SusPed	272.809896	0	0
#SusPed	272.824219	86	0
#SusPed	274.589844	0	0
#SusPed	274.602865	92	0
#SusPed	275.739583	0	0
#SusPed	275.744792	90	0
#SusPed	275.799479	0	0
#SusPed	275.804688	89	0
#SusPed	276.438802	0	0
#SusPed	276.446615	77	0
#SusPed	276.509115	0	0
#SusPed	276.516927	88	0
#SusPed	277.929688	0	0
#SusPed	277.942708	70	0
#SusPed	277.968750	0	0
#SusPed	277.981771	75	0
#SusPed	278.049479	0	0
#SusPed	278.062500	55	0
#SusPed	278.289062	0	0
#SusPed	278.295573	80	0
#SusPed	278.919271	0	0
#SusPed	278.925781	79	0
#SusPed	279.399740	0	0
#SusPed	279.414062	93	0
#SusPed	280.809896	0	0
#SusPed	280.820312	79	0
#SusPed	281.459635	0	0
#SusPed	281.467448	101	0
#SusPed	282.169271	0	0
#SusPed	282.177083	71	0
#SusPed	282.429688	0	0
#SusPed	282.442708	82	0
#SusPed	282.959635	0	0
#SusPed	282.966146	78	0
#SusPed	284.289062	0	0
#SusPed	284.296875	79	0
#SusPed	284.359375	0	0
#SusPed	284.373698	67	0
#SusPed	284.479167	0	0
#SusPed	284.490885	60	0
#SusPed	284.968750	0	0
#SusPed	284.983073	70	0
#SusPed	285.279948	0	0
#SusPed	285.290365	81	0
#SusPed	286.239583	0	0
#SusPed	286.248698	68	0
#SusPed	286.369792	0	0
#SusPed	286.378906	68	0
#SusPed	286.839844	0	0
#SusPed	286.847656	93	0
#SusPed	287.619792	0	0
#SusPed	287.626302	60	0
#SusPed	287.809896	0	0
#SusPed	287.820312	82	0
#SusPed	290.539062	0	0
#SusPed	290.553385	100	0
#SusPed	292.128906	0	0
#SusPed	292.138021	92	0
#SusPed	292.809896	0	0
#SusPed	292.816406	85	0
#SusPed	293.809896	0	0
#SusPed	293.822917	81	0
#SusPed	294.000000	0	0
#SusPed	294.005208	83	0
#SusPed	294.389323	0	0
#SusPed	294.403646	103	0
#SusPed	294.459635	0	0
#SusPed	294.464844	100	0
#SusPed	294.679688	0	0
#SusPed	294.684896	100	0
#SusPed	295.069010	0	0
#SusPed	295.075521	87	0
#SusPed	297.750000	0	0
#SusPed	297.763021	103	0
#SusPed	297.889323	0	0
#SusPed	297.901042	79	0
#SofPed	298.660156	56	0
#SusPed	300.109375	0	0
#SusPed	300.123698	78	0
#SusPed	300.250000	0	0
#SusPed	300.253906	81	0
#SusPed	303.000000	0	0
#SusPed	303.014323	60	0
#SofPed	303.459635	0	0
#SusPed	303.489583	0	0
#SusPed	303.503906	92	0
#SusPed	303.639323	0	0
#SusPed	303.647135	62	0
#SusPed	304.299479	0	0
#SusPed	304.312500	80	0
#SusPed	304.468750	0	0
#SusPed	304.477865	76	0
#SusPed	306.750000	0	0
#SusPed	306.757812	78	0
#SusPed	306.949219	0	0
#SusPed	306.958333	86	0
#SusPed	307.639323	0	0
#SusPed	307.653646	102	0
#SusPed	307.919271	0	0
#SusPed	307.933594	77	0
#SusPed	308.679688	0	0
#SusPed	308.694010	77	0
#SofPed	308.914062	75	0
#SofPed	308.919271	0	0
#SusPed	309.199219	0	0
#SusPed	309.213542	71	0
#SusPed	309.279948	0	0
#SusPed	309.294271	72	0
#SusPed	309.848958	0	0
#SusPed	309.855469	55	0
#SusPed	309.968750	0	0
#SusPed	309.975260	84	0
#SusPed	310.500000	0	0
#SusPed	310.513021	77	0
#SusPed	310.688802	0	0
#SusPed	310.703125	83	0
#SusPed	311.158854	0	0
#SusPed	311.173177	66	0
#SusPed	311.289062	0	0
#SusPed	311.303385	74	0
#SusPed	311.859375	0	0
#SusPed	311.872396	71	0
#SusPed	312.009115	0	0
#SusPed	312.014323	83	0
#SusPed	312.679688	0	0
#SusPed	312.691406	75	0
#SusPed	312.859375	0	0
#SusPed	312.872396	75	0
#SusPed	313.839844	0	0
#SusPed	313.850260	63	0
#SusPed	314.128906	0	0
#SusPed	314.143229	76	0
#SusPed	315.539062	0	0
#SusPed	315.548177	67	0
#SusPed	315.839844	0	0
#SusPed	315.850260	61	0
#SusPed	317.269531	0	0
#SusPed	317.274740	64	0
#SusPed	317.729167	0	0
#SusPed	317.739583	66	0
#SusPed	319.899740	0	0
#SusPed	319.910156	65	0
#SusPed	320.239583	0	0
#SusPed	320.253906	67	0
#SusPed	324.949219	0	0
#SusPed	324.963542	74	0
#SusPed	330.959635	0	0
#SusPed	331.471354	88	0
#SusPed	334.128906	0	0
#SusPed	334.141927	84	0
#SusPed	339.779948	0	0
#SusPed	339.791667	90	0
#SusPed	342.699219	0	0
#SusPed	342.704427	88	0
#SusPed	342.759115	0	0
#SusPed	342.764323	75	0
#SusPed	344.098958	0	0
#SusPed	344.111979	90	0
#SusPed	348.209635	0	0
#SusPed	348.222656	71	0
#SusPed	348.429688	0	0
#SusPed	348.436198	92	0
#SusPed	353.619792	0	0
#SusPed	353.632812	69	0
#SusPed	353.769531	0	0
#SusPed	353.783854	71	0
#SofPed	356.324219	89	0
#SusPed	356.438802	0	0
#SusPed	356.453125	77	0
#SusPed	356.598958	0	0
#SusPed	356.605469	74	0
#SofPed	356.979167	0	0
#SofPed	356.993490	93	0
#SofPed	357.128906	0	0
#SofPed	357.135417	88	0
#SofPed	357.199219	0	0
#SofPed	357.213542	81	0
#SusPed	357.859375	0	0
#SusPed	357.867188	67	0
#SusPed	358.019531	0	0
#SusPed	358.026042	81	0
#SofPed	358.098958	0	0
#SofPed	358.113281	56	0
#SofPed	358.218750	0	0
#SofPed	358.231771	58	0
#SofPed	358.539062	0	0
#SofPed	358.545573	54	0
#SusPed	358.559896	0	0
#SusPed	358.574219	81	0
#SusPed	358.729167	0	0
#SusPed	358.738281	77	0
#SofPed	358.779948	0	0
#SofPed	358.785156	60	0
#SusPed	359.429688	0	0
#SusPed	359.440104	69	0
#SusPed	359.779948	0	0
#SusPed	359.792969	65	0
#SofPed	359.878906	0	0
#SofPed	359.886719	61	0
#SusPed	361.128906	0	0
#SusPed	361.141927	74	0
#SusPed	361.759115	0	0
#SusPed	361.765625	82	0
#SofPed	365.889323	0	0
#SusPed	367.769531	0	0
#SusPed	369.644531	78	0
#SusPed	371.000000	0	0
#SusPed	371.013021	84	0
#SusPed	371.089844	0	0
#SusPed	371.104167	74	0
#SusPed	371.699219	0	0
#SusPed	371.712240	77	0
#SusPed	371.809896	0	0
#SusPed	371.821615	87	0
#SusPed	373.579427	0	0
#SusPed	373.589844	97	0
#SusPed	373.859375	0	0
#SusPed	373.865885	97	0
#SusPed	374.559896	0	0
#SusPed	374.565104	85	0
#SusPed	375.158854	0	0
#SusPed	375.167969	89	0
#SusPed	375.859375	0	0
#SusPed	375.872396	76	0
#SusPed	376.069010	0	0
#SusPed	376.076823	65	0
#SusPed	377.449219	0	0
#SusPed	377.462240	72	0
#SusPed	380.419271	0	0
#SusPed	380.427083	65	0
#SusPed	380.559896	0	0
#SusPed	380.567708	77	0
#SusPed	383.019531	0	0
#SusPed	383.024740	73	0
#SusPed	383.779948	0	0
#SusPed	383.792969	72	0
#SusPed	384.149740	0	0
#SusPed	384.154948	79	0
#SofPed	384.632812	72	0
#SofPed	385.019531	0	0
#SofPed	385.033854	58	0
#SofPed	385.250000	0	0
#SofPed	385.255208	49	0
#SofPed	385.779948	0	0
#SofPed	385.791667	56	0
#SofPed	385.839844	0	0
#SofPed	385.848958	52	0
#SusPed	385.848958	0	0
#SusPed	385.864583	90	0
#SusPed	386.019531	0	0
#SusPed	386.031250	83	0
#SofPed	386.069010	0	0
#SofPed	386.083333	49	0
#SofPed	387.279948	0	0
#SofPed	387.285156	44	0
#SofPed	387.500000	0	0
#SusPed	387.569010	0	0
#SusPed	387.583333	77	0
#SusPed	387.769531	0	0
#SusPed	387.774740	97	0
#SusPed	391.309896	0	0
#SusPed	391.320312	86	0
#SusPed	391.500000	0	0
#SusPed	391.509115	80	0
#SusPed	393.378906	0	0
#SusPed	393.386719	84	0
#SusPed	393.559896	0	0
#SusPed	393.572917	81	0
#SusPed	397.938802	0	0
#SusPed	397.944010	98	0
#SusPed	401.968750	0	0
#SusPed	401.980469	85	0
#SusPed	402.019531	0	0
#SusPed	402.024740	66	0
#SusPed	402.158854	0	0
#SusPed	402.173177	83	0
#SusPed	402.979167	0	0
#SusPed	402.993490	95	0
#SusPed	403.339844	0	0
#SusPed	403.351562	98	0
#SusPed	403.459635	0	0
#SusPed	403.473958	93	0
#SusPed	403.688802	0	0
#SusPed	403.696615	89	0
#SusPed	403.799479	0	0
#SusPed	403.805990	94	0
#SusPed	403.938802	0	0
#SusPed	403.947917	96	0
#SusPed	404.158854	0	0
#SusPed	404.170573	92	0
#SusPed	407.489583	0	0
#SusPed	407.503906	104	0
#SusPed	407.769531	0	0
#SusPed	407.781250	102	0
#SusPed	408.378906	0	0
#SusPed	408.385417	90	0
#SusPed	408.449219	0	0
#SusPed	408.454427	87	0
#SusPed	408.929688	0	0
#SusPed	408.944010	70	0
#SusPed	414.938802	0	0
#SofPed	418.666667	88	0
#SofPed	419.989583	0	0
