//Version: PianoRoll_v170101
0	0.994792	3.569010	G4	77	80	0
1	1.050781	1.729167	B3	47	80	0
2	1.656250	2.149740	D4	48	80	0
3	2.135417	2.688802	G2	35	80	0
4	2.162760	2.769531	B3	41	80	0
5	2.661458	3.199219	D4	53	80	0
6	3.173177	3.979167	C2	41	80	0
7	3.186198	3.699219	B3	47	80	0
8	3.744792	4.438802	A4	79	80	0
9	3.812500	4.408854	E4	50	80	0
10	4.311198	5.139323	F#4	74	80	0
11	4.352865	5.019531	E3	44	80	0
12	4.355469	4.938802	E2	35	80	0
13	4.361979	4.979167	B3	43	80	0
14	4.858073	5.524740	E4	77	80	0
15	5.416667	6.479167	D4	67	80	0
16	5.446615	6.269531	F#3	43	80	0
17	5.450521	5.789062	D2	41	80	0
18	6.003906	6.389323	B3	57	80	0
19	6.544271	7.389323	E4	65	80	0
20	6.552083	6.968750	B2	44	80	0
21	6.585938	7.259115	F#3	37	80	0
22	7.101562	7.378906	F#4	60	80	0
23	7.144531	7.289062	B3	44	80	0
24	7.723958	8.669271	F#4	62	80	0
25	7.744792	8.348958	E2	41	80	0
26	7.750000	8.468750	G3	45	80	0
27	8.243490	8.688802	E4	60	80	0
28	8.295573	8.669271	B3	44	80	0
29	8.821615	9.639323	E4	57	80	0
30	8.863281	9.509115	D3	35	80	0
31	8.863281	9.489583	G3	39	80	0
32	9.449219	9.709635	B3	55	80	0
33	10.214844	13.009115	B4	84	80	0
34	10.286458	11.029948	C4	36	80	0
35	10.859375	11.609375	E4	52	80	0
36	11.347656	11.929688	C4	47	80	0
37	11.355469	11.919271	G3	45	80	0
38	11.864583	12.739583	E4	53	80	0
39	12.408854	13.359375	C4	49	80	0
40	12.411458	13.319010	A2	40	80	0
41	12.946615	13.585938	C5	79	80	0
42	13.537760	15.309896	A4	65	80	0
43	13.571615	14.669271	G3	49	80	0
44	13.582031	14.279948	C4	45	80	0
45	14.045573	14.688802	G4	71	80	0
46	14.100260	14.658854	E4	45	80	0
47	14.609375	15.750000	F#4	71	80	0
48	14.644531	16.609375	D3	43	80	0
49	14.653646	15.250000	C4	45	80	0
50	15.170573	15.729167	D4	55	80	0
51	15.665365	16.348958	G4	64	80	0
52	15.667969	16.419271	C4	58	80	0
53	16.227865	17.509115	A4	70	80	0
54	16.260417	16.949219	D4	49	80	0
55	16.803385	17.109375	B3	51	80	0
56	16.804688	17.218750	G2	40	80	0
57	17.345052	18.079427	B4	81	80	0
58	17.385417	18.369792	G2	34	80	0
59	17.403646	17.968750	D4	37	80	0
60	17.933594	18.789062	G4	71	80	0
61	17.984375	18.639323	B3	51	80	0
62	17.986979	18.729167	F#3	42	80	0
63	18.500000	19.069010	F#4	70	80	0
64	18.548177	18.839844	D4	47	80	0
65	19.045573	21.509115	E4	64	80	0
66	19.076823	19.669271	B3	41	80	0
67	19.078125	19.569010	C3	40	80	0
68	19.572917	20.218750	C4	44	80	0
69	19.576823	20.209635	C3	35	80	0
70	20.165365	20.959635	F#4	57	80	0
71	20.174479	20.968750	B3	50	80	0
72	20.716146	21.669271	G4	54	80	0
73	20.785156	21.529948	C4	31	80	0
74	21.308594	22.109375	A3	36	80	0
75	21.312500	23.039062	F#2	35	80	0
76	21.864583	23.049479	A4	62	80	0
77	21.868490	22.848958	C4	55	80	0
78	22.493490	23.169271	F#4	52	80	0
79	22.544271	23.009115	A3	33	80	0
80	22.549479	23.169271	E3	34	80	0
81	23.053385	23.709635	E4	56	80	0
82	23.079427	23.569010	C4	34	80	0
83	23.595052	26.429688	F#4	49	80	0
84	23.608073	24.854167	B2	42	80	0
85	23.610677	24.899740	F#3	47	80	0
86	24.160156	24.842448	B3	48	80	0
87	24.726562	25.359375	D4	45	80	0
88	25.304688	26.329427	B3	45	80	0
89	25.881510	27.329427	F#2	62	80	0
90	26.552083	27.500000	A4	71	80	0
91	26.562500	27.259115	C4	67	80	0
92	26.584635	27.059896	E4	50	80	0
93	27.253906	27.908854	B3	65	80	0
94	27.263021	28.229167	F#4	68	80	0
95	27.265625	28.059896	G2	54	80	0
96	27.867188	29.119792	A2	59	80	0
97	27.872396	28.729167	E4	64	80	0
98	27.878906	28.549479	F#3	59	80	0
99	27.881510	28.699219	C4	58	80	0
100	28.615885	30.319010	D3	66	80	0
101	28.619792	30.069010	F#4	67	80	0
102	28.623698	30.139323	B3	62	80	0
103	29.248698	30.378906	D4	74	80	0
104	29.934896	30.468750	B4	81	80	0
105	31.058594	32.819010	B1	71	80	0
106	32.825521	34.309896	B4	72	80	0
107	32.832031	33.609375	B1	38	80	0
108	33.973958	34.598958	B3	47	80	0
109	34.006510	34.438802	C4	41	80	0
110	34.283854	34.989583	E4	34	80	0
111	34.501302	34.779948	G4	42	80	0
112	34.625000	35.158854	B4	56	80	0
113	34.713542	35.679688	E5	66	80	0
114	34.976562	36.649740	A1	39	80	0
115	35.963542	36.859375	E4	42	80	0
116	36.438802	38.329427	B3	75	80	0
117	36.501302	38.329427	G4	47	80	0
118	37.033854	38.149740	E4	54	80	0
119	37.582031	38.429688	C4	44	80	0
120	38.144531	39.529948	A3	66	80	0
121	38.145833	39.199219	A4	67	80	0
122	38.164062	39.139323	E4	51	80	0
123	38.864583	40.179688	D5	65	80	0
124	38.868490	39.869792	D4	62	80	0
125	38.878906	39.699219	G4	50	80	0
126	39.404948	39.769531	B3	66	80	0
127	39.423177	39.759115	B4	64	80	0
128	39.433594	41.128906	E4	45	80	0
129	39.954427	40.878906	B4	64	80	0
130	39.954427	40.259115	B3	58	80	0
131	39.984375	40.218750	C4	52	80	0
132	40.604167	41.269531	D2	41	80	0
133	40.638021	41.348958	A2	41	80	0
134	40.649740	40.859375	F#3	41	80	0
135	41.115885	43.289062	F#3	71	80	0
136	41.121094	42.199219	A4	71	80	0
137	41.662760	42.628906	E4	61	80	0
138	42.125000	43.319010	G4	67	80	0
139	42.134115	43.289062	B3	66	80	0
140	42.644531	43.549479	E4	54	80	0
141	43.170573	44.419271	A4	77	80	0
142	43.174479	44.449219	A3	64	80	0
143	43.700521	44.009115	E4	59	80	0
144	44.252604	45.979167	G3	50	80	0
145	44.252604	44.259115	G2	46	80	0
146	44.255208	45.179688	E4	70	80	0
147	44.842448	45.500000	B3	48	80	0
148	45.355469	46.429688	E4	54	80	0
149	45.867188	46.269531	B4	48	80	0
150	46.420573	48.289062	E2	54	80	0
151	46.441406	47.809896	E4	44	80	0
152	47.117188	48.319010	D2	59	80	0
153	47.122396	48.039062	D3	55	80	0
154	47.126302	48.139323	D4	40	80	0
155	47.720052	48.309896	G2	50	80	0
156	47.722656	48.069010	G3	53	80	0
157	47.725260	48.329427	G4	50	80	0
158	48.303385	48.859375	F#3	47	80	0
159	48.312500	49.119792	F#4	43	80	0
160	48.313802	49.109375	F#2	49	80	0
161	48.315104	48.329427	C5	47	80	0
162	48.325521	48.339844	D5	47	80	0
163	48.983073	49.658854	E4	46	80	0
164	49.003906	50.029948	E3	43	80	0
165	49.005208	51.049479	E2	43	80	0
166	49.006510	49.059896	E5	52	80	0
167	49.613281	50.429688	B3	81	80	0
168	50.190104	51.059896	D4	83	80	0
169	50.191406	50.609375	B4	71	80	0
170	50.699219	51.539062	E4	92	80	0
171	51.364583	53.199219	F#4	88	80	0
172	51.369792	52.378906	G#3	79	80	0
173	51.382812	52.968750	D4	72	80	0
174	51.421875	52.769531	E2	50	80	0
175	51.425781	51.968750	E3	55	80	0
176	52.714844	53.339844	C4	75	80	0
177	52.726562	53.658854	F#3	59	80	0
178	52.761719	54.339844	A2	49	80	0
179	52.772135	54.009115	D2	52	80	0
180	53.252604	53.819010	B3	72	80	0
181	53.562500	54.209635	A3	71	80	0
182	54.153646	55.848958	B3	55	80	0
183	54.154948	55.658854	F#3	51	80	0
184	54.161458	56.688802	B2	48	80	0
185	54.162760	56.299479	D3	47	80	0
186	54.164062	56.789062	F#2	52	80	0
187	54.164062	56.899740	B1	46	80	0
188	54.164062	54.179688	F#1	50	80	0
189	56.430990	56.819010	B3	48	80	0
190	56.464844	57.369792	F#3	39	80	0
191	57.187500	57.759115	D4	43	80	0
192	57.194010	57.718750	B3	34	80	0
193	57.765625	58.188802	F#4	38	80	0
194	57.773438	58.449219	D4	30	80	0
195	58.345052	58.549479	B4	47	80	0
196	58.385417	58.519531	F#4	21	80	0
197	58.397135	58.500000	B3	18	80	0
198	59.109375	60.199219	F#5	65	80	0
199	59.156250	59.619792	D5	39	80	0
200	59.170573	60.750000	B1	27	80	0
201	59.173177	59.819010	B4	41	80	0
202	59.173177	59.500000	F#4	28	80	0
203	59.794271	60.128906	D5	37	80	0
204	59.821615	59.979167	A4	27	80	0
205	59.822917	59.938802	F#4	22	80	0
206	59.828125	60.169271	B4	31	80	0
207	60.356771	61.500000	G5	69	80	0
208	60.375000	60.949219	B4	43	80	0
209	60.381510	60.669271	G4	42	80	0
210	60.382812	60.949219	D5	38	80	0
211	60.957031	61.369792	B4	44	80	0
212	60.959635	61.309896	D5	41	80	0
213	60.960938	61.209635	G4	38	80	0
214	61.505208	61.718750	G5	45	80	0
215	61.513021	61.759115	D5	42	80	0
216	61.522135	61.759115	B4	36	80	0
217	61.523438	62.848958	B1	35	80	0
218	61.524740	61.718750	G4	35	80	0
219	62.157552	62.679688	F#5	60	80	0
220	62.164062	62.519531	A4	53	80	0
221	62.183594	62.529948	B4	47	80	0
222	62.187500	62.628906	D5	41	80	0
223	62.795573	63.098958	G5	63	80	0
224	62.803385	63.022135	B4	51	80	0
225	62.817708	63.011719	G4	50	80	0
226	62.825521	63.089844	D5	33	80	0
227	63.312500	63.529948	A5	56	80	0
228	63.328125	63.501302	F#4	49	80	0
229	63.328125	63.549479	D5	45	80	0
230	63.335938	63.598958	B4	49	80	0
231	63.884115	65.069010	D5	58	80	0
232	63.915365	64.214844	E4	43	80	0
233	63.919271	64.369792	G4	40	80	0
234	63.923177	64.438802	B4	43	80	0
235	63.946615	67.468750	B1	35	80	0
236	63.951823	63.959635	B2	31	80	0
237	64.503906	64.779948	B4	42	80	0
238	64.513021	64.829427	E4	40	80	0
239	64.514323	64.699219	G4	38	80	0
240	65.063802	66.289062	C#5	64	80	0
241	65.074219	65.500000	B4	53	80	0
242	65.104167	65.479167	E4	35	80	0
243	65.104167	65.489583	G4	36	80	0
244	65.110677	65.119792	B3	28	80	0
245	65.666667	65.979167	B4	45	80	0
246	65.703125	65.861979	G4	34	80	0
247	65.703125	65.919271	E4	31	80	0
248	66.233073	66.589844	B4	50	80	0
249	66.244792	66.519531	G4	42	80	0
250	66.252604	66.500000	E4	38	80	0
251	66.808594	67.399740	E4	58	80	0
252	66.813802	67.250000	B4	55	80	0
253	66.833333	67.158854	G4	41	80	0
254	67.428385	67.819010	B3	59	80	0
255	67.466146	67.718750	G4	42	80	0
256	67.466146	67.819010	B4	51	80	0
257	68.023438	69.539062	E4	49	80	0
258	68.057292	68.408854	B4	47	80	0
259	68.058594	68.529948	G4	43	80	0
260	68.682292	69.989583	D5	57	80	0
261	68.684896	69.309896	B4	50	80	0
262	68.692708	69.309896	F#4	45	80	0
263	68.725260	68.739583	B2	33	80	0
264	68.730469	70.598958	B1	36	80	0
265	69.315104	69.579427	F#4	45	80	0
266	69.316406	69.569010	G4	46	80	0
267	69.320312	69.709635	B4	52	80	0
268	69.885417	70.699219	E5	63	80	0
269	69.886719	70.259115	B4	52	80	0
270	69.894531	70.429688	E4	54	80	0
271	70.503906	70.769531	B4	53	80	0
272	70.514323	70.769531	G4	44	80	0
273	70.539062	70.739583	E4	29	80	0
274	71.044271	71.699219	B4	54	80	0
275	71.061198	71.889323	E4	41	80	0
276	71.067708	71.319010	B2	35	80	0
277	71.074219	73.489583	B1	39	80	0
278	71.662760	71.979167	F#4	53	80	0
279	71.662760	72.279948	D5	57	80	0
280	71.704427	72.098958	B4	32	80	0
281	72.252604	72.569010	E5	69	80	0
282	72.253906	72.639323	E4	58	80	0
283	72.278646	72.559896	B4	52	80	0
284	72.792969	73.069010	F#5	66	80	0
285	72.799479	73.079427	D4	46	80	0
286	72.807292	73.098958	B4	53	80	0
287	72.807292	72.819010	F#4	46	80	0
288	73.450521	73.949219	G4	46	80	0
289	73.451823	73.885417	C#4	46	80	0
290	73.464844	74.829427	B4	61	80	0
291	73.466146	73.908854	E4	44	80	0
292	73.501302	77.500000	B1	31	80	0
293	74.111979	74.819010	G4	40	80	0
294	74.119792	74.679688	E4	47	80	0
295	74.121094	74.679688	C#4	41	80	0
296	74.658854	75.348958	A4	66	80	0
297	74.677083	75.509115	F#2	31	80	0
298	74.686198	75.069010	C#4	36	80	0
299	74.687500	74.979167	E4	40	80	0
300	75.276042	75.549479	G4	46	80	0
301	75.294271	75.619792	C#4	39	80	0
302	75.299479	76.019531	E4	46	80	0
303	75.872396	78.000000	F#4	58	80	0
304	75.895833	76.479167	D4	48	80	0
305	75.898438	76.468750	C#4	46	80	0
306	76.483073	76.779948	C#4	37	80	0
307	76.485677	76.750000	D4	38	80	0
308	77.042969	77.500000	C#4	48	80	0
309	77.044271	77.628906	D4	49	80	0
310	77.631510	78.029948	C#4	51	80	0
311	77.635417	77.929688	D4	49	80	0
312	78.283854	79.250000	A4	78	80	0
313	78.312500	79.549479	A1	52	80	0
314	78.313802	78.938802	F#4	59	80	0
315	78.317708	79.549479	A2	49	80	0
316	78.328125	78.938802	D4	44	80	0
317	78.944010	79.199219	C#4	54	80	0
318	78.945312	79.319010	F#4	53	80	0
319	78.947917	79.239583	D4	53	80	0
320	79.532552	81.519531	B4	71	80	0
321	79.549479	79.930990	F#4	49	80	0
322	79.553385	79.936198	D4	53	80	0
323	79.557292	79.933594	B3	50	80	0
324	79.561198	80.769531	A1	39	80	0
325	79.562500	80.769531	A2	42	80	0
326	80.191406	80.750000	F#4	46	80	0
327	80.194010	80.485677	D4	47	80	0
328	80.200521	80.539062	B3	41	80	0
329	80.759115	81.218750	D4	44	80	0
330	80.761719	81.119792	F#4	45	80	0
331	80.764323	81.250000	B3	40	80	0
332	80.776042	81.389323	A1	37	80	0
333	80.778646	82.500000	A2	36	80	0
334	81.373698	81.848958	C#4	73	80	0
335	81.381510	82.089844	A4	70	80	0
336	81.386719	81.829427	F#4	59	80	0
337	81.395833	82.500000	A1	44	80	0
338	81.990885	82.500000	B4	78	80	0
339	82.005208	82.369792	F#4	58	80	0
340	82.007812	82.429688	B3	72	80	0
341	82.009115	82.309896	D4	61	80	0
342	82.516927	82.750000	C#5	75	80	0
343	82.516927	82.829427	F#4	64	80	0
344	82.524740	82.819010	D4	64	80	0
345	82.524740	82.829427	A3	64	80	0
346	82.531250	82.669271	A4	65	80	0
347	83.231771	84.639323	F#4	82	80	0
348	83.235677	84.269531	G3	71	80	0
349	83.238281	84.158854	D4	67	80	0
350	83.265625	84.579427	B2	55	80	0
351	83.274740	84.628906	E2	55	80	0
352	84.617188	86.500000	E4	74	80	0
353	84.623698	86.098958	G3	64	80	0
354	84.634115	85.959635	B3	65	80	0
355	84.636719	86.059896	E3	57	80	0
356	84.639323	84.878906	A3	62	80	0
357	84.644531	86.639323	A2	53	80	0
358	84.652344	84.789062	A1	45	80	0
359	86.463542	87.438802	A3	62	80	0
360	86.464844	87.039062	D4	65	80	0
361	86.472656	86.959635	F#3	62	80	0
362	86.476562	87.019531	D3	59	80	0
363	87.140625	87.628906	E4	71	80	0
364	87.149740	87.500000	G3	62	80	0
365	87.154948	87.539062	B3	62	80	0
366	87.154948	87.549479	E3	61	80	0
367	87.166667	87.549479	A2	60	80	0
368	87.744792	88.500000	F#4	68	80	0
369	87.752604	88.279948	D4	62	80	0
370	87.753906	88.199219	G3	63	80	0
371	87.755208	88.259115	B2	58	80	0
372	87.765625	88.259115	E2	53	80	0
373	88.473958	90.229167	E4	63	80	0
374	88.485677	90.000000	G3	51	80	0
375	88.494792	90.059896	B3	51	80	0
376	88.496094	89.569010	E3	47	80	0
377	88.507812	90.279948	A2	48	80	0
378	90.102865	90.889323	D4	45	80	0
379	90.104167	90.908854	A3	39	80	0
380	90.132812	90.908854	F#3	32	80	0
381	90.135417	90.908854	D3	34	80	0
382	90.136719	90.149740	D2	33	80	0
383	91.886719	92.949219	F#5	46	80	0
384	91.915365	92.449219	D5	34	80	0
385	91.919271	92.750000	A4	30	80	0
386	91.920573	92.500000	B2	23	80	0
387	91.923177	93.809896	B1	27	80	0
388	91.923177	92.589844	B4	33	80	0
389	92.587240	92.789062	D5	32	80	0
390	92.595052	92.908854	B4	34	80	0
391	93.164062	94.669271	G5	58	80	0
392	93.178385	93.839844	D5	41	80	0
393	93.187500	93.699219	B4	38	80	0
394	93.191406	94.079427	G4	37	80	0
395	93.832031	94.199219	B4	42	80	0
396	93.843750	94.139323	D5	40	80	0
397	94.417969	94.709635	B4	43	80	0
398	94.423177	94.606771	D5	45	80	0
399	94.423177	94.679688	G4	40	80	0
400	95.019531	95.509115	F#5	58	80	0
401	95.046875	95.408854	A4	41	80	0
402	95.054688	95.399740	B4	41	80	0
403	95.057292	95.369792	D5	38	80	0
404	95.625000	95.959635	G5	61	80	0
405	95.634115	95.929688	G4	50	80	0
406	95.635417	95.979167	B4	50	80	0
407	95.640625	95.959635	D5	48	80	0
408	96.210938	96.559896	A5	67	80	0
409	96.239583	96.529948	D5	41	80	0
410	96.239583	96.628906	B4	50	80	0
411	96.243490	96.589844	F#4	42	80	0
412	96.244792	96.259115	G4	40	80	0
413	96.884115	98.489583	D5	56	80	0
414	96.907552	97.519531	B4	49	80	0
415	96.915365	97.319010	G4	38	80	0
416	96.916667	97.348958	E4	35	80	0
417	96.928385	100.459635	E2	34	80	0
418	97.527344	98.079427	B4	50	80	0
419	97.532552	97.799479	G4	41	80	0
420	97.535156	97.839844	E4	49	80	0
421	98.144531	98.829427	C#5	61	80	0
422	98.201823	98.559896	E4	36	80	0
423	98.203125	98.489583	G4	39	80	0
424	98.774740	99.069010	G4	37	80	0
425	98.776042	99.079427	E4	35	80	0
426	98.781250	99.069010	B4	41	80	0
427	99.346354	99.739583	B4	43	80	0
428	99.348958	99.688802	E4	33	80	0
429	99.354167	99.658854	G4	35	80	0
430	99.934896	100.959635	E4	50	80	0
431	99.945312	100.609375	B4	56	80	0
432	99.954427	100.339844	G4	48	80	0
433	100.579427	101.489583	B3	51	80	0
434	100.623698	101.089844	B4	58	80	0
435	100.625000	101.000000	G4	45	80	0
436	101.207031	101.908854	E4	55	80	0
437	101.236979	101.658854	B4	58	80	0
438	101.244792	101.628906	G4	37	80	0
439	101.928385	102.979167	D5	62	80	0
440	101.950521	102.359375	B4	47	80	0
441	101.964844	105.149740	A2	31	80	0
442	101.967448	102.339844	G4	35	80	0
443	102.570312	102.929688	B4	54	80	0
444	102.576823	102.848958	F#4	45	80	0
445	102.576823	103.029948	G4	50	80	0
446	103.192708	104.929688	E5	63	80	0
447	103.195312	103.569010	B4	51	80	0
448	103.204427	103.789062	E4	49	80	0
449	103.813802	104.188802	B4	52	80	0
450	103.832031	104.259115	E4	38	80	0
451	103.834635	104.179688	G4	42	80	0
452	104.407552	104.739583	B4	43	80	0
453	104.414062	105.378906	E4	33	80	0
454	104.414062	104.919271	G4	36	80	0
455	104.973958	105.609375	D5	61	80	0
456	104.975260	105.479167	F#4	59	80	0
457	104.984375	105.468750	B4	56	80	0
458	105.571615	106.438802	E4	63	80	0
459	105.574219	106.169271	E5	71	80	0
460	105.585938	105.899740	B4	62	80	0
461	105.592448	105.829427	G4	56	80	0
462	106.134115	106.429688	F#5	66	80	0
463	106.153646	106.438802	G4	52	80	0
464	106.153646	106.429688	D4	50	80	0
465	106.153646	106.479167	B4	56	80	0
466	106.804688	107.679688	B4	64	80	0
467	106.812500	107.217448	C#4	48	80	0
468	106.813802	107.218750	E4	47	80	0
469	106.820312	107.223958	G4	47	80	0
470	107.404948	107.718750	C#4	51	80	0
471	107.411458	107.709635	G4	46	80	0
472	107.412760	107.739583	E4	46	80	0
473	107.957031	108.899740	A4	67	80	0
474	107.972656	109.259115	G4	61	80	0
475	107.973958	108.438802	C#4	50	80	0
476	107.977865	108.459635	E4	54	80	0
477	107.984375	108.699219	A1	41	80	0
478	107.985677	108.869792	A2	41	80	0
479	108.643229	108.929688	C#4	36	80	0
480	108.653646	109.250000	E4	42	80	0
481	109.195312	110.079427	F#4	65	80	0
482	109.216146	109.579427	C#4	59	80	0
483	109.229167	109.598958	D4	58	80	0
484	109.230469	111.419271	D2	45	80	0
485	109.766927	110.049479	C#4	53	80	0
486	109.779948	109.959635	D4	49	80	0
487	110.294271	110.643229	F#4	51	80	0
488	110.328125	110.649740	C#4	41	80	0
489	110.335938	110.579427	D4	40	80	0
490	110.841146	111.319010	F#4	50	80	0
491	110.852865	111.128906	C#4	46	80	0
492	110.867188	111.279948	D4	49	80	0
493	111.401042	114.539062	G1	52	80	0
494	111.471354	112.348958	A4	73	80	0
495	111.486979	111.929688	F#4	59	80	0
496	111.503906	111.949219	D4	44	80	0
497	112.041667	112.649740	F#4	51	80	0
498	112.055990	112.239583	C#4	45	80	0
499	112.061198	112.209635	D4	45	80	0
500	112.635417	114.619792	B4	74	80	0
501	112.653646	114.009115	G2	36	80	0
502	112.660156	113.059896	D4	46	80	0
503	112.661458	113.119792	F#4	46	80	0
504	112.670573	113.016927	B3	48	80	0
505	113.217448	113.639323	F#4	51	80	0
506	113.218750	113.537760	D4	40	80	0
507	113.223958	113.545573	B3	41	80	0
508	113.231771	113.239583	D3	40	80	0
509	113.774740	114.098958	F#4	49	80	0
510	113.779948	114.089844	D4	56	80	0
511	113.783854	114.229167	B3	49	80	0
512	114.302083	114.759115	A4	64	80	0
513	114.312500	114.750000	F#4	57	80	0
514	114.313802	114.709635	D4	60	80	0
515	114.914062	115.319010	B4	70	80	0
516	114.915365	115.309896	D4	66	80	0
517	114.919271	115.289062	F#4	59	80	0
518	114.921875	115.289062	B3	60	80	0
519	114.925781	115.429688	B2	49	80	0
520	114.928385	115.699219	B1	46	80	0
521	115.511719	115.739583	C#5	75	80	0
522	115.514323	115.829427	A3	69	80	0
523	115.515625	115.739583	A4	74	80	0
524	115.516927	115.809896	F#4	68	80	0
525	116.195312	117.489583	F#4	71	80	0
526	116.203125	117.149740	G#3	69	80	0
527	116.208333	117.019531	C#4	72	80	0
528	116.209635	117.079427	D4	71	80	0
529	116.213542	116.938802	B2	61	80	0
530	116.220052	117.479167	E2	55	80	0
531	116.226562	116.239583	E1	59	80	0
532	117.451823	118.799479	E4	75	80	0
533	117.458333	118.878906	G3	66	80	0
534	117.463542	118.539062	B3	71	80	0
535	117.467448	118.809896	C#4	69	80	0
536	117.473958	118.809896	E3	61	80	0
537	117.480469	119.889323	A2	54	80	0
538	117.483073	118.658854	A1	50	80	0
539	119.255208	119.699219	D4	72	80	0
540	119.261719	119.679688	F#3	62	80	0
541	119.263021	119.718750	B3	65	80	0
542	119.263021	119.658854	A3	60	80	0
543	119.265625	119.688802	D2	47	80	0
544	119.266927	119.759115	D3	56	80	0
545	119.865885	120.359375	E4	74	80	0
546	119.884115	120.199219	G3	65	80	0
547	119.886719	120.239583	E3	60	80	0
548	119.893229	120.329427	C#4	62	80	0
549	119.895833	120.529948	A2	56	80	0
550	119.898438	120.029948	A1	53	80	0
551	120.453125	121.229167	F#4	70	80	0
552	120.460938	120.919271	G#3	63	80	0
553	120.466146	120.819010	B2	56	80	0
554	120.471354	120.938802	D4	67	80	0
555	120.473958	121.179688	E2	56	80	0
556	121.165365	122.309896	E4	62	80	0
557	121.174479	122.218750	G3	57	80	0
558	121.177083	122.500000	A2	49	80	0
559	121.178385	122.339844	C#4	60	80	0
560	121.182292	122.049479	E3	52	80	0
561	122.712240	123.359375	A3	41	80	0
562	122.716146	123.346354	D4	51	80	0
563	122.722656	123.358073	F#3	42	80	0
564	122.725260	123.359375	D3	40	80	0
565	124.041667	124.679688	F#4	77	80	0
566	124.042969	124.669271	G#3	78	80	0
567	124.045573	125.359375	D4	72	80	0
568	124.053385	124.688802	B2	63	80	0
569	124.053385	125.589844	E2	63	80	0
570	125.562500	127.750000	E4	72	80	0
571	125.569010	126.658854	C4	67	80	0
572	125.571615	126.829427	F#3	67	80	0
573	125.576823	127.339844	D2	70	80	0
574	125.580729	127.179688	A2	68	80	0
575	127.296875	128.039062	D4	67	80	0
576	127.298177	127.769531	Bb3	67	80	0
577	127.300781	127.789062	E3	65	80	0
578	127.307292	127.809896	G2	61	80	0
579	127.308594	127.819010	C2	59	80	0
580	128.005208	128.669271	E4	72	80	0
581	128.006510	128.359375	F#3	68	80	0
582	128.011719	128.619792	C4	64	80	0
583	128.023438	128.529948	D2	61	80	0
584	128.023438	128.399740	A2	61	80	0
585	128.575521	129.259115	F#4	70	80	0
586	128.583333	129.000000	G#3	63	80	0
587	128.587240	130.429688	D4	61	80	0
588	128.598958	129.009115	B2	55	80	0
589	128.604167	129.269531	E2	52	80	0
590	128.606771	128.619792	E1	57	80	0
591	129.242188	131.109375	E4	63	80	0
592	129.248698	130.139323	G3	56	80	0
593	129.253906	130.299479	B3	57	80	0
594	129.263021	129.609375	F3	55	80	0
595	129.266927	130.609375	G2	45	80	0
596	129.270833	130.139323	G1	45	80	0
597	130.087240	130.509115	F#3	53	80	0
598	130.087240	130.669271	G#3	55	80	0
599	131.093750	131.750000	D4	33	80	0
600	131.097656	131.979167	C4	32	80	0
601	131.098958	131.889323	A3	33	80	0
602	131.101562	131.919271	D3	29	80	0
603	131.104167	131.968750	A2	32	80	0
604	131.111979	131.889323	F#3	29	80	0
605	131.111979	131.938802	D2	28	80	0
606	132.339844	132.669271	G2	45	80	0
607	132.509115	132.595052	D3	44	80	0
608	132.664062	132.733073	B3	54	80	0
609	132.782552	132.949219	D4	45	80	0
610	132.953125	133.319010	B4	43	80	0
611	133.162760	135.869792	G5	61	80	0
612	133.735677	134.389323	D5	45	80	0
613	134.264323	134.449219	B3	43	80	0
614	134.266927	135.128906	B4	49	80	0
615	134.273438	134.899740	G4	37	80	0
616	134.274740	134.500000	D4	39	80	0
617	134.802083	135.339844	D5	49	80	0
618	135.044271	135.309896	C2	36	80	0
619	135.135417	135.649740	G2	43	80	0
620	135.283854	135.529948	E3	44	80	0
621	135.329427	136.369792	B4	47	80	0
622	135.799479	136.429688	E3	37	80	0
623	135.805990	135.819010	G3	37	80	0
624	135.820312	136.569010	A5	68	80	0
625	136.195312	136.429688	B3	32	80	0
626	136.384115	137.779948	B4	44	80	0
627	136.394531	137.019531	F#5	60	80	0
628	136.923177	137.619792	E5	69	80	0
629	137.179688	137.729167	D2	50	80	0
630	137.322917	137.979167	B2	45	80	0
631	137.326823	137.908854	B3	47	80	0
632	137.549479	138.639323	F#3	47	80	0
633	137.554688	138.179688	D5	59	80	0
634	138.066406	138.369792	B4	54	80	0
635	138.602865	139.188802	E5	64	80	0
636	138.613281	139.049479	B4	55	80	0
637	138.615885	138.938802	D4	43	80	0
638	139.156250	139.359375	F#5	60	80	0
639	139.178385	139.339844	B4	51	80	0
640	139.395833	139.989583	E2	47	80	0
641	139.463542	140.549479	B2	41	80	0
642	139.464844	140.449219	E4	51	80	0
643	139.566406	140.598958	B4	60	80	0
644	139.626302	140.389323	G3	50	80	0
645	139.674479	140.369792	F#5	62	80	0
646	140.212240	140.559896	E5	61	80	0
647	140.744792	141.529948	E5	59	80	0
648	140.757812	141.468750	E4	52	80	0
649	140.772135	141.279948	G4	50	80	0
650	140.772135	141.069010	B4	47	80	0
651	140.774740	141.259115	B3	41	80	0
652	140.782552	141.438802	G3	38	80	0
653	141.381510	141.598958	B4	56	80	0
654	141.940104	142.869792	C3	54	80	0
655	141.993490	143.429688	G3	45	80	0
656	142.118490	143.449219	B5	88	80	0
657	142.164062	142.839844	B4	66	80	0
658	142.173177	142.929688	C5	62	80	0
659	142.752604	143.479167	E5	41	80	0
660	142.753906	143.000000	E4	27	80	0
661	142.789062	142.799479	B3	19	80	0
662	143.221354	143.589844	E4	39	80	0
663	143.223958	143.889323	B4	51	80	0
664	143.250000	143.819010	C3	33	80	0
665	143.796875	144.539062	E5	39	80	0
666	143.945312	144.709635	A2	41	80	0
667	144.048177	144.750000	E3	37	80	0
668	144.230469	144.859375	C4	40	80	0
669	144.290365	144.598958	B4	54	80	0
670	144.294271	144.908854	C5	54	80	0
671	144.773438	145.079427	C6	68	80	0
672	144.800781	145.319010	E5	48	80	0
673	145.147135	145.459635	E4	36	80	0
674	145.233073	145.809896	C5	42	80	0
675	145.350260	145.938802	A5	66	80	0
676	145.386719	145.669271	G4	47	80	0
677	145.386719	145.869792	A4	50	80	0
678	145.884115	146.139323	G5	62	80	0
679	145.923177	146.529948	E5	48	80	0
680	146.134115	146.869792	B2	40	80	0
681	146.195312	147.859375	F#3	42	80	0
682	146.415365	147.049479	D4	41	80	0
683	146.455729	147.468750	F#5	64	80	0
684	146.462240	147.139323	F#4	47	80	0
685	147.024740	147.329427	B4	39	80	0
686	147.033854	147.509115	D5	40	80	0
687	147.548177	148.079427	G5	64	80	0
688	147.549479	147.919271	D4	36	80	0
689	147.553385	147.929688	B4	51	80	0
690	147.553385	147.839844	G4	48	80	0
691	147.558594	147.569010	B3	35	80	0
692	148.113281	148.519531	A5	66	80	0
693	148.135417	148.628906	D5	41	80	0
694	148.144531	148.149740	G2	30	80	0
695	148.145833	148.459635	A4	44	80	0
696	148.434896	149.000000	G2	36	80	0
697	148.501302	149.019531	D3	36	80	0
698	148.738281	148.929688	B3	49	80	0
699	148.753906	148.938802	F#4	53	80	0
700	148.760417	148.908854	B4	51	80	0
701	149.266927	149.609375	B5	63	80	0
702	149.296875	149.609375	B4	45	80	0
703	149.304688	149.669271	D5	40	80	0
704	149.571615	150.098958	D4	41	80	0
705	149.705729	149.859375	F#4	21	80	0
706	149.816406	150.389323	G5	63	80	0
707	149.826823	150.269531	B4	53	80	0
708	149.845052	150.229167	G4	44	80	0
709	150.368490	150.718750	F#5	57	80	0
710	150.371094	150.718750	D5	50	80	0
711	150.722656	152.489583	A2	40	80	0
712	150.792969	152.389323	E3	43	80	0
713	150.893229	151.729167	E5	59	80	0
714	150.897135	151.589844	E4	50	80	0
715	150.917969	151.209635	B4	50	80	0
716	150.923177	151.539062	C4	48	80	0
717	150.924479	151.089844	C5	52	80	0
718	151.433594	151.658854	C5	53	80	0
719	151.751302	152.259115	C5	45	80	0
720	151.752604	152.179688	C4	44	80	0
721	151.842448	152.079427	E4	43	80	0
722	151.933594	152.299479	A4	49	80	0
723	152.013021	152.378906	F#5	69	80	0
724	152.016927	152.299479	F#4	62	80	0
725	152.502604	152.750000	G5	74	80	0
726	152.523438	152.799479	C5	62	80	0
727	152.526042	152.679688	G4	58	80	0
728	152.662760	153.919271	F#2	55	80	0
729	152.773438	154.658854	C3	53	80	0
730	153.076823	153.658854	A3	54	80	0
731	153.082031	153.619792	A4	67	80	0
732	153.113281	153.718750	E4	61	80	0
733	153.608073	154.019531	A5	77	80	0
734	153.614583	154.079427	C5	64	80	0
735	154.203125	154.679688	A3	55	80	0
736	154.207031	154.609375	F#5	76	80	0
737	154.209635	154.609375	E4	59	80	0
738	154.213542	154.709635	C4	56	80	0
739	154.214844	154.579427	A4	63	80	0
740	154.226562	154.549479	F#4	59	80	0
741	154.786458	155.098958	E5	63	80	0
742	154.796875	155.029948	C5	55	80	0
743	155.372396	155.938802	B2	37	80	0
744	155.373698	157.399740	F#3	39	80	0
745	155.414062	156.500000	F#5	61	80	0
746	155.414062	156.188802	D4	39	80	0
747	155.421875	156.158854	F#4	42	80	0
748	155.423177	156.218750	B4	48	80	0
749	156.035156	156.479167	D5	49	80	0
750	156.625000	156.989583	D4	45	80	0
751	156.626302	157.389323	B4	56	80	0
752	156.627604	157.229167	F#4	46	80	0
753	156.640625	157.149740	B3	46	80	0
754	157.231771	157.919271	D5	51	80	0
755	157.893229	158.709635	C5	57	80	0
756	157.930990	159.639323	F#2	41	80	0
757	157.934896	158.348958	A4	39	80	0
758	158.661458	160.188802	A4	70	80	0
759	158.701823	159.359375	C4	54	80	0
760	158.701823	159.399740	E4	54	80	0
761	159.381510	160.239583	F#4	68	80	0
762	159.401042	160.179688	D4	56	80	0
763	159.401042	159.769531	B3	54	80	0
764	159.402344	160.119792	B2	50	80	0
765	160.054688	161.109375	E4	69	80	0
766	160.065104	161.049479	D3	54	80	0
767	160.070312	161.049479	F#3	53	80	0
768	160.074219	160.949219	C4	60	80	0
769	160.944010	162.438802	B2	50	80	0
770	160.944010	161.509115	F#4	62	80	0
771	160.951823	161.628906	D4	63	80	0
772	160.953125	161.529948	B3	57	80	0
773	162.214844	162.989583	B5	85	80	0
774	162.273438	164.128906	B4	62	80	0
775	163.501302	165.769531	B1	69	80	0
776	165.524740	165.899740	B5	58	80	0
777	165.544271	166.089844	B4	54	80	0
778	166.451823	167.239583	B3	67	80	0
779	166.845052	167.149740	C4	48	80	0
780	167.014323	167.218750	E4	48	80	0
781	167.139323	167.289062	B4	64	80	0
782	167.252604	167.609375	C5	50	80	0
783	167.307292	167.598958	E5	65	80	0
784	167.406250	167.519531	B5	70	80	0
785	167.690104	168.639323	A2	41	80	0
786	167.690104	169.259115	B3	50	80	0
787	167.742188	168.869792	B4	49	80	0
788	168.683594	169.369792	C5	47	80	0
789	168.684896	169.429688	E5	50	80	0
790	169.209635	170.669271	C4	53	80	0
791	169.223958	170.929688	E4	43	80	0
792	169.819010	170.598958	C5	49	80	0
793	169.824219	170.739583	E5	48	80	0
794	170.386719	171.250000	B3	59	80	0
795	170.394531	170.919271	B4	59	80	0
796	171.261719	171.759115	A5	73	80	0
797	171.266927	171.679688	A4	69	80	0
798	171.273438	172.119792	A3	56	80	0
799	171.283854	171.598958	G4	56	80	0
800	171.296875	171.759115	E4	38	80	0
801	171.891927	172.250000	D6	78	80	0
802	171.897135	172.389323	D5	65	80	0
803	171.901042	172.829427	D4	57	80	0
804	172.406250	172.908854	B3	62	80	0
805	172.411458	172.750000	B5	76	80	0
806	172.421875	173.259115	E4	56	80	0
807	172.423177	173.098958	E5	65	80	0
808	172.425781	172.779948	B4	67	80	0
809	173.001302	173.239583	B3	52	80	0
810	173.001302	173.259115	B5	75	80	0
811	173.023438	173.359375	B4	63	80	0
812	173.634115	173.869792	A2	44	80	0
813	173.636719	173.859375	D2	43	80	0
814	173.673177	173.778646	F#3	46	80	0
815	173.674479	173.786458	E4	43	80	0
816	173.704427	173.800781	C4	31	80	0
817	174.160156	175.779948	F#3	67	80	0
818	174.191406	175.098958	A5	75	80	0
819	174.213542	174.938802	A4	58	80	0
820	174.786458	175.359375	E4	47	80	0
821	174.786458	175.149740	C4	46	80	0
822	174.790365	175.598958	E5	55	80	0
823	175.255208	175.908854	B3	62	80	0
824	175.261719	176.009115	G5	74	80	0
825	175.264323	175.979167	G4	63	80	0
826	175.846354	176.649740	E5	49	80	0
827	175.852865	176.250000	C4	41	80	0
828	175.855469	176.529948	E4	41	80	0
829	175.859375	176.079427	C5	42	80	0
830	176.354167	177.438802	A5	74	80	0
831	176.354167	177.269531	A3	59	80	0
832	176.354167	177.500000	A4	66	80	0
833	176.356771	176.500000	C4	53	80	0
834	176.903646	177.259115	E5	54	80	0
835	176.904948	177.218750	E4	44	80	0
836	176.906250	177.589844	C4	45	80	0
837	176.907552	177.549479	C5	47	80	0
838	177.454427	177.938802	E5	64	80	0
839	177.455729	178.089844	E4	60	80	0
840	177.481771	179.339844	G3	55	80	0
841	178.076823	178.759115	B3	41	80	0
842	178.095052	178.959635	E4	35	80	0
843	178.134115	178.699219	E5	54	80	0
844	178.140625	178.729167	B4	58	80	0
845	179.180990	179.408854	B3	32	80	0
846	179.183594	179.459635	E4	26	80	0
847	179.794271	180.559896	E4	44	80	0
848	179.803385	180.149740	E3	41	80	0
849	179.808594	180.299479	E2	40	80	0
850	180.513021	181.179688	D3	41	80	0
851	180.514323	180.908854	D4	47	80	0
852	180.514323	181.009115	C3	45	80	0
853	180.526042	181.139323	D2	39	80	0
854	180.529948	181.029948	C5	49	80	0
855	180.533854	180.848958	C4	42	80	0
856	181.154948	181.529948	G3	50	80	0
857	181.154948	181.789062	G2	46	80	0
858	181.162760	181.839844	G5	60	80	0
859	181.164062	181.169271	G4	49	80	0
860	181.774740	182.359375	F#4	45	80	0
861	181.774740	182.188802	F#5	53	80	0
862	181.795573	182.229167	C3	36	80	0
863	181.803385	182.378906	F#2	34	80	0
864	181.803385	182.500000	C5	45	80	0
865	182.485677	182.878906	E4	43	80	0
866	182.494792	183.139323	E5	52	80	0
867	182.496094	182.869792	E3	43	80	0
868	182.503906	183.319010	E2	44	80	0
869	182.507812	183.209635	B2	44	80	0
870	183.132812	183.968750	B3	82	80	0
871	183.881510	184.709635	D4	88	80	0
872	183.884115	184.750000	B4	82	80	0
873	184.569010	185.119792	E4	96	80	0
874	185.045573	186.589844	D4	73	80	0
875	185.046875	185.809896	F#4	80	80	0
876	185.053385	185.859375	G#3	78	80	0
877	185.062500	185.878906	E2	62	80	0
878	185.065104	186.049479	B2	61	80	0
879	185.070312	185.079427	E1	60	80	0
880	185.615885	186.889323	D5	92	80	0
881	186.496094	187.329427	A2	89	80	0
882	186.501302	186.756510	D2	85	80	0
883	187.084635	187.729167	C5	87	80	0
884	187.085938	188.579427	E4	79	80	0
885	187.089844	187.579427	C4	74	80	0
886	187.091146	187.459635	F#3	73	80	0
887	187.623698	188.069010	B4	89	80	0
888	187.963542	188.519531	A4	86	80	0
889	188.145833	188.628906	G1	83	80	0
890	188.148438	188.739583	G2	83	80	0
891	188.684896	191.419271	F#3	75	80	0
892	188.684896	192.500000	B3	79	80	0
893	188.687500	190.559896	B4	75	80	0
894	188.692708	189.229167	F#2	76	80	0
895	188.692708	189.949219	F#4	75	80	0
896	192.037760	194.919271	E4	68	80	0
897	192.049479	193.539062	E2	46	80	0
898	192.061198	192.069010	E1	48	80	0
899	194.417969	195.218750	D4	43	80	0
900	194.424479	196.369792	D2	37	80	0
901	194.424479	194.438802	D1	36	80	0
902	196.010417	197.169271	G5	60	80	0
903	196.042969	196.049479	G1	23	80	0
904	196.822917	197.309896	Bb5	64	80	0
905	197.444010	198.149740	C6	67	80	0
906	197.480469	198.128906	Bb5	54	80	0
907	197.486979	199.109375	G5	60	80	0
908	198.014323	198.759115	D6	75	80	0
909	198.575521	200.059896	F6	77	80	0
910	199.139323	199.889323	D5	63	80	0
911	199.644531	200.079427	Bb5	58	80	0
912	199.654948	200.309896	G5	57	80	0
913	200.136719	200.809896	E6	67	80	0
914	200.143229	201.119792	D5	49	80	0
915	200.757812	201.119792	D6	56	80	0
916	200.769531	201.158854	Bb5	58	80	0
917	200.785156	201.169271	G5	46	80	0
918	201.365885	201.859375	C5	45	80	0
919	201.367188	201.989583	E6	56	80	0
920	201.740885	202.139323	G4	47	80	0
921	201.984375	202.179688	C6	54	80	0
922	202.000000	202.093750	G5	54	80	0
923	202.005208	202.127604	Bb5	52	80	0
924	202.095052	202.979167	C5	38	80	0
925	202.514323	202.839844	D6	59	80	0
926	202.524740	202.989583	F5	57	80	0
927	202.526042	203.098958	A5	51	80	0
928	202.565104	203.199219	D4	35	80	0
929	203.031250	203.819010	G3	52	80	0
930	203.576823	204.408854	F4	58	80	0
931	203.584635	204.049479	A3	48	80	0
932	203.585938	204.000000	C4	55	80	0
933	204.098958	204.598958	A4	69	80	0
934	204.104167	204.639323	D4	61	80	0
935	204.108073	204.438802	C4	56	80	0
936	204.109375	204.889323	G3	47	80	0
937	204.613281	205.449219	F4	65	80	0
938	204.613281	205.500000	A4	65	80	0
939	204.615885	205.089844	C4	62	80	0
940	204.619792	204.968750	A3	56	80	0
941	205.093750	205.759115	D4	74	80	0
942	205.095052	205.750000	G3	55	80	0
943	205.115885	205.375000	A3	52	80	0
944	205.122396	205.479167	F3	55	80	0
945	205.565104	205.739583	A4	69	80	0
946	205.566406	205.859375	F4	70	80	0
947	205.566406	205.919271	A3	65	80	0
948	205.856771	206.769531	A4	72	80	0
949	205.873698	206.019531	C4	61	80	0
950	205.873698	206.109375	F4	56	80	0
951	206.082031	206.289062	G3	50	80	0
952	206.084635	206.339844	C4	45	80	0
953	206.214844	206.669271	D5	82	80	0
954	206.216146	206.658854	F4	60	80	0
955	206.576823	207.079427	B3	57	80	0
956	206.582031	209.109375	D3	56	80	0
957	206.632812	207.429688	E5	71	80	0
958	206.664062	207.839844	F4	39	80	0
959	207.153646	207.819010	G2	52	80	0
960	208.079427	208.559896	F4	73	80	0
961	208.091146	208.408854	C4	66	80	0
962	208.095052	208.509115	A3	56	80	0
963	208.565104	209.000000	A4	77	80	0
964	208.571615	208.839844	F4	58	80	0
965	208.572917	208.848958	C4	54	80	0
966	208.605469	208.750000	D4	51	80	0
967	208.621094	209.319010	G3	47	80	0
968	209.046875	209.559896	D5	74	80	0
969	209.059896	209.589844	A4	62	80	0
970	209.063802	209.399740	F4	54	80	0
971	209.066406	209.339844	C4	56	80	0
972	209.563802	210.799479	E5	74	80	0
973	209.579427	209.589844	G2	46	80	0
974	209.580729	210.489583	D3	47	80	0
975	209.589844	210.688802	F4	46	80	0
976	209.592448	209.929688	B3	45	80	0
977	209.595052	210.699219	A4	47	80	0
978	210.108073	210.579427	G2	41	80	0
979	211.550781	212.408854	E5	61	80	0
980	211.563802	212.269531	A4	49	80	0
981	211.593750	212.218750	F4	37	80	0
982	211.596354	211.919271	B3	41	80	0
983	211.600260	211.929688	G3	37	80	0
984	212.200521	213.468750	C5	59	80	0
985	212.231771	213.339844	C3	36	80	0
986	212.233073	212.799479	G3	38	80	0
987	212.770833	213.429688	F4	40	80	0
988	212.772135	213.419271	G4	42	80	0
989	213.286458	214.259115	G5	51	80	0
990	213.292969	214.059896	F5	50	80	0
991	213.998698	214.769531	E4	39	80	0
992	214.003906	215.029948	G4	41	80	0
993	214.005208	215.039062	C5	55	80	0
994	214.714844	217.209635	Eb4	48	80	0
995	214.714844	215.069010	Eb5	59	80	0
996	215.303385	215.869792	F5	70	80	0
997	215.326823	215.878906	Eb5	59	80	0
998	215.347656	215.839844	D5	50	80	0
999	215.842448	216.789062	G5	80	80	0
1000	215.854167	216.109375	C5	61	80	0
1001	216.350260	217.199219	Bb5	78	80	0
1002	216.378906	217.009115	Bb4	57	80	0
1003	216.388021	217.059896	Eb5	51	80	0
1004	216.391927	216.899740	C5	54	80	0
1005	216.871094	217.639323	G4	71	80	0
1006	217.352865	217.889323	Bb4	71	80	0
1007	217.373698	218.188802	C5	68	80	0
1008	217.375000	218.128906	Eb5	58	80	0
1009	217.830729	218.438802	A5	73	80	0
1010	217.833333	218.329427	A4	64	80	0
1011	218.401042	218.819010	G5	60	80	0
1012	218.424479	218.759115	G4	45	80	0
1013	218.425781	219.419271	C5	46	80	0
1014	218.429688	219.299479	Eb5	51	80	0
1015	219.019531	219.859375	A5	61	80	0
1016	219.023438	219.347656	F4	45	80	0
1017	219.373698	219.878906	C4	45	80	0
1018	219.592448	220.229167	F5	63	80	0
1019	219.636719	220.158854	C5	41	80	0
1020	219.640625	219.949219	Eb5	41	80	0
1021	219.744792	220.149740	F4	48	80	0
1022	220.144531	220.609375	G5	61	80	0
1023	220.173177	220.179688	D5	43	80	0
1024	220.175781	220.378906	G3	49	80	0
1025	220.177083	220.769531	Bb4	45	80	0
1026	220.694010	220.938802	C2	45	80	0
1027	220.695312	220.949219	G2	43	80	0
1028	221.312500	222.059896	Bb3	63	80	0
1029	221.322917	221.669271	Bb4	59	80	0
1030	221.324219	221.639323	D4	46	80	0
1031	221.326823	221.639323	F4	41	80	0
1032	221.824219	222.199219	D5	69	80	0
1033	221.825521	222.084635	D4	62	80	0
1034	221.828125	222.092448	F4	57	80	0
1035	221.833333	222.128906	A4	58	80	0
1036	222.304688	222.519531	Bb3	64	80	0
1037	222.316406	222.609375	Bb4	62	80	0
1038	222.319010	222.609375	F4	49	80	0
1039	222.321615	222.579427	D4	52	80	0
1040	222.813802	223.089844	Bb3	60	80	0
1041	222.815104	223.188802	G4	62	80	0
1042	222.816406	223.098958	G3	57	80	0
1043	222.817708	223.079427	G2	52	80	0
1044	222.822917	223.079427	D4	56	80	0
1045	222.830729	223.009115	C2	50	80	0
1046	223.352865	223.628906	Bb3	63	80	0
1047	223.352865	223.548177	Bb4	72	80	0
1048	223.352865	223.359375	F3	56	80	0
1049	223.354167	223.549479	D4	63	80	0
1050	223.354167	223.559896	F4	58	80	0
1051	223.674479	223.929688	D5	74	80	0
1052	223.680990	223.908854	D4	67	80	0
1053	223.680990	223.829427	F4	63	80	0
1054	223.680990	223.779948	A4	67	80	0
1055	223.692708	223.869792	Bb3	57	80	0
1056	223.957031	224.289062	F5	78	80	0
1057	223.971354	224.149740	F4	55	80	0
1058	223.980469	224.169271	Bb3	64	80	0
1059	223.984375	224.128906	A4	67	80	0
1060	223.984375	224.158854	Bb4	66	80	0
1061	223.984375	224.149740	D4	52	80	0
1062	223.990885	224.209635	D5	62	80	0
1063	224.317708	224.479167	G3	60	80	0
1064	224.324219	225.009115	E4	63	80	0
1065	224.333333	224.539062	Bb3	57	80	0
1066	224.378906	225.098958	A5	78	80	0
1067	224.394531	225.158854	D5	63	80	0
1068	224.398438	225.279948	Bb4	63	80	0
1069	224.881510	225.250000	G2	76	80	0
1070	224.893229	225.158854	C2	66	80	0
1071	225.794271	226.309896	G3	75	80	0
1072	225.798177	226.169271	D4	66	80	0
1073	225.803385	226.269531	Bb4	75	80	0
1074	225.803385	226.139323	D3	67	80	0
1075	225.803385	226.188802	Bb3	72	80	0
1076	225.813802	226.199219	F4	62	80	0
1077	226.343750	226.649740	F4	67	80	0
1078	226.343750	227.069010	Bb3	72	80	0
1079	226.345052	226.688802	D4	70	80	0
1080	226.345052	226.679688	F3	62	80	0
1081	226.345052	226.819010	D5	76	80	0
1082	226.346354	226.688802	Bb4	69	80	0
1083	226.815104	227.289062	F4	75	80	0
1084	226.816406	228.329427	A4	71	80	0
1085	226.819010	227.479167	F5	81	80	0
1086	226.820312	227.289062	D4	66	80	0
1087	226.824219	227.389323	A3	58	80	0
1088	226.825521	227.279948	D5	71	80	0
1089	227.395833	228.509115	A5	75	80	0
1090	227.415365	227.919271	E4	63	80	0
1091	227.420573	228.329427	D5	62	80	0
1092	227.421875	228.649740	Bb4	66	80	0
1093	227.421875	227.429688	D4	56	80	0
1094	227.423177	227.709635	Bb3	59	80	0
1095	227.423177	227.665365	G3	61	80	0
1096	228.044271	228.408854	G2	60	80	0
1097	228.046875	228.348958	C2	55	80	0
1098	229.295573	230.069010	A5	81	80	0
1099	229.313802	229.919271	A4	70	80	0
1100	229.324219	229.859375	E4	63	80	0
1101	229.324219	230.229167	E5	64	80	0
1102	229.324219	231.169271	C5	60	80	0
1103	229.337240	229.878906	C4	47	80	0
1104	229.355469	229.919271	Bb3	46	80	0
1105	230.048177	231.408854	F5	70	80	0
1106	230.067708	231.289062	F4	47	80	0
1107	230.083333	230.739583	Bb4	52	80	0
1108	230.089844	230.649740	Bb3	44	80	0
1109	230.092448	231.509115	C4	44	80	0
1110	230.098958	231.319010	F3	38	80	0
1111	230.584635	231.128906	A4	61	80	0
1112	230.588542	231.119792	A3	47	80	0
1113	231.067708	231.519531	G#4	57	80	0
1114	231.102865	231.539062	G#3	47	80	0
1115	231.572917	232.009115	Eb4	52	80	0
1116	231.574219	232.009115	Eb5	66	80	0
1117	231.592448	231.869792	B3	44	80	0
1118	231.622396	231.796875	G3	35	80	0
1119	231.626302	231.889323	F3	30	80	0
1120	232.231771	233.199219	C5	56	80	0
1121	232.243490	232.609375	F3	41	80	0
1122	232.246094	233.209635	C4	38	80	0
1123	232.247396	233.554688	G3	41	80	0
1124	232.257812	233.609375	C3	38	80	0
1125	232.261719	232.509115	G4	40	80	0
1126	232.759115	233.369792	E4	59	80	0
1127	232.769531	233.329427	E3	49	80	0
1128	233.296875	233.739583	Eb4	58	80	0
1129	233.302083	234.079427	Eb3	52	80	0
1130	233.867188	234.218750	Bb3	64	80	0
1131	233.873698	234.269531	Bb4	67	80	0
1132	233.885417	234.319010	D4	46	80	0
1133	233.890625	234.209635	F#3	46	80	0
1134	233.890625	234.269531	F#4	53	80	0
1135	233.893229	233.899740	F#2	39	80	0
1136	233.894531	234.121094	C3	40	80	0
1137	233.895833	234.059896	D3	41	80	0
1138	234.661458	236.539062	G3	78	80	0
1139	234.665365	235.539062	G4	69	80	0
1140	234.697917	237.500000	D3	51	80	0
1141	234.704427	236.139323	C4	43	80	0
1142	234.704427	236.158854	D4	45	80	0
1143	234.705729	237.500000	D2	46	80	0
1144	236.044271	237.489583	E3	61	80	0
1145	236.044271	237.669271	E4	62	80	0
1146	237.484375	238.309896	F#3	54	80	0
1147	237.485677	238.438802	F#4	55	80	0
1148	237.493490	238.309896	D4	53	80	0
1149	237.503906	238.289062	C4	47	80	0
1150	237.511719	238.949219	D2	37	80	0
1151	239.186198	239.769531	G3	41	80	0
1152	239.201823	239.739583	Bb3	44	80	0
1153	239.214844	239.839844	G2	33	80	0
1154	239.216146	239.679688	G1	32	80	0
1155	239.225260	239.718750	D4	32	80	0
1156	240.177083	241.628906	G5	63	80	0
1157	240.790365	241.239583	Bb5	65	80	0
1158	241.313802	241.979167	C6	72	80	0
1159	241.341146	241.929688	Bb5	62	80	0
1160	241.885417	242.408854	D6	75	80	0
1161	242.425781	242.938802	F6	72	80	0
1162	242.432292	242.899740	Bb5	67	80	0
1163	242.446615	242.908854	G5	59	80	0
1164	242.949219	243.878906	D5	59	80	0
1165	243.062500	243.135417	G5	59	80	0
1166	243.139323	243.212240	Bb5	63	80	0
1167	243.213542	243.359375	F6	69	80	0
1168	243.347656	243.979167	G6	73	80	0
1169	243.352865	244.109375	Bb5	62	80	0
1170	243.354167	244.339844	G5	62	80	0
1171	243.882812	244.389323	E6	74	80	0
1172	243.885417	244.899740	D5	55	80	0
1173	244.384115	244.389323	F6	66	80	0
1174	244.394531	245.019531	G6	68	80	0
1175	244.402344	244.699219	D6	66	80	0
1176	244.412760	245.079427	Bb5	54	80	0
1177	244.423177	245.019531	G5	55	80	0
1178	244.933594	245.459635	E6	70	80	0
1179	244.934896	245.309896	C5	54	80	0
1180	245.230469	245.489583	G4	54	80	0
1181	245.446615	245.542969	C6	60	80	0
1182	245.455729	245.579427	G5	53	80	0
1183	245.464844	245.542969	Bb5	53	80	0
1184	245.566406	245.699219	C5	58	80	0
1185	245.917969	246.549479	D4	45	80	0
1186	246.023438	246.279948	A4	60	80	0
1187	246.134115	246.289062	D5	53	80	0
1188	246.253906	246.313802	F5	67	80	0
1189	246.348958	246.489583	A5	63	80	0
1190	246.428385	246.515625	D6	59	80	0
1191	246.531250	246.596354	A6	66	80	0
1192	246.614583	247.289062	G3	62	80	0
1193	247.114583	247.579427	F4	63	80	0
1194	247.114583	247.239583	A4	55	80	0
1195	247.125000	247.459635	C4	54	80	0
1196	247.127604	247.569010	A3	51	80	0
1197	247.584635	248.019531	F4	47	80	0
1198	247.592448	248.468750	A4	57	80	0
1199	247.602865	248.000000	C4	47	80	0
1200	247.602865	248.128906	D4	48	80	0
1201	247.605469	248.329427	G3	48	80	0
1202	248.083333	248.899740	F4	57	80	0
1203	248.117188	248.899740	C4	52	80	0
1204	248.122396	248.399740	A3	50	80	0
1205	248.555990	249.149740	D4	64	80	0
1206	248.580729	249.169271	A4	63	80	0
1207	248.585938	249.348958	G3	57	80	0
1208	248.596354	248.889323	A3	55	80	0
1209	248.601562	248.949219	F3	55	80	0
1210	249.037760	249.250000	F4	74	80	0
1211	249.039062	249.378906	A3	65	80	0
1212	249.322917	249.658854	A4	71	80	0
1213	249.335938	249.539062	F4	63	80	0
1214	249.341146	249.438802	C4	60	80	0
1215	249.497396	249.789062	C4	54	80	0
1216	249.501302	249.709635	G3	59	80	0
1217	249.662760	250.128906	D5	81	80	0
1218	249.664062	251.128906	F4	56	80	0
1219	249.673177	250.229167	A4	61	80	0
1220	250.007812	252.158854	D3	55	80	0
1221	250.007812	250.789062	B3	55	80	0
1222	250.055990	250.919271	E5	81	80	0
1223	250.522135	251.709635	G2	52	80	0
1224	251.382812	252.139323	F4	68	80	0
1225	251.394531	251.729167	A4	63	80	0
1226	251.403646	251.769531	A3	55	80	0
1227	251.404948	251.699219	C4	56	80	0
1228	251.882812	253.869792	A4	69	80	0
1229	251.911458	252.179688	C4	49	80	0
1230	251.912760	252.149740	D4	50	80	0
1231	251.914062	252.348958	G3	44	80	0
1232	252.393229	252.789062	D5	66	80	0
1233	252.402344	253.878906	F4	51	80	0
1234	252.424479	252.537760	C4	44	80	0
1235	252.425781	252.649740	G3	42	80	0
1236	252.924479	253.889323	E5	68	80	0
1237	252.933594	253.359375	D3	45	80	0
1238	252.945312	253.218750	B3	39	80	0
1239	253.462240	253.759115	G2	44	80	0
1240	254.593750	255.209635	E5	64	80	0
1241	254.645833	254.989583	F4	39	80	0
1242	254.651042	254.899740	B3	42	80	0
1243	254.653646	254.878906	G3	41	80	0
1244	254.912760	255.000000	B3	28	80	0
1245	255.153646	255.809896	C5	63	80	0
1246	255.174479	256.389323	G3	40	80	0
1247	255.182292	255.459635	C3	35	80	0
1248	255.696615	256.259115	G4	45	80	0
1249	255.699219	256.859375	F4	43	80	0
1250	256.234375	256.938802	F5	54	80	0
1251	256.234375	257.000000	G5	53	80	0
1252	256.839844	257.479167	G4	37	80	0
1253	256.845052	257.889323	C5	53	80	0
1254	256.845052	257.429688	E4	35	80	0
1255	257.430990	257.869792	Eb5	57	80	0
1256	257.464844	261.679688	Eb4	34	80	0
1257	257.959635	258.519531	F5	66	80	0
1258	257.997396	258.559896	Eb5	51	80	0
1259	258.005208	258.451823	D5	47	80	0
1260	258.472656	258.779948	C5	52	80	0
1261	258.473958	259.109375	G5	57	80	0
1262	258.989583	259.519531	Bb5	60	80	0
1263	259.001302	259.312500	Bb4	53	80	0
1264	259.007812	259.438802	C5	49	80	0
1265	259.010417	259.529948	Eb5	44	80	0
1266	259.351562	259.609375	G4	45	80	0
1267	259.476562	260.079427	Bb4	52	80	0
1268	259.553385	259.878906	C5	52	80	0
1269	259.640625	259.718750	Eb5	56	80	0
1270	259.733073	260.199219	Bb5	70	80	0
1271	259.826823	260.459635	C6	62	80	0
1272	259.856771	260.579427	Eb5	49	80	0
1273	259.888021	260.598958	C5	34	80	0
1274	260.342448	260.859375	A5	70	80	0
1275	260.347656	260.839844	A4	52	80	0
1276	260.774740	261.169271	Bb5	67	80	0
1277	260.798177	261.339844	G5	64	80	0
1278	260.819010	261.489583	C5	54	80	0
1279	260.834635	261.489583	Eb5	43	80	0
1280	261.283854	261.929688	A5	71	80	0
1281	261.285156	261.535156	F4	52	80	0
1282	261.313802	261.609375	A4	48	80	0
1283	261.557292	261.938802	C4	47	80	0
1284	261.707031	262.218750	F5	70	80	0
1285	261.736979	261.908854	C5	53	80	0
1286	261.755208	261.979167	Eb5	43	80	0
1287	261.835938	262.179688	F4	52	80	0
1288	262.154948	262.669271	G5	75	80	0
1289	262.184896	262.468750	G3	60	80	0
1290	262.184896	262.199219	Bb4	51	80	0
1291	262.315104	262.406250	D4	50	80	0
1292	262.417969	262.476562	G4	56	80	0
1293	262.505208	262.669271	Bb4	63	80	0
1294	262.614583	263.029948	D5	63	80	0
1295	262.735677	262.979167	G5	60	80	0
1296	262.825521	262.958333	C2	43	80	0
1297	262.830729	263.069010	D6	69	80	0
1298	263.324219	263.626302	Bb4	57	80	0
1299	263.343750	263.679688	F4	46	80	0
1300	263.356771	263.959635	Bb3	44	80	0
1301	263.364583	263.679688	D4	35	80	0
1302	263.809896	264.079427	D4	55	80	0
1303	263.815104	264.128906	D5	61	80	0
1304	263.816406	264.049479	F4	55	80	0
1305	263.817708	263.929688	G3	46	80	0
1306	263.826823	264.059896	A4	55	80	0
1307	264.276042	264.489583	Bb3	67	80	0
1308	264.276042	264.579427	F4	41	80	0
1309	264.277344	264.429688	D4	45	80	0
1310	264.277344	264.679688	Bb4	62	80	0
1311	264.278646	264.429688	G3	49	80	0
1312	264.281250	264.289062	G2	43	80	0
1313	264.752604	265.069010	G4	66	80	0
1314	264.753906	265.049479	G2	55	80	0
1315	264.753906	265.019531	G3	65	80	0
1316	264.755208	264.919271	C2	52	80	0
1317	264.757812	264.936198	D4	59	80	0
1318	264.763021	264.941406	Bb3	65	80	0
1319	265.207031	265.361979	Bb4	69	80	0
1320	265.212240	265.609375	Bb3	68	80	0
1321	265.212240	265.303385	D4	59	80	0
1322	265.214844	265.319010	F4	52	80	0
1323	265.493490	265.929688	D5	73	80	0
1324	265.501302	265.729167	D4	58	80	0
1325	265.501302	265.669271	F4	59	80	0
1326	265.507812	265.729167	A4	57	80	0
1327	265.766927	266.000000	F5	80	80	0
1328	265.773438	265.938802	F4	59	80	0
1329	265.776042	266.359375	Bb3	56	80	0
1330	265.776042	265.959635	Bb4	65	80	0
1331	265.778646	265.908854	D4	51	80	0
1332	266.122396	266.334635	G3	62	80	0
1333	266.125000	266.489583	E4	69	80	0
1334	266.180990	266.688802	A5	65	80	0
1335	266.192708	267.009115	Bb4	64	80	0
1336	266.691406	266.899740	C2	53	80	0
1337	266.692708	266.949219	G2	54	80	0
1338	267.505208	267.899740	D4	65	80	0
1339	267.510417	268.149740	Bb4	73	80	0
1340	267.511719	268.039062	G3	58	80	0
1341	267.513021	267.919271	Bb3	65	80	0
1342	267.516927	267.908854	F4	61	80	0
1343	267.520833	267.929688	D3	57	80	0
1344	268.026042	268.389323	F3	55	80	0
1345	268.026042	268.359375	F4	61	80	0
1346	268.028646	268.419271	Bb3	58	80	0
1347	268.029948	268.339844	A4	65	80	0
1348	268.031250	268.329427	D5	71	80	0
1349	268.032552	268.389323	D4	64	80	0
1350	268.505208	268.878906	D4	61	80	0
1351	268.505208	269.039062	F5	83	80	0
1352	268.505208	268.697917	F4	74	80	0
1353	268.510417	268.750000	F3	56	80	0
1354	268.513021	268.697917	A4	72	80	0
1355	268.513021	268.708333	Bb3	63	80	0
1356	268.516927	268.919271	D5	74	80	0
1357	269.052083	270.009115	A5	70	80	0
1358	269.065104	269.949219	A4	72	80	0
1359	269.067708	269.378906	Bb3	60	80	0
1360	269.074219	269.889323	D5	62	80	0
1361	269.074219	269.938802	E5	63	80	0
1362	269.074219	269.339844	G3	55	80	0
1363	269.075521	270.139323	Bb4	72	80	0
1364	269.080729	269.408854	E4	58	80	0
1365	269.673177	269.989583	G2	50	80	0
1366	269.674479	269.908854	C2	47	80	0
1367	270.667969	271.209635	A5	79	80	0
1368	270.674479	271.119792	C5	62	80	0
1369	270.679688	271.089844	A4	64	80	0
1370	270.683594	271.289062	E5	63	80	0
1371	270.692708	271.098958	E4	50	80	0
1372	270.694010	271.179688	C4	48	80	0
1373	270.696615	271.149740	Bb3	49	80	0
1374	271.256510	272.438802	F5	75	80	0
1375	271.265625	272.339844	C5	64	80	0
1376	271.266927	272.468750	F4	57	80	0
1377	271.276042	271.968750	Bb4	65	80	0
1378	271.282552	271.979167	Bb3	53	80	0
1379	271.285156	272.549479	F3	45	80	0
1380	271.298177	272.199219	C4	49	80	0
1381	271.746094	272.259115	A4	70	80	0
1382	271.774740	272.250000	A3	45	80	0
1383	272.197917	272.489583	G#4	67	80	0
1384	272.200521	272.579427	G#3	55	80	0
1385	272.204427	272.598958	C4	45	80	0
1386	272.651042	273.019531	Eb5	82	80	0
1387	272.654948	273.049479	Eb4	66	80	0
1388	272.660156	273.109375	B4	65	80	0
1389	272.661458	273.098958	G3	56	80	0
1390	272.664062	273.029948	G4	66	80	0
1391	272.666667	272.899740	B3	54	80	0
1392	273.263021	274.329427	C5	74	80	0
1393	273.266927	274.549479	C4	63	80	0
1394	273.269531	273.839844	F4	58	80	0
1395	273.278646	274.500000	G3	53	80	0
1396	273.278646	274.468750	C3	56	80	0
1397	273.278646	274.000000	G4	59	80	0
1398	273.805990	274.449219	E4	63	80	0
1399	273.812500	274.359375	E3	47	80	0
1400	274.304688	274.609375	Eb4	55	80	0
1401	274.321615	274.639323	Eb3	50	80	0
1402	274.828125	275.052083	Bb3	59	80	0
1403	274.832031	275.158854	Bb4	60	80	0
1404	274.835938	275.119792	F#3	50	80	0
1405	274.838542	275.289062	F#4	49	80	0
1406	274.839844	275.128906	F#2	46	80	0
1407	274.839844	275.109375	D3	49	80	0
1408	274.845052	275.040365	D4	47	80	0
1409	275.455729	276.750000	G3	58	80	0
1410	275.460938	276.729167	C4	56	80	0
1411	275.462240	276.309896	G4	56	80	0
1412	275.466146	276.789062	D4	56	80	0
1413	275.471354	276.989583	D3	53	80	0
1414	275.473958	279.589844	D2	46	80	0
1415	276.587240	278.209635	E4	68	80	0
1416	276.589844	278.069010	E3	69	80	0
1417	278.013021	278.878906	F#3	51	80	0
1418	278.020833	278.899740	D4	47	80	0
1419	278.020833	278.959635	C4	45	80	0
1420	279.625000	280.569010	G3	40	80	0
1421	279.639323	280.549479	Bb3	44	80	0
1422	279.645833	280.579427	D4	37	80	0
1423	279.657552	280.519531	G2	33	80	0
1424	279.662760	280.579427	G1	33	80	0
1425	279.666667	280.399740	D3	32	80	0
1426	281.363281	281.729167	G2	36	80	0
1427	281.441406	281.699219	D3	39	80	0
1428	281.585938	281.889323	B3	53	80	0
1429	281.794271	282.669271	D4	46	80	0
1430	281.863281	282.899740	G5	66	80	0
1431	282.174479	282.519531	B4	53	80	0
1432	282.457031	282.779948	D5	52	80	0
1433	282.662760	283.009115	B4	53	80	0
1434	282.953125	283.699219	G4	41	80	0
1435	282.955729	283.239583	D4	30	80	0
1436	282.985677	283.179688	B3	29	80	0
1437	283.233073	283.589844	B4	52	80	0
1438	283.515625	283.859375	D5	45	80	0
1439	283.723958	284.289062	C2	45	80	0
1440	283.725260	284.128906	B4	49	80	0
1441	283.850260	284.158854	A2	29	80	0
1442	284.055990	284.369792	E3	46	80	0
1443	284.106771	284.509115	E4	49	80	0
1444	284.407552	284.679688	B4	60	80	0
1445	284.661458	284.908854	A5	65	80	0
1446	284.716146	284.858073	E5	40	80	0
1447	284.878906	285.289062	B4	58	80	0
1448	285.164062	285.878906	G4	56	80	0
1449	285.164062	285.509115	B3	47	80	0
1450	285.244792	285.839844	F#5	63	80	0
1451	285.527344	285.908854	B4	55	80	0
1452	285.789062	286.489583	E5	67	80	0
1453	285.954427	286.061198	D2	48	80	0
1454	286.003906	286.718750	B4	44	80	0
1455	286.065104	286.289062	B2	53	80	0
1456	286.199219	286.449219	F#3	52	80	0
1457	286.406250	287.049479	B3	54	80	0
1458	286.410156	287.128906	D5	66	80	0
1459	286.704427	287.049479	F#4	46	80	0
1460	286.953125	287.348958	B4	56	80	0
1461	287.152344	287.589844	F#4	47	80	0
1462	287.493490	288.039062	E5	66	80	0
1463	287.519531	287.889323	B4	48	80	0
1464	287.523438	287.929688	D4	38	80	0
1465	287.763021	288.089844	F#4	46	80	0
1466	288.067708	288.299479	F#5	64	80	0
1467	288.075521	288.329427	B4	52	80	0
1468	288.322917	288.468750	F#4	57	80	0
1469	288.421875	288.819010	E2	39	80	0
1470	288.467448	289.750000	B2	36	80	0
1471	288.595052	288.989583	F#5	66	80	0
1472	288.623698	289.839844	E4	57	80	0
1473	288.625000	290.069010	G3	58	80	0
1474	288.950521	289.269531	B4	52	80	0
1475	289.196615	289.459635	E5	62	80	0
1476	289.414062	289.859375	B4	56	80	0
1477	289.744792	290.169271	B3	48	80	0
1478	289.751302	290.149740	E5	64	80	0
1479	290.071615	290.399740	B4	56	80	0
1480	290.319010	290.649740	E5	58	80	0
1481	290.545573	290.739583	B4	64	80	0
1482	290.606771	293.059896	C3	41	80	0
1483	290.652344	292.628906	G3	51	80	0
1484	290.917969	291.878906	E4	65	80	0
1485	291.010417	291.718750	B5	87	80	0
1486	291.050781	291.639323	B4	60	80	0
1487	291.053385	291.438802	E5	46	80	0
1488	291.342448	291.639323	C5	53	80	0
1489	291.631510	291.979167	E5	57	80	0
1490	291.855469	292.069010	C5	53	80	0
1491	292.152344	292.269531	C5	60	80	0
1492	292.153646	292.549479	E4	45	80	0
1493	292.154948	292.479167	B4	61	80	0
1494	292.414062	292.718750	C5	55	80	0
1495	292.690104	293.039062	E5	58	80	0
1496	292.910156	293.299479	C5	55	80	0
1497	292.955729	294.029948	A2	40	80	0
1498	293.052083	294.069010	E3	41	80	0
1499	293.223958	293.779948	C4	53	80	0
1500	293.261719	293.579427	B4	62	80	0
1501	293.553385	293.779948	C5	60	80	0
1502	293.792969	293.938802	C5	60	80	0
1503	293.794271	294.309896	C4	39	80	0
1504	293.796875	294.000000	C6	68	80	0
1505	293.825521	294.128906	E5	54	80	0
1506	294.026042	294.158854	C5	65	80	0
1507	294.109375	294.419271	E4	48	80	0
1508	294.342448	294.899740	A5	72	80	0
1509	294.343750	294.529948	C5	56	80	0
1510	294.368490	294.609375	G4	50	80	0
1511	294.372396	294.569010	A4	53	80	0
1512	294.638021	294.919271	C5	60	80	0
1513	294.881510	295.119792	G5	67	80	0
1514	294.897135	295.169271	E5	59	80	0
1515	295.102865	295.399740	C5	49	80	0
1516	295.157552	295.938802	B2	37	80	0
1517	295.234375	296.589844	F#3	43	80	0
1518	295.447917	295.949219	D4	43	80	0
1519	295.451823	296.500000	F#5	71	80	0
1520	295.743490	296.029948	B4	56	80	0
1521	295.996094	296.186198	D5	52	80	0
1522	296.180990	296.399740	B4	63	80	0
1523	296.294271	296.699219	D4	41	80	0
1524	296.415365	296.609375	F#4	44	80	0
1525	296.533854	296.929688	G5	76	80	0
1526	296.535156	296.718750	B4	59	80	0
1527	296.562500	296.839844	G4	54	80	0
1528	296.783854	297.000000	B4	52	80	0
1529	297.054688	297.269531	A5	70	80	0
1530	297.078125	297.309896	D5	51	80	0
1531	297.266927	297.589844	B4	65	80	0
1532	297.341146	298.889323	G2	43	80	0
1533	297.412760	299.019531	D3	45	80	0
1534	297.578125	297.899740	F#4	65	80	0
1535	297.593750	297.929688	B3	47	80	0
1536	297.847656	298.069010	B4	59	80	0
1537	298.097656	298.289062	B5	77	80	0
1538	298.114583	298.348958	D5	48	80	0
1539	298.334635	298.539062	B4	66	80	0
1540	298.397135	298.848958	D4	49	80	0
1541	298.519531	298.718750	F#4	32	80	0
1542	298.652344	299.009115	G5	74	80	0
1543	298.683594	298.979167	G4	52	80	0
1544	298.686198	298.848958	B4	58	80	0
1545	298.944010	299.188802	B4	54	80	0
1546	299.153646	299.419271	F#5	71	80	0
1547	299.162760	299.389323	D5	55	80	0
1548	299.367188	299.549479	B4	63	80	0
1549	299.505208	300.959635	A2	44	80	0
1550	299.584635	300.789062	E3	40	80	0
1551	299.720052	300.750000	E5	72	80	0
1552	299.723958	300.479167	E4	65	80	0
1553	299.738281	300.329427	C4	48	80	0
1554	299.985677	300.229167	B4	58	80	0
1555	300.234375	300.424479	C5	56	80	0
1556	300.442708	300.628906	B4	64	80	0
1557	300.544271	300.779948	C4	40	80	0
1558	300.613281	300.889323	E4	43	80	0
1559	300.766927	301.149740	A4	59	80	0
1560	300.794271	301.199219	C4	41	80	0
1561	300.807292	301.098958	F#5	63	80	0
1562	300.808594	301.289062	F#4	66	80	0
1563	301.083333	301.329427	B4	60	80	0
1564	301.312500	301.598958	G5	70	80	0
1565	301.346354	301.609375	C5	64	80	0
1566	301.582031	301.789062	B4	63	80	0
1567	301.751302	302.279948	F#2	53	80	0
1568	301.835938	302.309896	C3	47	80	0
1569	301.912760	302.199219	E4	52	80	0
1570	301.934896	302.269531	A3	51	80	0
1571	302.162760	302.389323	A4	57	80	0
1572	302.429688	302.649740	C5	62	80	0
1573	302.430990	302.739583	A5	70	80	0
1574	302.635417	302.839844	A4	66	80	0
1575	302.798177	303.309896	C4	51	80	0
1576	302.859375	303.158854	E4	36	80	0
1577	302.960938	303.089844	A4	52	80	0
1578	302.989583	303.348958	F#5	67	80	0
1579	303.026042	303.378906	F#4	47	80	0
1580	303.274740	303.579427	A4	56	80	0
1581	303.497396	304.139323	E5	73	80	0
1582	303.555990	303.809896	C5	48	80	0
1583	303.743490	304.089844	A4	54	80	0
1584	303.796875	304.039062	B2	41	80	0
1585	303.835938	305.859375	F#3	47	80	0
1586	304.031250	304.589844	D4	47	80	0
1587	304.083333	305.389323	F#5	68	80	0
1588	304.356771	304.598958	B4	51	80	0
1589	304.623698	305.049479	D5	45	80	0
1590	304.847656	305.000000	B4	48	80	0
1591	305.122396	305.299479	B4	50	80	0
1592	305.158854	305.509115	D4	45	80	0
1593	305.194010	305.609375	F#4	38	80	0
1594	305.384115	305.709635	B4	48	80	0
1595	305.697917	306.049479	D5	41	80	0
1596	305.880208	306.289062	B4	49	80	0
1597	306.223958	307.419271	F#2	52	80	0
1598	306.264323	306.889323	C5	58	80	0
1599	306.294271	306.628906	A4	46	80	0
1600	306.514323	306.679688	E4	53	80	0
1601	306.786458	307.449219	A4	74	80	0
1602	306.822917	307.299479	E4	63	80	0
1603	307.074219	307.419271	C4	51	80	0
1604	307.368490	308.009115	F#4	74	80	0
1605	307.415365	308.000000	B2	51	80	0
1606	307.423177	307.869792	D4	52	80	0
1607	307.613281	307.908854	B3	59	80	0
1608	307.963542	308.789062	E4	71	80	0
1609	307.986979	308.789062	D3	54	80	0
1610	308.003906	308.419271	C4	51	80	0
1611	308.261719	308.709635	F#3	56	80	0
1612	308.428385	308.718750	C4	38	80	0
1613	308.673177	309.878906	F#4	63	80	0
1614	308.700521	310.029948	B3	47	80	0
1615	308.705729	310.259115	B2	42	80	0
1616	308.707031	310.968750	D4	46	80	0
1617	309.822917	311.598958	B4	72	80	0
1618	310.884115	312.029948	B1	56	80	0
1619	312.324219	313.419271	B5	68	80	0
1620	312.341146	313.449219	B4	70	80	0
1621	312.343750	312.679688	B1	35	80	0
1622	313.268229	313.929688	B3	62	80	0
1623	313.662760	313.929688	C4	55	80	0
1624	313.848958	314.019531	E4	50	80	0
1625	313.972656	314.098958	B4	61	80	0
1626	314.071615	314.209635	C5	61	80	0
1627	314.138021	314.399740	E5	65	80	0
1628	314.229167	314.628906	B5	73	80	0
1629	314.342448	315.669271	B4	61	80	0
1630	314.395833	317.059896	E3	38	80	0
1631	314.399740	314.789062	A1	42	80	0
1632	314.399740	316.519531	A2	42	80	0
1633	315.554688	316.149740	C5	45	80	0
1634	315.558594	315.859375	C4	30	80	0
1635	316.063802	317.199219	E4	22	80	0
1636	316.070312	317.109375	C4	33	80	0
1637	316.535156	317.089844	C5	44	80	0
1638	316.535156	317.209635	E5	52	80	0
1639	316.994792	317.679688	B3	50	80	0
1640	316.996094	317.279948	B4	53	80	0
1641	317.557292	318.009115	A5	80	80	0
1642	317.562500	318.169271	A4	73	80	0
1643	317.572917	317.968750	G4	65	80	0
1644	317.580729	318.949219	A3	52	80	0
1645	317.584635	318.309896	E4	53	80	0
1646	317.600260	317.979167	G5	56	80	0
1647	317.783854	318.029948	E5	47	80	0
1648	318.335938	318.739583	D6	79	80	0
1649	318.343750	318.613281	D5	66	80	0
1650	318.360677	318.889323	D4	46	80	0
1651	318.373698	319.199219	G4	44	80	0
1652	318.915365	319.269531	B5	67	80	0
1653	318.925781	319.289062	B4	66	80	0
1654	318.927083	319.299479	C5	66	80	0
1655	318.932292	319.658854	E4	52	80	0
1656	318.934896	319.339844	B3	55	80	0
1657	318.937500	319.549479	E5	59	80	0
1658	319.455729	319.658854	B5	66	80	0
1659	319.476562	319.718750	B4	58	80	0
1660	319.476562	319.688802	B3	55	80	0
1661	320.049479	320.329427	D2	45	80	0
1662	320.066406	320.429688	A2	48	80	0
1663	320.111979	320.277344	F#3	52	80	0
1664	320.114583	320.348958	E4	51	80	0
1665	320.126302	320.276042	C4	45	80	0
1666	320.593750	322.429688	F#3	66	80	0
1667	320.644531	321.348958	A5	68	80	0
1668	320.653646	321.299479	A4	59	80	0
1669	321.191406	321.619792	C4	42	80	0
1670	321.194010	321.919271	E5	49	80	0
1671	321.231771	321.619792	C5	28	80	0
1672	321.618490	322.679688	G5	70	80	0
1673	321.622396	322.250000	B3	61	80	0
1674	321.622396	322.438802	G4	60	80	0
1675	322.148438	322.899740	E4	44	80	0
1676	322.154948	322.819010	C4	44	80	0
1677	322.156250	322.959635	E5	56	80	0
1678	322.596354	323.779948	A5	73	80	0
1679	322.604167	323.359375	A3	61	80	0
1680	322.605469	323.709635	A4	69	80	0
1681	323.164062	323.739583	C4	45	80	0
1682	323.170573	323.419271	E4	40	80	0
1683	323.173177	323.479167	E5	49	80	0
1684	323.174479	323.769531	C5	50	80	0
1685	323.682292	324.149740	E5	65	80	0
1686	323.683594	324.339844	E4	58	80	0
1687	323.704427	324.949219	G3	56	80	0
1688	324.350260	324.859375	E5	55	80	0
1689	324.352865	324.878906	E4	45	80	0
1690	324.354167	324.869792	B3	40	80	0
1691	324.384115	324.819010	B4	46	80	0
1692	325.312500	325.519531	B3	25	80	0
1693	325.342448	327.049479	E5	46	80	0
1694	325.346354	326.789062	E4	36	80	0
1695	325.365885	326.878906	B4	40	80	0
1696	325.953125	326.639323	E2	44	80	0
1697	325.954427	326.359375	E3	43	80	0
1698	326.673177	326.959635	D4	48	80	0
1699	326.687500	327.429688	D3	45	80	0
1700	326.694010	327.419271	D2	46	80	0
1701	327.253906	328.000000	G5	54	80	0
1702	327.253906	327.579427	G4	47	80	0
1703	327.285156	327.479167	G3	40	80	0
1704	327.289062	327.559896	G2	39	80	0
1705	327.885417	328.119792	F#5	46	80	0
1706	327.885417	328.209635	F#3	32	80	0
1707	327.902344	328.500000	C5	41	80	0
1708	327.911458	328.209635	C3	29	80	0
1709	327.923177	328.438802	F#2	29	80	0
1710	328.595052	329.139323	E5	47	80	0
1711	328.595052	329.098958	E4	40	80	0
1712	328.604167	329.819010	E2	36	80	0
1713	328.604167	328.619792	G#4	39	80	0
1714	328.605469	329.139323	E3	36	80	0
1715	329.358073	330.449219	B2	65	80	0
1716	329.385417	330.359375	B3	75	80	0
1717	329.394531	329.889323	B4	66	80	0
1718	330.061198	330.628906	D3	75	80	0
1719	330.065104	331.179688	D4	86	80	0
1720	330.066406	330.959635	D5	77	80	0
1721	330.091146	331.239583	B4	73	80	0
1722	330.710938	331.569010	E4	89	80	0
1723	331.070312	331.459635	E2	84	80	0
1724	331.300781	331.425781	B2	85	80	0
1725	331.437500	331.506510	E3	69	80	0
1726	331.505208	331.669271	G#3	78	80	0
1727	331.602865	332.119792	D4	68	80	0
1728	331.701823	332.169271	F#4	82	80	0
1729	332.015625	333.579427	B5	83	80	0
1730	332.019531	333.699219	D5	78	80	0
1731	333.179688	333.489583	D2	87	80	0
1732	333.179688	333.468750	A2	91	80	0
1733	333.863281	335.739583	E5	83	80	0
1734	333.864583	334.679688	C5	81	80	0
1735	333.872396	334.658854	E4	81	80	0
1736	333.873698	334.729167	F#3	76	80	0
1737	333.877604	334.479167	C4	75	80	0
1738	334.526042	335.019531	B3	80	80	0
1739	334.529948	335.688802	B4	88	80	0
1740	334.884115	335.059896	A3	75	80	0
1741	334.893229	334.899740	A2	65	80	0
1742	334.942708	335.769531	A4	87	80	0
1743	335.481771	336.029948	G2	94	80	0
1744	335.483073	335.949219	G1	87	80	0
1745	336.195312	336.709635	F#3	93	80	0
1746	336.563802	336.929688	B3	69	80	0
1747	336.686198	336.804688	F#4	74	80	0
1748	336.795573	337.649740	B4	74	80	0
1749	336.898438	337.500000	F#5	81	80	0
1750	337.001302	337.500000	B5	85	80	0
1751	337.205729	338.098958	D6	90	80	0
1752	340.627604	342.389323	E4	84	80	0
1753	340.634115	342.000000	E3	72	80	0
1754	340.636719	342.500000	E2	65	80	0
1755	342.687500	343.399740	D3	72	80	0
1756	342.687500	343.989583	D2	66	80	0
1757	342.692708	343.669271	D4	82	80	0
1758	344.466146	344.718750	G1	78	80	0
1759	344.466146	344.779948	G2	83	80	0
1760	345.535156	351.529948	G5	76	80	0
1761	345.536458	350.598958	D5	74	80	0
1762	345.542969	351.539062	D4	70	80	0
1763	345.544271	346.319010	D3	63	80	0
1764	345.544271	345.549479	G1	59	80	0
1765	345.544271	345.559896	G2	61	80	0
1766	345.548177	351.549479	G3	66	80	0
#SofPed	0.110677	89	0
#SofPed	0.229167	0	0
#SofPed	0.236979	92	0
#SofPed	0.848958	0	0
#SusPed	1.063802	44	0
#SusPed	2.089844	0	0
#SusPed	2.093750	72	0
#SusPed	2.329427	0	0
#SusPed	2.334635	89	0
#SusPed	3.158854	0	0
#SusPed	3.173177	88	0
#SusPed	3.339844	0	0
#SusPed	3.347656	84	0
#SusPed	4.339844	0	0
#SusPed	4.348958	83	0
#SusPed	4.519531	0	0
#SusPed	4.532552	94	0
#SusPed	5.489583	0	0
#SusPed	5.494792	64	0
#SusPed	5.959635	0	0
#SusPed	5.967448	106	0
#SusPed	6.539062	0	0
#SusPed	6.545573	94	0
#SusPed	6.739583	0	0
#SusPed	6.747396	81	0
#SusPed	7.699219	0	0
#SusPed	7.705729	62	0
#SusPed	7.878906	0	0
#SusPed	7.893229	69	0
#SusPed	8.848958	0	0
#SusPed	8.854167	65	0
#SusPed	9.029948	0	0
#SusPed	9.039062	82	0
#SusPed	10.239583	0	0
#SusPed	10.250000	78	0
#SusPed	10.529948	0	0
#SusPed	10.536458	84	0
#SusPed	11.359375	0	0
#SusPed	11.371094	76	0
#SusPed	11.559896	0	0
#SusPed	11.566406	71	0
#SusPed	12.389323	0	0
#SusPed	12.403646	76	0
#SusPed	12.569010	0	0
#SusPed	12.574219	80	0
#SusPed	13.579427	0	0
#SusPed	13.591146	81	0
#SusPed	13.799479	0	0
#SusPed	13.804688	88	0
#SusPed	14.169271	0	0
#SusPed	14.174479	64	0
#SusPed	14.649740	0	0
#SusPed	14.662760	81	0
#SusPed	14.919271	0	0
#SusPed	14.924479	83	0
#SusPed	15.709635	0	0
#SusPed	15.722656	84	0
#SusPed	15.878906	0	0
#SusPed	15.890625	77	0
#SusPed	16.269531	0	0
#SusPed	16.278646	64	0
#SusPed	16.419271	0	0
#SusPed	16.427083	73	0
#SusPed	16.799479	0	0
#SusPed	16.813802	70	0
#SusPed	16.938802	0	0
#SusPed	16.953125	76	0
#SusPed	17.389323	0	0
#SusPed	17.394531	61	0
#SusPed	17.529948	0	0
#SusPed	17.544271	91	0
#SusPed	17.968750	0	0
#SusPed	17.980469	86	0
#SusPed	18.139323	0	0
#SusPed	18.153646	68	0
#SusPed	18.569010	0	0
#SusPed	18.574219	94	0
#SusPed	19.069010	0	0
#SusPed	19.075521	67	0
#SusPed	19.269531	0	0
#SusPed	19.276042	77	0
#SusPed	19.489583	0	0
#SusPed	19.503906	71	0
#SusPed	19.649740	0	0
#SusPed	19.662760	79	0
#SusPed	20.179688	0	0
#SusPed	20.190104	74	0
#SusPed	20.329427	0	0
#SusPed	20.342448	75	0
#SusPed	20.739583	0	0
#SusPed	20.750000	84	0
#SusPed	21.269531	0	0
#SusPed	21.283854	84	0
#SusPed	21.468750	0	0
#SusPed	21.481771	78	0
#SusPed	22.509115	0	0
#SusPed	22.515625	69	0
#SusPed	22.688802	0	0
#SusPed	22.696615	83	0
#SusPed	23.649740	0	0
#SusPed	23.660156	67	0
#SusPed	24.059896	0	0
#SusPed	24.065104	79	0
#SusPed	24.149740	0	0
#SusPed	24.162760	81	0
#SusPed	24.188802	0	0
#SusPed	24.195312	80	0
#SusPed	24.819010	0	0
#SusPed	24.826823	62	0
#SusPed	25.399740	0	0
#SusPed	25.404948	66	0
#SofPed	25.563802	76	0
#SofPed	25.878906	0	0
#SofPed	25.884115	66	0
#SusPed	25.889323	0	0
#SusPed	25.903646	82	0
#SusPed	26.169271	0	0
#SofPed	26.169271	0	0
#SusPed	26.179688	73	0
#SofPed	26.182292	64	0
#SofPed	26.429688	0	0
#SofPed	26.434896	50	0
#SusPed	27.289062	0	0
#SusPed	27.296875	72	0
#SusPed	27.449219	0	0
#SusPed	27.462240	74	0
#SusPed	27.878906	0	0
#SusPed	27.894531	95	0
#SusPed	27.979167	0	0
#SusPed	27.985677	76	0
#SusPed	28.229167	0	0
#SusPed	28.234375	83	0
#SusPed	28.619792	0	0
#SusPed	28.625000	80	0
#SusPed	28.669271	0	0
#SusPed	28.682292	68	0
#SusPed	28.959635	0	0
#SusPed	28.966146	58	0
#SusPed	29.169271	0	0
#SusPed	29.180990	65	0
#SusPed	29.269531	0	0
#SusPed	29.282552	65	0
#SofPed	32.438802	0	0
#SusPed	32.859375	0	0
#SusPed	32.873698	62	0
#SusPed	33.079427	0	0
#SusPed	33.084635	93	0
#SusPed	33.259115	0	0
#SusPed	33.273438	93	0
#SusPed	33.489583	0	0
#SusPed	33.503906	92	0
#SusPed	33.959635	0	0
#SusPed	33.967448	89	0
#SusPed	34.069010	0	0
#SusPed	34.076823	87	0
#SusPed	34.319010	0	0
#SusPed	34.324219	93	0
#SusPed	34.949219	0	0
#SusPed	34.959635	76	0
#SusPed	35.468750	0	0
#SusPed	35.483073	75	0
#SusPed	36.679688	0	0
#SusPed	36.684896	98	0
#SusPed	36.989583	0	0
#SusPed	36.996094	96	0
#SusPed	37.149740	0	0
#SusPed	37.162760	86	0
#SusPed	38.179688	0	0
#SusPed	38.194010	72	0
#SusPed	38.269531	0	0
#SusPed	38.281250	86	0
#SusPed	38.908854	0	0
#SusPed	38.919271	66	0
#SusPed	39.039062	0	0
#SusPed	39.052083	82	0
#SusPed	39.468750	0	0
#SusPed	39.483073	72	0
#SusPed	39.979167	0	0
#SusPed	39.993490	77	0
#SusPed	40.109375	0	0
#SusPed	40.121094	70	0
#SusPed	43.299479	0	0
#SusPed	43.304688	65	0
#SusPed	43.529948	0	0
#SusPed	43.544271	72	0
#SusPed	44.408854	0	0
#SusPed	44.419271	74	0
#SusPed	44.699219	0	0
#SusPed	44.709635	74	0
#SusPed	46.479167	0	0
#SusPed	46.492188	86	0
#SusPed	46.699219	0	0
#SusPed	46.713542	65	0
#SusPed	47.119792	0	0
#SusPed	47.132812	82	0
#SusPed	47.729167	0	0
#SusPed	47.736979	67	0
#SusPed	47.839844	0	0
#SusPed	47.845052	71	0
#SusPed	48.309896	0	0
#SusPed	48.320312	70	0
#SusPed	48.459635	0	0
#SusPed	48.471354	72	0
#SusPed	49.019531	0	0
#SusPed	49.026042	69	0
#SusPed	49.158854	0	0
#SusPed	49.164062	65	0
#SusPed	50.188802	0	0
#SusPed	50.201823	77	0
#SusPed	50.329427	0	0
#SusPed	50.342448	102	0
#SusPed	51.429688	0	0
#SusPed	51.442708	72	0
#SusPed	51.769531	0	0
#SusPed	51.782552	70	0
#SusPed	52.889323	0	0
#SusPed	52.895833	68	0
#SusPed	53.149740	0	0
#SusPed	53.154948	76	0
#SusPed	54.329427	0	0
#SusPed	54.341146	73	0
#SusPed	54.769531	0	0
#SusPed	54.782552	74	0
#SusPed	55.239583	0	0
#SusPed	55.244792	77	0
#SusPed	59.269531	0	0
#SusPed	59.274740	78	0
#SusPed	62.829427	0	0
#SusPed	62.835938	77	0
#SusPed	62.899740	0	0
#SusPed	62.904948	70	0
#SusPed	63.968750	0	0
#SusPed	63.981771	81	0
#SusPed	64.169271	0	0
#SusPed	64.182292	71	0
#SusPed	65.098958	0	0
#SusPed	65.113281	66	0
#SusPed	68.819010	0	0
#SusPed	68.833333	65	0
#SusPed	68.968750	0	0
#SusPed	68.983073	74	0
#SusPed	72.369792	0	0
#SusPed	72.377604	82	0
#SusPed	72.799479	0	0
#SusPed	72.811198	85	0
#SusPed	72.979167	0	0
#SusPed	72.984375	96	0
#SusPed	73.589844	0	0
#SusPed	73.596354	63	0
#SusPed	73.750000	0	0
#SusPed	73.760417	81	0
#SusPed	76.079427	0	0
#SusPed	76.085938	74	0
#SusPed	76.289062	0	0
#SusPed	76.300781	85	0
#SofPed	77.625000	84	0
#SusPed	78.319010	0	0
#SusPed	78.328125	102	0
#SusPed	78.468750	0	0
#SusPed	78.484375	87	0
#SusPed	78.699219	0	0
#SusPed	78.709635	86	0
#SusPed	79.579427	0	0
#SusPed	79.593750	87	0
#SusPed	79.809896	0	0
#SusPed	79.819010	73	0
#SusPed	80.149740	0	0
#SusPed	80.160156	95	0
#SusPed	80.239583	0	0
#SusPed	80.244792	71	0
#SusPed	80.359375	0	0
#SusPed	80.365885	76	0
#SusPed	81.419271	0	0
#SusPed	81.433594	79	0
#SusPed	81.559896	0	0
#SusPed	81.571615	60	0
#SusPed	82.009115	0	0
#SusPed	82.015625	90	0
#SusPed	83.449219	0	0
#SusPed	83.463542	63	0
#SofPed	83.628906	0	0
#SusPed	83.919271	0	0
#SusPed	83.924479	65	0
#SusPed	84.809896	0	0
#SusPed	84.816406	66	0
#SusPed	85.218750	0	0
#SusPed	85.225260	85	0
#SusPed	86.509115	0	0
#SusPed	86.522135	68	0
#SusPed	86.679688	0	0
#SusPed	86.694010	74	0
#SusPed	87.188802	0	0
#SusPed	87.195312	67	0
#SusPed	87.339844	0	0
#SusPed	87.352865	80	0
#SusPed	87.759115	0	0
#SusPed	87.765625	83	0
#SusPed	88.079427	0	0
#SusPed	88.085938	70	0
#SusPed	88.549479	0	0
#SusPed	88.561198	74	0
#SusPed	88.839844	0	0
#SusPed	88.854167	79	0
#SusPed	90.229167	0	0
#SusPed	90.243490	74	0
#SusPed	90.628906	0	0
#SusPed	90.641927	66	0
#SusPed	91.419271	0	0
#SusPed	91.433594	73	0
#SusPed	92.128906	0	0
#SusPed	92.135417	77	0
#SusPed	97.049479	0	0
#SusPed	97.055990	64	0
#SusPed	97.209635	0	0
#SusPed	97.214844	79	0
#SusPed	102.009115	0	0
#SusPed	102.015625	71	0
#SusPed	102.239583	0	0
#SusPed	102.246094	82	0
#SusPed	103.250000	0	0
#SusPed	103.260417	79	0
#SusPed	103.408854	0	0
#SusPed	103.414062	69	0
#SusPed	105.628906	0	0
#SusPed	105.638021	71	0
#SusPed	106.869792	0	0
#SusPed	106.876302	85	0
#SusPed	107.079427	0	0
#SusPed	107.087240	71	0
#SusPed	108.000000	0	0
#SusPed	108.011719	78	0
#SusPed	108.179688	0	0
#SusPed	108.184896	75	0
#SusPed	109.289062	0	0
#SusPed	109.304688	85	0
#SusPed	109.539062	0	0
#SusPed	109.550781	73	0
#SusPed	111.500000	0	0
#SusPed	111.507812	84	0
#SusPed	111.639323	0	0
#SusPed	111.653646	72	0
#SusPed	112.679688	0	0
#SusPed	112.687500	86	0
#SusPed	112.839844	0	0
#SusPed	112.848958	84	0
#SusPed	114.949219	0	0
#SusPed	114.960938	80	0
#SusPed	115.098958	0	0
#SusPed	115.105469	85	0
#SusPed	116.329427	0	0
#SusPed	116.343750	76	0
#SusPed	116.549479	0	0
#SusPed	116.554688	91	0
#SusPed	117.628906	0	0
#SusPed	117.636719	66	0
#SusPed	118.019531	0	0
#SusPed	118.024740	76	0
#SusPed	119.289062	0	0
#SusPed	119.299479	82	0
#SusPed	119.559896	0	0
#SusPed	119.571615	78	0
#SusPed	119.869792	0	0
#SusPed	119.882812	83	0
#SusPed	119.938802	0	0
#SusPed	119.944010	53	0
#SusPed	120.479167	0	0
#SusPed	120.493490	66	0
#SusPed	120.669271	0	0
#SusPed	120.675781	89	0
#SusPed	121.239583	0	0
#SusPed	121.246094	74	0
#SusPed	121.628906	0	0
#SusPed	121.636719	78	0
#SusPed	122.769531	0	0
#SusPed	122.782552	71	0
#SusPed	123.339844	0	0
#SusPed	123.348958	65	0
#SusPed	124.059896	0	0
#SusPed	124.072917	40	0
#SusPed	124.209635	0	0
#SusPed	124.221354	51	0
#SusPed	125.699219	0	0
#SusPed	125.705729	64	0
#SusPed	126.179688	0	0
#SusPed	126.192708	73	0
#SusPed	127.348958	0	0
#SusPed	127.363281	80	0
#SusPed	127.579427	0	0
#SusPed	127.592448	73	0
#SusPed	128.009115	0	0
#SusPed	128.018229	87	0
#SusPed	128.179688	0	0
#SusPed	128.188802	59	0
#SusPed	128.619792	0	0
#SusPed	128.632812	65	0
#SusPed	128.789062	0	0
#SusPed	128.804688	63	0
#SofPed	129.294271	55	0
#SusPed	129.299479	0	0
#SusPed	129.313802	77	0
#SusPed	129.598958	0	0
#SusPed	129.611979	58	0
#SofPed	129.750000	0	0
#SofPed	129.763021	59	0
#SofPed	130.079427	0	0
#SofPed	130.093750	94	0
#SusPed	130.119792	0	0
#SusPed	130.126302	66	0
#SusPed	130.329427	0	0
#SofPed	130.339844	0	0
#SusPed	130.343750	62	0
#SofPed	130.345052	70	0
#SusPed	131.158854	0	0
#SusPed	131.166667	69	0
#SusPed	131.639323	0	0
#SusPed	131.653646	70	0
#SusPed	132.339844	0	0
#SusPed	132.346354	70	0
#SusPed	132.468750	0	0
#SusPed	132.484375	69	0
#SusPed	135.139323	0	0
#SusPed	135.149740	52	0
#SusPed	135.239583	0	0
#SusPed	135.247396	62	0
#SofPed	136.348958	0	0
#SusPed	137.429688	0	0
#SusPed	137.444010	65	0
#SusPed	137.529948	0	0
#SusPed	137.541667	66	0
#SusPed	139.669271	0	0
#SusPed	139.684896	70	0
#SusPed	139.819010	0	0
#SusPed	139.825521	82	0
#SusPed	142.169271	0	0
#SusPed	142.183594	86	0
#SusPed	142.339844	0	0
#SusPed	142.346354	80	0
#SusPed	144.309896	0	0
#SusPed	144.324219	73	0
#SusPed	144.429688	0	0
#SusPed	144.440104	84	0
#SusPed	146.500000	0	0
#SusPed	146.507812	71	0
#SusPed	146.669271	0	0
#SusPed	146.680990	81	0
#SusPed	150.959635	0	0
#SusPed	150.973958	77	0
#SusPed	151.109375	0	0
#SusPed	151.114583	84	0
#SofPed	151.229167	103	0
#SofPed	151.299479	0	0
#SofPed	151.305990	97	0
#SofPed	151.369792	0	0
#SofPed	151.378906	89	0
#SusPed	153.209635	0	0
#SusPed	153.214844	80	0
#SofPed	153.269531	0	0
#SofPed	153.282552	79	0
#SofPed	153.968750	0	0
#SofPed	153.975260	58	0
#SofPed	154.199219	0	0
#SofPed	154.208333	79	0
#SofPed	154.239583	0	0
#SofPed	154.252604	80	0
#SofPed	154.348958	0	0
#SofPed	154.363281	78	0
#SusPed	155.449219	0	0
#SusPed	155.455729	65	0
#SusPed	155.598958	0	0
#SusPed	155.613281	77	0
#SusPed	157.929688	0	0
#SusPed	157.934896	82	0
#SusPed	158.139323	0	0
#SusPed	158.147135	81	0
#SusPed	158.699219	0	0
#SusPed	158.707031	86	0
#SusPed	159.399740	0	0
#SusPed	159.404948	72	0
#SusPed	159.529948	0	0
#SusPed	159.539062	76	0
#SofPed	160.039062	0	0
#SofPed	160.050781	87	0
#SusPed	160.089844	0	0
#SusPed	160.098958	77	0
#SusPed	160.259115	0	0
#SusPed	160.273438	73	0
#SusPed	161.019531	0	0
#SusPed	161.027344	75	0
#SusPed	161.319010	0	0
#SusPed	161.326823	82	0
#SusPed	165.559896	0	0
#SusPed	165.574219	87	0
#SusPed	165.718750	0	0
#SusPed	165.723958	92	0
#SofPed	166.049479	0	0
#SusPed	166.489583	0	0
#SusPed	166.500000	72	0
#SusPed	166.619792	0	0
#SusPed	166.634115	80	0
#SusPed	167.989583	0	0
#SusPed	168.002604	75	0
#SusPed	168.878906	0	0
#SusPed	168.885417	85	0
#SusPed	170.559896	0	0
#SusPed	170.565104	73	0
#SusPed	171.319010	0	0
#SusPed	171.325521	71	0
#SusPed	171.369792	0	0
#SusPed	171.376302	84	0
#SusPed	172.459635	0	0
#SusPed	172.467448	90	0
#SofPed	172.585938	82	0
#SofPed	173.009115	0	0
#SusPed	173.019531	0	0
#SofPed	173.019531	94	0
#SusPed	173.033854	72	0
#SusPed	173.098958	0	0
#SusPed	173.113281	66	0
#SusPed	174.369792	0	0
#SusPed	174.381510	76	0
#SusPed	175.419271	0	0
#SusPed	175.425781	71	0
#SusPed	176.489583	0	0
#SusPed	176.503906	64	0
#SusPed	176.729167	0	0
#SusPed	176.734375	75	0
#SusPed	177.529948	0	0
#SusPed	177.537760	69	0
#SusPed	177.750000	0	0
#SusPed	177.763021	69	0
#SofPed	179.019531	0	0
#SusPed	179.829427	0	0
#SusPed	179.843750	75	0
#SusPed	179.968750	0	0
#SusPed	179.983073	78	0
#SusPed	180.529948	0	0
#SusPed	180.544271	84	0
#SusPed	180.669271	0	0
#SusPed	180.682292	70	0
#SusPed	181.158854	0	0
#SusPed	181.166667	72	0
#SusPed	181.269531	0	0
#SusPed	181.278646	76	0
#SusPed	181.779948	0	0
#SusPed	181.794271	78	0
#SusPed	181.938802	0	0
#SusPed	181.947917	69	0
#SusPed	182.529948	0	0
#SusPed	182.544271	84	0
#SusPed	182.679688	0	0
#SusPed	182.692708	76	0
#SusPed	183.169271	0	0
#SusPed	183.174479	70	0
#SusPed	183.299479	0	0
#SusPed	183.312500	87	0
#SusPed	185.069010	0	0
#SusPed	185.080729	72	0
#SusPed	185.188802	0	0
#SusPed	185.204427	78	0
#SusPed	186.529948	0	0
#SusPed	186.544271	72	0
#SusPed	186.649740	0	0
#SusPed	186.662760	92	0
#SusPed	188.158854	0	0
#SusPed	188.167969	74	0
#SusPed	188.289062	0	0
#SusPed	188.299479	91	0
#SusPed	192.348958	0	0
#SusPed	192.363281	98	0
#SusPed	192.529948	0	0
#SusPed	192.536458	99	0
#SusPed	194.598958	0	0
#SusPed	194.605469	68	0
#SusPed	194.979167	0	0
#SusPed	194.985677	83	0
#SusPed	196.348958	0	0
#SusPed	196.364583	64	0
#SusPed	196.949219	0	0
#SusPed	196.962240	76	0
#SusPed	197.479167	0	0
#SusPed	197.484375	77	0
#SusPed	198.019531	0	0
#SusPed	198.024740	88	0
#SusPed	199.179688	0	0
#SusPed	199.188802	64	0
#SusPed	199.289062	0	0
#SusPed	199.298177	90	0
#SusPed	201.389323	0	0
#SusPed	201.394531	68	0
#SusPed	201.539062	0	0
#SusPed	201.548177	86	0
#SusPed	202.539062	0	0
#SusPed	202.544271	61	0
#SusPed	202.658854	0	0
#SusPed	202.666667	88	0
#SusPed	204.649740	0	0
#SusPed	204.661458	64	0
#SusPed	205.128906	0	0
#SusPed	205.144531	94	0
#SusPed	205.289062	0	0
#SusPed	205.296875	85	0
#SusPed	205.569010	0	0
#SusPed	205.576823	88	0
#SusPed	206.628906	0	0
#SusPed	206.641927	76	0
#SusPed	206.819010	0	0
#SusPed	206.828125	83	0
#SusPed	208.218750	0	0
#SusPed	208.230469	84	0
#SofPed	208.808594	55	0
#SusPed	209.569010	0	0
#SusPed	209.583333	79	0
#SusPed	209.729167	0	0
#SusPed	209.742188	73	0
#SusPed	210.319010	0	0
#SusPed	210.326823	78	0
#SusPed	210.509115	0	0
#SusPed	210.515625	84	0
#SusPed	211.598958	0	0
#SusPed	211.608073	81	0
#SusPed	211.750000	0	0
#SusPed	211.761719	84	0
#SusPed	212.229167	0	0
#SusPed	212.235677	70	0
#SusPed	212.389323	0	0
#SusPed	212.395833	84	0
#SusPed	214.049479	0	0
#SusPed	214.061198	69	0
#SusPed	214.199219	0	0
#SusPed	214.210938	81	0
#SusPed	214.759115	0	0
#SusPed	214.772135	72	0
#SofPed	214.809896	0	0
#SusPed	214.919271	0	0
#SusPed	214.927083	75	0
#SusPed	215.348958	0	0
#SusPed	215.364583	83	0
#SusPed	215.549479	0	0
#SusPed	215.563802	73	0
#SusPed	215.829427	0	0
#SusPed	215.839844	100	0
#SusPed	216.408854	0	0
#SusPed	216.419271	76	0
#SusPed	216.649740	0	0
#SusPed	216.660156	77	0
#SusPed	217.468750	0	0
#SusPed	217.476562	78	0
#SusPed	217.869792	0	0
#SusPed	217.881510	57	0
#SusPed	217.979167	0	0
#SusPed	217.993490	80	0
#SusPed	218.438802	0	0
#SusPed	218.451823	61	0
#SusPed	218.609375	0	0
#SusPed	218.621094	78	0
#SusPed	219.059896	0	0
#SusPed	219.065104	54	0
#SusPed	219.199219	0	0
#SusPed	219.210938	71	0
#SusPed	220.149740	0	0
#SusPed	220.154948	71	0
#SusPed	220.269531	0	0
#SusPed	220.283854	67	0
#SusPed	222.819010	0	0
#SusPed	222.832031	86	0
#SusPed	222.949219	0	0
#SusPed	222.957031	76	0
#SusPed	224.468750	0	0
#SusPed	224.473958	87	0
#SusPed	225.908854	0	0
#SusPed	225.916667	68	0
#SusPed	227.468750	0	0
#SusPed	227.483073	74	0
#SusPed	227.609375	0	0
#SusPed	227.617188	66	0
#SusPed	229.378906	0	0
#SusPed	229.385417	62	0
#SusPed	229.479167	0	0
#SusPed	229.493490	78	0
#SofPed	229.854167	77	0
#SofPed	230.059896	0	0
#SofPed	230.067708	77	0
#SusPed	230.098958	0	0
#SusPed	230.104167	77	0
#SofPed	230.128906	0	0
#SofPed	230.135417	82	0
#SusPed	230.329427	0	0
#SusPed	230.335938	71	0
#SofPed	230.348958	0	0
#SofPed	230.360677	77	0
#SofPed	230.549479	0	0
#SofPed	230.554688	84	0
#SusPed	230.619792	0	0
#SusPed	230.626302	93	0
#SofPed	230.769531	0	0
#SofPed	230.779948	95	0
#SusPed	231.119792	0	0
#SusPed	231.126302	89	0
#SusPed	231.589844	0	0
#SusPed	231.596354	56	0
#SusPed	231.729167	0	0
#SusPed	231.735677	75	0
#SusPed	232.269531	0	0
#SusPed	232.277344	69	0
#SusPed	233.289062	0	0
#SusPed	233.302083	79	0
#SusPed	233.468750	0	0
#SusPed	233.476562	74	0
#SusPed	233.889323	0	0
#SusPed	233.895833	75	0
#SusPed	234.029948	0	0
#SusPed	234.037760	68	0
#SusPed	234.699219	0	0
#SusPed	234.704427	75	0
#SusPed	235.179688	0	0
#SusPed	235.194010	72	0
#SusPed	236.179688	0	0
#SusPed	236.194010	78	0
#SusPed	236.489583	0	0
#SusPed	236.500000	79	0
#SofPed	236.779948	0	0
#SusPed	237.639323	0	0
#SusPed	237.651042	70	0
#SusPed	238.000000	0	0
#SusPed	238.005208	76	0
#SusPed	239.309896	0	0
#SusPed	239.315104	68	0
#SusPed	239.549479	0	0
#SusPed	239.563802	70	0
#SusPed	241.329427	0	0
#SusPed	241.343750	80	0
#SusPed	241.519531	0	0
#SusPed	241.526042	89	0
#SusPed	242.579427	0	0
#SusPed	242.587240	81	0
#SusPed	243.989583	0	0
#SusPed	244.003906	64	0
#SusPed	245.079427	0	0
#SusPed	245.084635	86	0
#SusPed	245.848958	0	0
#SusPed	245.861979	78	0
#SusPed	245.979167	0	0
#SusPed	245.989583	87	0
#SofPed	247.837240	84	0
#SusPed	248.619792	0	0
#SusPed	248.625000	71	0
#SusPed	248.769531	0	0
#SusPed	248.778646	90	0
#SusPed	249.009115	0	0
#SusPed	249.019531	99	0
#SusPed	250.029948	0	0
#SusPed	250.044271	74	0
#SusPed	250.199219	0	0
#SusPed	250.212240	86	0
#SusPed	251.408854	0	0
#SusPed	251.423177	64	0
#SusPed	251.989583	0	0
#SusPed	252.002604	83	0
#SusPed	252.419271	0	0
#SusPed	252.424479	60	0
#SusPed	252.509115	0	0
#SusPed	252.524740	90	0
#SusPed	252.899740	0	0
#SusPed	252.904948	73	0
#SusPed	253.059896	0	0
#SusPed	253.066406	76	0
#SofPed	253.839844	0	0
#SusPed	254.589844	0	0
#SusPed	254.595052	81	0
#SusPed	254.739583	0	0
#SusPed	254.753906	83	0
#SusPed	255.149740	0	0
#SusPed	255.154948	66	0
#SusPed	255.319010	0	0
#SusPed	255.326823	83	0
#SusPed	256.839844	0	0
#SusPed	256.845052	66	0
#SusPed	256.989583	0	0
#SusPed	257.000000	81	0
#SusPed	257.449219	0	0
#SusPed	257.462240	64	0
#SusPed	257.559896	0	0
#SusPed	257.565104	87	0
#SusPed	258.489583	0	0
#SusPed	258.503906	63	0
#SusPed	258.569010	0	0
#SusPed	258.583333	90	0
#SusPed	259.029948	0	0
#SusPed	259.036458	62	0
#SusPed	259.169271	0	0
#SusPed	259.178385	90	0
#SusPed	260.348958	0	0
#SusPed	260.355469	61	0
#SusPed	260.438802	0	0
#SusPed	260.454427	77	0
#SusPed	261.319010	0	0
#SusPed	261.325521	75	0
#SusPed	262.158854	0	0
#SusPed	262.169271	70	0
#SusPed	262.269531	0	0
#SusPed	262.274740	86	0
#SusPed	262.839844	0	0
#SusPed	262.850260	76	0
#SusPed	262.959635	0	0
#SusPed	262.964844	92	0
#SusPed	264.859375	0	0
#SusPed	264.867188	80	0
#SofPed	264.975260	65	0
#SusPed	266.158854	0	0
#SusPed	266.173177	77	0
#SusPed	266.259115	0	0
#SusPed	266.273438	73	0
#SusPed	267.529948	0	0
#SusPed	267.537760	78	0
#SusPed	267.649740	0	0
#SusPed	267.656250	74	0
#SusPed	268.529948	0	0
#SusPed	268.535156	63	0
#SusPed	268.639323	0	0
#SusPed	268.644531	77	0
#SusPed	269.109375	0	0
#SusPed	269.122396	68	0
#SusPed	269.239583	0	0
#SusPed	269.244792	74	0
#SofPed	270.688802	0	0
#SofPed	270.694010	53	0
#SofPed	271.239583	0	0
#SofPed	271.244792	64	0
#SusPed	271.289062	0	0
#SusPed	271.304688	74	0
#SusPed	271.449219	0	0
#SusPed	271.460938	77	0
#SofPed	271.509115	0	0
#SofPed	271.522135	68	0
#SofPed	271.579427	0	0
#SofPed	271.593750	65	0
#SofPed	271.619792	0	0
#SofPed	271.628906	67	0
#SofPed	271.739583	0	0
#SofPed	271.750000	69	0
#SofPed	271.789062	0	0
#SofPed	271.794271	67	0
#SusPed	271.809896	0	0
#SusPed	271.822917	84	0
#SofPed	271.848958	0	0
#SofPed	271.855469	63	0
#SofPed	272.019531	0	0
#SofPed	272.031250	61	0
#SofPed	272.199219	0	0
#SofPed	272.208333	69	0
#SusPed	272.250000	0	0
#SusPed	272.256510	80	0
#SusPed	272.679688	0	0
#SusPed	272.684896	65	0
#SusPed	272.789062	0	0
#SusPed	272.799479	78	0
#SusPed	273.309896	0	0
#SusPed	273.316406	71	0
#SusPed	273.479167	0	0
#SusPed	273.490885	71	0
#SusPed	273.829427	0	0
#SusPed	273.842448	66	0
#SusPed	273.959635	0	0
#SusPed	273.972656	75	0
#SusPed	274.309896	0	0
#SusPed	274.315104	79	0
#SusPed	274.829427	0	0
#SusPed	274.839844	71	0
#SusPed	274.979167	0	0
#SusPed	274.985677	79	0
#SusPed	275.519531	0	0
#SusPed	275.527344	71	0
#SusPed	275.979167	0	0
#SusPed	275.993490	85	0
#SusPed	276.699219	0	0
#SusPed	276.705729	62	0
#SusPed	277.069010	0	0
#SusPed	277.074219	91	0
#SusPed	278.139323	0	0
#SusPed	278.152344	71	0
#SofPed	278.209635	0	0
#SusPed	278.579427	0	0
#SusPed	278.584635	70	0
#SusPed	279.769531	0	0
#SusPed	279.782552	72	0
#SusPed	280.169271	0	0
#SusPed	280.174479	67	0
#SusPed	281.348958	0	0
#SusPed	281.355469	50	0
#SusPed	284.009115	0	0
#SusPed	284.023438	51	0
#SusPed	284.149740	0	0
#SusPed	284.157552	73	0
#SusPed	285.919271	0	0
#SusPed	285.933594	58	0
#SusPed	286.019531	0	0
#SusPed	286.024740	74	0
#SusPed	288.609375	0	0
#SusPed	288.615885	69	0
#SusPed	288.750000	0	0
#SusPed	288.761719	83	0
#SofPed	289.320312	83	0
#SofPed	291.019531	0	0
#SofPed	291.033854	54	0
#SusPed	291.039062	0	0
#SusPed	291.053385	62	0
#SusPed	291.179688	0	0
#SusPed	291.190104	76	0
#SofPed	291.239583	0	0
#SofPed	291.253906	90	0
#SofPed	291.739583	0	0
#SofPed	291.748698	81	0
#SofPed	292.348958	0	0
#SofPed	292.358073	88	0
#SofPed	292.419271	0	0
#SofPed	292.428385	90	0
#SofPed	292.718750	0	0
#SofPed	292.725260	92	0
#SusPed	293.179688	0	0
#SusPed	293.187500	74	0
#SusPed	293.329427	0	0
#SusPed	293.343750	83	0
#SofPed	293.399740	0	0
#SofPed	293.406250	105	0
#SofPed	293.598958	0	0
#SofPed	293.613281	109	0
#SusPed	293.739583	0	0
#SusPed	293.753906	76	0
#SusPed	293.878906	0	0
#SusPed	293.885417	87	0
#SofPed	293.908854	0	0
#SofPed	293.923177	104	0
#SofPed	294.709635	0	0
#SofPed	294.716146	86	0
#SofPed	294.899740	0	0
#SofPed	294.912760	90	0
#SusPed	295.449219	0	0
#SusPed	295.457031	79	0
#SusPed	295.649740	0	0
#SusPed	295.654948	84	0
#SusPed	297.579427	0	0
#SusPed	297.589844	81	0
#SusPed	297.699219	0	0
#SusPed	297.709635	77	0
#SusPed	298.679688	0	0
#SusPed	298.694010	76	0
#SusPed	298.789062	0	0
#SusPed	298.795573	84	0
#SusPed	299.759115	0	0
#SusPed	299.766927	68	0
#SusPed	299.908854	0	0
#SusPed	299.914062	93	0
#SusPed	300.789062	0	0
#SusPed	300.802083	57	0
#SusPed	300.899740	0	0
#SofPed	300.908854	0	0
#SusPed	300.911458	87	0
#SusPed	301.968750	0	0
#SusPed	301.975260	90	0
#SusPed	304.089844	0	0
#SusPed	304.095052	62	0
#SusPed	304.250000	0	0
#SusPed	304.263021	77	0
#SusPed	306.299479	0	0
#SusPed	306.313802	66	0
#SusPed	306.459635	0	0
#SusPed	306.471354	76	0
#SusPed	307.389323	0	0
#SusPed	307.403646	83	0
#SusPed	307.549479	0	0
#SusPed	307.555990	67	0
#SusPed	308.000000	0	0
#SusPed	308.013021	74	0
#SusPed	308.188802	0	0
#SusPed	308.195312	70	0
#SusPed	308.729167	0	0
#SusPed	308.740885	67	0
#SusPed	309.049479	0	0
#SusPed	309.055990	88	0
#SofPed	309.247396	49	0
#SofPed	309.309896	0	0
#SofPed	309.315104	51	0
#SofPed	309.829427	0	0
#SusPed	309.839844	0	0
#SofPed	309.841146	43	0
#SusPed	309.847656	90	0
#SusPed	309.989583	0	0
#SusPed	309.996094	78	0
#SofPed	310.019531	0	0
#SofPed	310.033854	48	0
#SofPed	310.639323	0	0
#SofPed	310.647135	67	0
#SofPed	310.889323	0	0
#SofPed	310.902344	81	0
#SofPed	310.938802	0	0
#SofPed	310.946615	80	0
#SusPed	311.039062	0	0
#SusPed	311.045573	71	0
#SofPed	311.049479	0	0
#SofPed	311.057292	80	0
#SusPed	311.399740	0	0
#SusPed	311.414062	66	0
#SofPed	311.438802	0	0
#SofPed	311.445312	107	0
#SusPed	312.378906	0	0
#SusPed	312.393229	79	0
#SusPed	312.509115	0	0
#SusPed	312.522135	89	0
#SusPed	313.218750	0	0
#SusPed	313.231771	73	0
#SusPed	313.359375	0	0
#SusPed	313.373698	75	0
#SusPed	314.699219	0	0
#SusPed	314.710938	94	0
#SusPed	317.098958	0	0
#SusPed	317.108073	94	0
#SofPed	317.449219	0	0
#SusPed	317.679688	0	0
#SusPed	317.684896	80	0
#SusPed	318.399740	0	0
#SusPed	318.414062	77	0
#SusPed	318.459635	0	0
#SusPed	318.471354	85	0
#SusPed	318.949219	0	0
#SusPed	318.957031	77	0
#SusPed	319.049479	0	0
#SusPed	319.057292	86	0
#SusPed	319.489583	0	0
#SusPed	319.502604	66	0
#SusPed	319.559896	0	0
#SusPed	319.574219	75	0
#SusPed	321.769531	0	0
#SusPed	321.783854	76	0
#SusPed	321.899740	0	0
#SusPed	321.908854	90	0
#SusPed	322.688802	0	0
#SusPed	322.697917	71	0
#SusPed	322.839844	0	0
#SusPed	322.852865	90	0
#SusPed	323.789062	0	0
#SusPed	323.802083	73	0
#SusPed	323.959635	0	0
#SusPed	323.973958	69	0
#SusPed	325.399740	0	0
#SusPed	325.406250	94	0
#SusPed	325.968750	0	0
#SusPed	325.975260	70	0
#SusPed	326.098958	0	0
#SusPed	326.105469	86	0
#SusPed	326.699219	0	0
#SusPed	326.704427	77	0
#SusPed	326.848958	0	0
#SusPed	326.861979	75	0
#SusPed	327.269531	0	0
#SusPed	327.278646	92	0
#SusPed	327.359375	0	0
#SusPed	327.365885	71	0
#SusPed	327.869792	0	0
#SusPed	327.875000	60	0
#SusPed	328.009115	0	0
#SusPed	328.020833	73	0
#SofPed	328.084635	97	0
#SusPed	328.609375	0	0
#SusPed	328.614583	77	0
#SusPed	328.739583	0	0
#SusPed	328.752604	70	0
#SofPed	328.859375	0	0
#SofPed	328.865885	84	0
#SofPed	329.559896	0	0
#SusPed	330.098958	0	0
#SusPed	330.105469	78	0
#SusPed	330.229167	0	0
#SusPed	330.243490	68	0
#SusPed	331.239583	0	0
#SusPed	331.246094	78	0
#SusPed	331.369792	0	0
#SusPed	331.375000	91	0
#SusPed	333.209635	0	0
#SusPed	333.216146	79	0
#SusPed	333.359375	0	0
#SusPed	333.365885	97	0
#SusPed	335.539062	0	0
#SusPed	335.553385	95	0
#SusPed	335.779948	0	0
#SusPed	335.792969	87	0
#SusPed	340.959635	0	0
#SusPed	340.967448	103	0
#SusPed	341.149740	0	0
#SusPed	341.157552	86	0
#SusPed	342.878906	0	0
#SusPed	342.893229	92	0
#SusPed	343.098958	0	0
#SusPed	343.106771	101	0
#SusPed	349.109375	0	0
#SusPed	353.324219	71	0
#SusPed	359.319010	0	0
#SofPed	368.605469	87	0
#SofPed	369.729167	0	0
#SofPed	369.740885	79	0
#SofPed	369.989583	0	0
