//Version: PianoRoll_v170101
0	0.085938	3.239583	G4	70	80	0
1	0.164062	1.179688	B3	44	80	0
2	0.748698	1.348958	D4	43	80	0
3	1.320312	2.419271	B3	46	80	0
4	1.351562	2.769531	G3	32	80	0
5	1.352865	2.419271	G2	32	80	0
6	1.920573	2.679688	D4	44	80	0
7	2.503906	3.419271	B3	43	80	0
8	2.533854	2.809896	C3	29	80	0
9	2.536458	4.549479	C2	31	80	0
10	3.104167	4.669271	A4	65	80	0
11	3.144531	3.819010	E4	48	80	0
12	3.714844	4.649740	F#4	64	80	0
13	3.757812	4.529948	B3	37	80	0
14	3.766927	4.539062	E3	40	80	0
15	4.325521	6.149740	E4	64	80	0
16	4.963542	6.549479	D4	55	80	0
17	5.015625	5.839844	F#3	36	80	0
18	5.027344	6.529948	D2	29	80	0
19	5.583333	6.378906	B3	45	80	0
20	6.160156	7.619792	E4	59	80	0
21	6.210938	7.408854	B2	36	80	0
22	6.213542	7.209635	F#3	36	80	0
23	6.760417	7.128906	F#4	63	80	0
24	6.794271	7.149740	B3	39	80	0
25	7.411458	8.759115	F#4	53	80	0
26	7.483073	8.329427	G3	35	80	0
27	7.484375	7.718750	B3	34	80	0
28	7.485677	8.759115	E2	32	80	0
29	8.033854	8.649740	E4	55	80	0
30	8.084635	8.869792	B3	37	80	0
31	8.662760	10.239583	E4	55	80	0
32	8.692708	9.639323	D3	32	80	0
33	8.692708	10.079427	G3	34	80	0
34	9.279948	9.539062	B3	52	80	0
35	9.550781	10.098958	B3	24	80	0
36	9.975260	12.598958	B4	74	80	0
37	9.979167	9.989583	G2	37	80	0
38	10.033854	10.938802	C4	44	80	0
39	10.595052	11.199219	E4	49	80	0
40	11.207031	12.029948	C4	39	80	0
41	11.209635	11.529948	E4	35	80	0
42	11.214844	12.348958	G3	36	80	0
43	11.794271	12.679688	E4	46	80	0
44	12.382812	13.389323	C4	46	80	0
45	12.412760	13.229167	A2	25	80	0
46	12.994792	13.789062	C5	67	80	0
47	13.054688	13.779948	E4	43	80	0
48	13.625000	14.949219	A4	70	80	0
49	13.686198	14.609375	C4	33	80	0
50	13.691406	14.929688	G3	35	80	0
51	14.233073	15.139323	G4	69	80	0
52	14.278646	15.139323	E4	51	80	0
53	14.914062	16.399740	F#4	55	80	0
54	14.960938	15.829427	C4	42	80	0
55	14.963542	16.579427	D3	40	80	0
56	15.532552	16.279948	D4	47	80	0
57	16.136719	17.779948	G4	62	80	0
58	16.183594	16.973958	C4	42	80	0
59	16.753906	18.250000	A4	62	80	0
60	16.783854	17.609375	D4	46	80	0
61	17.402344	18.259115	B3	50	80	0
62	17.404948	18.259115	G2	40	80	0
63	17.992188	18.779948	B4	68	80	0
64	18.033854	18.809896	D4	45	80	0
65	18.619792	19.559896	G4	73	80	0
66	18.657552	19.949219	B3	41	80	0
67	18.686198	20.169271	F#3	46	80	0
68	19.240885	20.119792	F#4	70	80	0
69	19.266927	20.109375	D4	47	80	0
70	19.934896	22.209635	E4	61	80	0
71	19.962240	20.688802	B3	42	80	0
72	19.971354	21.256510	C3	40	80	0
73	20.552083	21.261719	C4	53	80	0
74	21.164062	21.938802	F#4	57	80	0
75	21.174479	21.908854	B3	50	80	0
76	21.760417	23.179688	G4	61	80	0
77	21.815104	22.598958	C4	41	80	0
78	22.412760	23.259115	A3	40	80	0
79	22.427083	23.139323	F#2	34	80	0
80	23.001302	24.319010	A4	65	80	0
81	23.027344	23.779948	C4	46	80	0
82	23.634115	24.539062	F#4	48	80	0
83	23.644531	24.688802	A3	41	80	0
84	23.680990	25.229167	E3	37	80	0
85	24.247396	26.199219	E4	55	80	0
86	24.296875	25.269531	C4	46	80	0
87	24.984375	27.500000	F#4	42	80	0
88	25.046875	28.059896	F#3	33	80	0
89	25.062500	27.289062	B2	34	80	0
90	25.063802	25.069010	B3	35	80	0
91	25.625000	26.438802	B3	42	80	0
92	26.204427	27.848958	D4	46	80	0
93	26.850260	27.869792	B3	45	80	0
94	27.592448	29.029948	F#2	34	80	0
95	28.342448	29.299479	A4	58	80	0
96	28.382812	29.218750	C4	39	80	0
97	28.384115	29.179688	E4	39	80	0
98	29.096354	30.908854	F#4	63	80	0
99	29.135417	29.919271	B3	49	80	0
100	29.136719	29.959635	D4	48	80	0
101	29.141927	30.259115	G3	46	80	0
102	29.143229	30.319010	G2	44	80	0
103	29.855469	31.669271	E4	64	80	0
104	29.881510	31.658854	A2	39	80	0
105	29.885417	31.079427	F#3	38	80	0
106	29.886719	31.289062	C4	46	80	0
107	31.092448	33.779948	F#4	44	80	0
108	31.114583	32.699219	B3	37	80	0
109	31.118490	33.799479	D3	36	80	0
110	32.016927	33.919271	D4	40	80	0
111	33.490885	36.449219	B4	62	80	0
112	35.455729	37.468750	B1	22	80	0
113	35.459635	37.500000	B2	18	80	0
114	36.972656	36.979167	B3	18	80	0
115	37.369792	38.839844	B4	50	80	0
116	38.746094	38.908854	C4	41	80	0
117	38.755208	39.019531	B3	42	80	0
118	38.834635	39.069010	E4	30	80	0
119	38.929688	40.199219	G4	45	80	0
120	39.003906	42.348958	B4	53	80	0
121	39.118490	41.859375	E5	53	80	0
122	39.243490	39.639323	A1	31	80	0
123	39.244792	39.598958	A2	30	80	0
124	39.938802	40.869792	E4	45	80	0
125	40.544271	42.158854	G4	37	80	0
126	40.563802	41.779948	B3	42	80	0
127	41.138021	42.239583	E4	41	80	0
128	41.716146	42.839844	C4	46	80	0
129	42.322917	43.299479	A4	67	80	0
130	42.368490	43.459635	E4	40	80	0
131	42.372396	43.669271	A3	42	80	0
132	42.992188	43.718750	D5	69	80	0
133	43.026042	43.938802	D4	42	80	0
134	43.027344	43.829427	G4	44	80	0
135	43.604167	44.039062	B4	78	80	0
136	43.638021	44.399740	E4	50	80	0
137	43.653646	44.029948	B3	39	80	0
138	44.257812	44.889323	B4	61	80	0
139	44.304688	46.369792	C4	46	80	0
140	44.308594	44.589844	B3	48	80	0
141	44.869792	45.709635	E4	47	80	0
142	44.875000	44.889323	A3	34	80	0
143	44.875000	45.529948	F#3	40	80	0
144	45.502604	46.938802	A4	70	80	0
145	45.544271	46.329427	F#3	40	80	0
146	46.123698	47.429688	E4	43	80	0
147	46.794271	48.289062	G4	56	80	0
148	46.803385	48.149740	B3	50	80	0
149	47.442708	48.609375	E4	53	80	0
150	48.082031	50.089844	A4	65	80	0
151	48.115885	50.079427	A3	47	80	0
152	48.941406	49.289062	E4	48	80	0
153	49.796875	51.389323	E4	54	80	0
154	49.876302	52.289062	G3	38	80	0
155	50.942708	51.859375	B3	40	80	0
156	51.601562	52.419271	E4	39	80	0
157	52.201823	53.049479	B4	50	80	0
158	52.875000	54.209635	E4	39	80	0
159	52.878906	53.269531	E3	38	80	0
160	52.888021	53.609375	E2	31	80	0
161	53.602865	54.688802	D4	52	80	0
162	53.604167	53.809896	D5	54	80	0
163	53.627604	53.878906	C5	45	80	0
164	53.634115	54.759115	D3	33	80	0
165	53.638021	54.628906	D2	35	80	0
166	54.332031	55.679688	G4	54	80	0
167	54.372396	54.769531	G3	42	80	0
168	54.380208	54.859375	G2	38	80	0
169	55.191406	56.598958	D5	46	80	0
170	55.192708	56.639323	F#4	41	80	0
171	55.201823	56.549479	C5	43	80	0
172	55.204427	55.829427	F#3	35	80	0
173	55.205729	56.619792	F#2	34	80	0
174	55.205729	55.218750	C4	34	80	0
175	56.510417	57.449219	E5	49	80	0
176	56.510417	57.500000	E4	47	80	0
177	56.514323	57.878906	B4	44	80	0
178	56.526042	59.399740	E3	32	80	0
179	56.532552	60.000000	E2	28	80	0
180	57.322917	58.500000	B3	76	80	0
181	58.101562	59.218750	D4	83	80	0
182	58.104167	58.779948	B4	76	80	0
183	58.963542	61.098958	E4	93	80	0
184	60.204427	62.929688	F#4	71	80	0
185	60.217448	61.459635	G#3	61	80	0
186	60.221354	62.259115	D4	67	80	0
187	60.223958	62.359375	E2	51	80	0
188	60.225260	61.750000	B2	55	80	0
189	62.242188	64.039062	E4	68	80	0
190	62.244792	63.250000	C4	66	80	0
191	62.244792	63.839844	F#3	59	80	0
192	62.253906	64.039062	A2	55	80	0
193	62.286458	64.000000	D2	45	80	0
194	63.027344	63.949219	B3	74	80	0
195	63.483073	64.319010	A3	83	80	0
196	63.677083	67.500000	F#2	53	80	0
197	63.688802	64.089844	B1	52	80	0
198	64.295573	67.500000	F#4	71	80	0
199	64.303385	67.408854	B3	72	80	0
200	64.307292	66.959635	F#3	63	80	0
201	64.309896	67.500000	D3	60	80	0
202	68.364583	68.759115	B3	38	80	0
203	68.384115	70.559896	F#3	33	80	0
204	69.022135	69.609375	D4	46	80	0
205	69.044271	70.098958	B3	39	80	0
206	69.634115	70.079427	F#4	55	80	0
207	69.660156	69.669271	D3	29	80	0
208	69.662760	70.569010	D4	32	80	0
209	70.351562	70.729167	B4	58	80	0
210	70.378906	70.699219	F#4	36	80	0
211	71.444010	72.658854	F#5	61	80	0
212	71.513021	72.209635	B4	34	80	0
213	71.524740	72.109375	D5	27	80	0
214	71.526042	71.809896	A4	27	80	0
215	71.529948	73.579427	B1	28	80	0
216	71.545573	71.559896	D3	24	80	0
217	72.294271	72.718750	D5	40	80	0
218	72.298177	72.639323	B4	36	80	0
219	72.326823	72.628906	A4	28	80	0
220	73.033854	73.869792	G5	61	80	0
221	73.074219	73.479167	D5	36	80	0
222	73.075521	73.489583	B4	34	80	0
223	73.079427	73.459635	G4	33	80	0
224	73.727865	74.059896	B4	40	80	0
225	73.734375	74.069010	D5	40	80	0
226	73.735677	73.908854	G4	29	80	0
227	74.337240	74.628906	B4	39	80	0
228	74.337240	74.639323	D5	43	80	0
229	74.369792	74.598958	B2	32	80	0
230	74.385417	74.658854	B1	26	80	0
231	74.954427	75.468750	F#5	62	80	0
232	74.986979	75.319010	D5	42	80	0
233	74.986979	75.339844	A4	44	80	0
234	74.994792	75.309896	B4	44	80	0
235	75.593750	75.919271	G5	66	80	0
236	75.635417	75.869792	G4	40	80	0
237	75.635417	75.889323	D5	41	80	0
238	75.638021	75.899740	B4	38	80	0
239	76.222656	76.459635	A5	62	80	0
240	76.253906	76.539062	B4	45	80	0
241	76.263021	76.468750	D5	44	80	0
242	76.264323	76.519531	F#4	43	80	0
243	76.914062	78.279948	D5	66	80	0
244	76.964844	77.579427	B4	37	80	0
245	76.966146	77.250000	B2	31	80	0
246	76.966146	78.688802	B1	31	80	0
247	76.984375	77.438802	E4	35	80	0
248	76.996094	77.369792	G4	29	80	0
249	77.588542	77.968750	B4	44	80	0
250	77.613281	77.869792	G4	30	80	0
251	77.614583	77.869792	E4	30	80	0
252	78.233073	80.000000	C#5	48	80	0
253	78.257812	78.628906	E4	33	80	0
254	78.272135	78.889323	B4	34	80	0
255	78.278646	78.619792	G4	30	80	0
256	78.894531	79.519531	B4	33	80	0
257	78.925781	79.259115	G4	27	80	0
258	78.937500	79.199219	E4	28	80	0
259	79.526042	79.839844	B4	31	80	0
260	79.567708	79.779948	G4	25	80	0
261	79.572917	79.809896	E4	28	80	0
262	80.152344	80.789062	B4	43	80	0
263	80.182292	80.539062	E4	41	80	0
264	80.184896	80.519531	G4	31	80	0
265	80.794271	81.089844	B3	51	80	0
266	80.796875	81.139323	B4	44	80	0
267	80.802083	81.059896	G4	36	80	0
268	80.817708	81.069010	E4	29	80	0
269	81.382812	82.218750	B4	43	80	0
270	81.415365	81.839844	G4	46	80	0
271	81.416667	81.779948	E4	51	80	0
272	82.095052	83.039062	D5	69	80	0
273	82.128906	82.444010	F#4	46	80	0
274	82.131510	82.989583	B2	38	80	0
275	82.134115	84.378906	B1	37	80	0
276	82.723958	83.139323	B4	48	80	0
277	82.753906	82.959635	G4	40	80	0
278	82.760417	83.089844	F#4	41	80	0
279	83.453125	85.229167	E5	61	80	0
280	83.485677	84.109375	G4	42	80	0
281	83.485677	83.989583	E4	42	80	0
282	83.485677	84.109375	B4	44	80	0
283	84.117188	84.609375	B4	41	80	0
284	84.122396	84.699219	E4	35	80	0
285	84.123698	84.438802	G4	31	80	0
286	84.744792	85.348958	B4	42	80	0
287	84.753906	85.188802	G4	34	80	0
288	84.765625	85.339844	E4	32	80	0
289	84.766927	84.779948	B3	37	80	0
290	84.770833	85.239583	B2	36	80	0
291	85.406250	86.218750	D5	64	80	0
292	85.445312	85.878906	B4	47	80	0
293	85.451823	85.789062	F#4	38	80	0
294	85.453125	85.789062	G4	39	80	0
295	85.460938	85.468750	B3	37	80	0
296	85.466146	85.639323	B2	33	80	0
297	86.019531	86.519531	E5	68	80	0
298	86.053385	86.059896	G3	35	80	0
299	86.054688	86.399740	B4	41	80	0
300	86.063802	86.359375	G4	40	80	0
301	86.066406	86.399740	E4	35	80	0
302	86.632812	86.979167	F#5	67	80	0
303	86.673177	87.019531	B4	48	80	0
304	86.675781	86.919271	G4	33	80	0
305	86.678385	86.688802	G3	31	80	0
306	86.680990	86.949219	D4	37	80	0
307	86.683594	86.779948	F#4	32	80	0
308	87.364583	88.839844	B4	63	80	0
309	87.417969	87.938802	C#4	36	80	0
310	87.421875	87.899740	E4	37	80	0
311	87.433594	87.438802	G3	30	80	0
312	87.436198	87.759115	G4	28	80	0
313	87.437500	88.408854	B2	33	80	0
314	88.035156	88.438802	G4	32	80	0
315	88.036458	88.429688	C#4	33	80	0
316	88.036458	88.408854	E4	35	80	0
317	88.647135	89.408854	A4	56	80	0
318	88.694010	89.069010	C#4	30	80	0
319	88.704427	89.009115	E4	33	80	0
320	89.322917	89.609375	G4	29	80	0
321	89.339844	89.729167	C#4	26	80	0
322	89.345052	89.729167	E4	28	80	0
323	90.153646	90.989583	F#4	51	80	0
324	90.205729	90.239583	D4	31	80	0
325	90.212240	90.839844	C#4	29	80	0
326	90.993490	91.299479	D4	33	80	0
327	90.997396	91.529948	F#4	32	80	0
328	91.000000	91.332031	C#4	32	80	0
329	91.619792	91.938802	D4	35	80	0
330	91.623698	92.000000	F#4	32	80	0
331	91.623698	91.848958	C#4	34	80	0
332	92.221354	92.639323	F#4	33	80	0
333	92.223958	92.569010	D4	30	80	0
334	92.223958	92.549479	C#4	29	80	0
335	92.854167	94.019531	A4	60	80	0
336	92.884115	93.319010	F#4	38	80	0
337	92.912760	92.959635	D4	36	80	0
338	92.924479	93.329427	C#4	33	80	0
339	92.936198	95.009115	A2	26	80	0
340	92.941406	95.399740	A1	30	80	0
341	93.497396	93.889323	F#4	38	80	0
342	93.498698	93.848958	C#4	43	80	0
343	93.527344	93.750000	D4	41	80	0
344	94.177083	96.289062	B4	60	80	0
345	94.203125	94.658854	D4	45	80	0
346	94.204427	94.688802	F#4	44	80	0
347	94.207031	94.604167	B3	47	80	0
348	94.805990	95.139323	D4	37	80	0
349	94.809896	95.209635	F#4	37	80	0
350	94.813802	95.158854	B3	41	80	0
351	95.393229	96.269531	B3	35	80	0
352	95.394531	95.848958	F#4	32	80	0
353	95.394531	95.869792	D4	36	80	0
354	95.403646	97.750000	A2	28	80	0
355	95.414062	97.859375	A1	27	80	0
356	96.027344	96.919271	A4	65	80	0
357	96.044271	96.549479	C#4	43	80	0
358	96.059896	96.438802	F#4	42	80	0
359	96.063802	96.289062	D4	42	80	0
360	96.684896	97.598958	B4	73	80	0
361	96.717448	97.069010	D4	42	80	0
362	96.720052	97.149740	F#4	50	80	0
363	96.720052	97.250000	B3	52	80	0
364	97.393229	97.839844	C#5	69	80	0
365	97.416667	97.979167	D4	45	80	0
366	97.420573	97.789062	F#4	47	80	0
367	97.440104	97.848958	A3	41	80	0
368	98.391927	99.519531	F#4	64	80	0
369	98.394531	99.399740	G3	50	80	0
370	98.399740	99.839844	D4	49	80	0
371	98.406250	102.500000	E2	42	80	0
372	98.406250	100.119792	B2	44	80	0
373	99.993490	102.459635	E4	67	80	0
374	100.011719	101.929688	B3	56	80	0
375	100.013021	102.199219	G3	46	80	0
376	100.031250	102.839844	A2	44	80	0
377	100.036458	100.979167	A1	40	80	0
378	102.230469	103.239583	D4	67	80	0
379	102.246094	102.859375	A3	47	80	0
380	102.250000	102.919271	D3	53	80	0
381	102.253906	102.789062	F#3	53	80	0
382	103.002604	103.549479	E4	74	80	0
383	103.024740	103.408854	G3	51	80	0
384	103.033854	103.389323	B3	54	80	0
385	103.033854	103.348958	E3	51	80	0
386	103.041667	103.789062	A2	48	80	0
387	103.664062	104.500000	F#4	65	80	0
388	103.680990	104.419271	D4	56	80	0
389	103.682292	104.299479	G3	60	80	0
390	103.688802	104.459635	B2	51	80	0
391	103.694010	104.889323	E2	44	80	0
392	104.701823	107.209635	E4	56	80	0
393	104.703125	106.908854	G3	46	80	0
394	104.704427	105.769531	D4	49	80	0
395	104.705729	106.438802	B3	50	80	0
396	107.015625	108.098958	A3	37	80	0
397	107.016927	108.089844	D4	40	80	0
398	107.031250	108.179688	D3	33	80	0
399	107.033854	108.169271	F#3	33	80	0
400	109.523438	110.779948	F#5	45	80	0
401	109.545573	110.279948	B4	33	80	0
402	109.553385	110.259115	D5	33	80	0
403	109.557292	109.949219	A4	24	80	0
404	109.561198	109.569010	D3	22	80	0
405	109.566406	109.878906	B2	20	80	0
406	110.270833	110.729167	D5	34	80	0
407	110.289062	110.799479	B4	27	80	0
408	110.295573	110.669271	A4	21	80	0
409	110.963542	111.889323	G5	53	80	0
410	111.005208	111.419271	D5	35	80	0
411	111.005208	111.408854	B4	29	80	0
412	111.007812	111.378906	G4	28	80	0
413	111.628906	111.919271	B4	41	80	0
414	111.631510	111.848958	G4	28	80	0
415	111.631510	111.929688	D5	39	80	0
416	112.264323	112.489583	G4	32	80	0
417	112.266927	112.549479	D5	45	80	0
418	112.268229	112.549479	B4	43	80	0
419	112.858073	113.329427	F#5	56	80	0
420	112.881510	113.259115	A4	38	80	0
421	112.882812	113.199219	D5	42	80	0
422	112.884115	113.209635	B4	44	80	0
423	113.483073	113.789062	G5	62	80	0
424	113.522135	113.759115	G4	39	80	0
425	113.526042	113.789062	B4	39	80	0
426	113.527344	113.769531	D5	37	80	0
427	114.098958	114.359375	A5	64	80	0
428	114.144531	114.378906	F#4	40	80	0
429	114.144531	114.449219	B4	43	80	0
430	114.145833	114.378906	D5	42	80	0
431	114.800781	115.809896	D5	59	80	0
432	114.834635	115.329427	B4	43	80	0
433	114.847656	115.479167	E4	38	80	0
434	114.854167	115.259115	G4	33	80	0
435	114.855469	117.500000	E2	30	80	0
436	114.856771	117.139323	E3	33	80	0
437	115.473958	115.799479	B4	55	80	0
438	115.483073	115.699219	G4	42	80	0
439	115.493490	115.789062	E4	39	80	0
440	116.101562	118.169271	C#5	52	80	0
441	116.144531	116.489583	B4	40	80	0
442	116.152344	116.539062	E4	45	80	0
443	116.194010	116.449219	G4	26	80	0
444	116.791667	117.378906	B4	40	80	0
445	116.816406	117.079427	G4	29	80	0
446	116.822917	117.089844	E4	31	80	0
447	117.385417	117.750000	B4	28	80	0
448	117.385417	117.628906	G4	30	80	0
449	117.388021	117.709635	E4	32	80	0
450	118.016927	118.389323	E4	43	80	0
451	118.016927	118.399740	B4	45	80	0
452	118.024740	118.319010	G4	37	80	0
453	118.626302	118.989583	B4	49	80	0
454	118.644531	118.929688	G4	35	80	0
455	118.654948	119.029948	B3	44	80	0
456	118.661458	118.929688	E4	29	80	0
457	119.233073	119.467448	B4	48	80	0
458	119.253906	119.569010	G4	40	80	0
459	119.260417	119.539062	E4	42	80	0
460	119.894531	120.979167	D5	57	80	0
461	119.927083	120.369792	B4	45	80	0
462	119.930990	120.589844	A2	37	80	0
463	119.933594	120.848958	A3	36	80	0
464	119.944010	120.359375	G4	42	80	0
465	119.963542	120.319010	E4	37	80	0
466	120.615885	121.009115	B4	47	80	0
467	120.622396	120.949219	G4	43	80	0
468	120.623698	120.899740	F#4	41	80	0
469	121.346354	122.959635	E5	53	80	0
470	121.376302	121.759115	B4	46	80	0
471	121.376302	121.938802	E4	44	80	0
472	121.376302	121.729167	G4	38	80	0
473	122.036458	122.289062	G4	37	80	0
474	122.041667	122.319010	B4	48	80	0
475	122.044271	122.359375	E4	35	80	0
476	122.634115	122.989583	B4	43	80	0
477	122.644531	123.639323	E4	32	80	0
478	122.645833	122.968750	G4	34	80	0
479	123.277344	123.938802	D5	55	80	0
480	123.286458	123.529948	F#4	43	80	0
481	123.309896	123.679688	G4	41	80	0
482	123.312500	123.699219	B4	45	80	0
483	123.901042	124.339844	E5	60	80	0
484	123.932292	124.239583	B4	46	80	0
485	123.938802	124.348958	E4	42	80	0
486	123.942708	124.250000	G4	47	80	0
487	124.515625	124.869792	F#5	60	80	0
488	124.542969	124.878906	B4	44	80	0
489	124.563802	124.908854	G4	47	80	0
490	124.566406	124.848958	D4	40	80	0
491	124.574219	125.019531	E4	41	80	0
492	125.212240	126.339844	B4	61	80	0
493	125.272135	125.649740	C#4	40	80	0
494	125.274740	125.649740	E4	39	80	0
495	125.278646	125.628906	G4	38	80	0
496	125.833333	126.209635	E4	43	80	0
497	125.834635	126.098958	G4	36	80	0
498	125.838542	126.179688	C#4	40	80	0
499	126.470052	127.549479	A4	52	80	0
500	126.481771	126.938802	G4	46	80	0
501	126.485677	126.915365	C#4	39	80	0
502	126.505208	126.904948	E4	42	80	0
503	126.514323	127.419271	A2	30	80	0
504	126.514323	127.259115	A1	30	80	0
505	127.143229	128.119792	G4	35	80	0
506	127.154948	127.549479	C#4	34	80	0
507	127.156250	128.039062	E4	32	80	0
508	128.013021	128.750000	F#4	42	80	0
509	128.045573	128.641927	C#4	40	80	0
510	128.066406	130.319010	D3	31	80	0
511	128.066406	130.809896	D2	31	80	0
512	128.915365	129.299479	F#4	35	80	0
513	128.927083	129.509115	C#4	31	80	0
514	129.514323	129.679688	D4	32	80	0
515	129.514323	129.949219	F#4	31	80	0
516	129.516927	129.845052	C#4	31	80	0
517	130.156250	130.449219	D4	31	80	0
518	130.156250	130.628906	F#4	28	80	0
519	130.157552	130.539062	C#4	30	80	0
520	130.807292	131.789062	A4	62	80	0
521	130.864583	131.269531	F#4	35	80	0
522	130.869792	131.222656	C#4	36	80	0
523	130.876302	134.479167	G2	31	80	0
524	131.447917	131.779948	F#4	36	80	0
525	131.451823	131.729167	D4	37	80	0
526	131.457031	131.729167	C#4	34	80	0
527	132.194010	134.329427	B4	65	80	0
528	132.235677	132.729167	D4	34	80	0
529	132.235677	132.839844	B3	39	80	0
530	132.239583	132.829427	F#4	41	80	0
531	132.843750	133.229167	F#4	38	80	0
532	132.845052	133.149740	D4	38	80	0
533	132.846354	133.239583	B3	41	80	0
534	133.468750	133.929688	D4	42	80	0
535	133.470052	133.869792	F#4	35	80	0
536	133.472656	134.069010	B3	38	80	0
537	134.140625	135.149740	A4	70	80	0
538	134.173177	134.769531	C#4	51	80	0
539	134.173177	135.500000	F#4	51	80	0
540	135.007812	136.069010	B4	77	80	0
541	135.044271	135.509115	B3	53	80	0
542	135.052083	135.468750	D4	47	80	0
543	135.063802	136.259115	B2	48	80	0
544	135.065104	136.408854	B1	45	80	0
545	135.851562	136.399740	C#5	77	80	0
546	135.880208	136.669271	F#4	57	80	0
547	135.881510	136.750000	D4	53	80	0
548	135.884115	136.559896	A3	51	80	0
549	137.071615	139.259115	F#4	56	80	0
550	137.102865	138.279948	C#4	50	80	0
551	137.104167	138.259115	G#3	41	80	0
552	137.111979	138.449219	B2	42	80	0
553	137.115885	139.429688	E2	38	80	0
554	138.799479	140.938802	C#4	54	80	0
555	138.803385	141.389323	E4	56	80	0
556	138.811198	141.049479	G3	45	80	0
557	138.830729	139.669271	B3	48	80	0
558	138.832031	141.839844	A2	43	80	0
559	141.236979	141.729167	A3	46	80	0
560	141.238281	141.718750	D4	52	80	0
561	141.243490	141.699219	F#3	48	80	0
562	141.244792	141.679688	B3	44	80	0
563	141.246094	141.769531	D3	50	80	0
564	141.975260	143.019531	E4	68	80	0
565	141.990885	142.378906	E3	52	80	0
566	142.003906	142.459635	G3	48	80	0
567	142.005208	142.509115	C#4	48	80	0
568	142.005208	142.500000	A2	48	80	0
569	142.714844	143.919271	F#4	64	80	0
570	142.730469	143.348958	D4	53	80	0
571	142.735677	143.598958	B2	49	80	0
572	142.735677	144.049479	E2	44	80	0
573	142.736979	143.348958	G#3	52	80	0
574	143.825521	146.209635	E4	59	80	0
575	143.839844	144.819010	B3	47	80	0
576	143.841146	145.589844	G3	37	80	0
577	143.842448	145.799479	E3	42	80	0
578	143.843750	146.119792	C#4	50	80	0
579	143.854167	146.829427	A2	38	80	0
580	146.035156	147.029948	D4	37	80	0
581	146.040365	147.000000	A3	30	80	0
582	146.045573	147.128906	D3	30	80	0
583	146.054688	147.019531	F#3	28	80	0
584	148.184896	148.869792	F#4	85	80	0
585	148.194010	148.889323	D4	81	80	0
586	148.195312	148.609375	G#3	75	80	0
587	148.196615	148.658854	B2	74	80	0
588	148.196615	149.859375	E2	73	80	0
589	149.776042	151.539062	E4	86	80	0
590	149.785156	151.369792	F#3	70	80	0
591	149.785156	151.449219	C4	77	80	0
592	149.800781	151.279948	A2	67	80	0
593	149.816406	151.959635	D2	57	80	0
594	151.888021	152.699219	D4	82	80	0
595	151.941406	152.449219	G2	47	80	0
596	151.941406	152.479167	Bb3	51	80	0
597	151.942708	152.500000	E3	49	80	0
598	151.951823	152.449219	G3	44	80	0
599	152.640625	153.479167	E4	79	80	0
600	152.666667	153.139323	F#3	56	80	0
601	152.667969	153.079427	C4	58	80	0
602	152.683594	153.329427	A2	50	80	0
603	152.683594	153.269531	D2	52	80	0
604	153.273438	154.459635	F#4	76	80	0
605	153.303385	153.688802	D4	53	80	0
606	153.316406	153.779948	G#3	48	80	0
607	153.317708	153.589844	B3	49	80	0
608	153.326823	155.329427	B2	46	80	0
609	153.332031	154.218750	E2	46	80	0
610	154.041667	155.899740	G2	38	80	0
611	154.052083	154.059896	G1	38	80	0
612	154.098958	157.299479	E4	68	80	0
613	154.145833	155.359375	B3	35	80	0
614	154.149740	154.688802	F3	35	80	0
615	154.151042	154.158854	G3	32	80	0
616	154.985677	155.779948	G#3	48	80	0
617	155.003906	155.649740	F#3	45	80	0
618	156.397135	158.039062	D4	46	80	0
619	156.403646	157.739583	A3	35	80	0
620	156.438802	157.859375	C4	38	80	0
621	156.463542	158.348958	D2	28	80	0
622	156.464844	157.479167	D3	24	80	0
623	158.803385	159.119792	D4	37	80	0
624	159.002604	159.250000	G2	34	80	0
625	159.005208	159.239583	G3	31	80	0
626	159.006510	159.279948	D3	32	80	0
627	159.484375	160.848958	G5	69	80	0
628	159.544271	159.819010	B3	37	80	0
629	159.546875	159.750000	G3	27	80	0
630	160.109375	160.878906	D5	36	80	0
631	160.652344	161.769531	B4	42	80	0
632	160.674479	161.878906	G4	31	80	0
633	160.680990	160.899740	D4	31	80	0
634	160.692708	160.839844	G3	29	80	0
635	160.696615	160.772135	B3	33	80	0
636	161.174479	161.908854	D5	38	80	0
637	161.371094	161.598958	C2	36	80	0
638	161.766927	162.069010	E3	40	80	0
639	161.777344	162.049479	E4	39	80	0
640	161.781250	162.019531	B4	39	80	0
641	162.313802	162.619792	A5	75	80	0
642	162.360677	162.709635	E5	53	80	0
643	162.881510	163.619792	F#5	80	80	0
644	162.917969	164.269531	B4	52	80	0
645	162.933594	163.149740	B3	40	80	0
646	162.937500	163.509115	G4	45	80	0
647	162.951823	163.169271	E3	41	80	0
648	162.953125	163.119792	G3	39	80	0
649	162.959635	163.149740	E4	41	80	0
650	163.466146	163.479167	G2	41	80	0
651	163.472656	164.419271	E5	76	80	0
652	163.687500	163.785156	D2	35	80	0
653	163.781250	163.908854	B2	46	80	0
654	164.015625	165.158854	D5	68	80	0
655	164.096354	164.979167	F#4	45	80	0
656	164.104167	164.279948	B2	40	80	0
657	164.111979	164.369792	B3	38	80	0
658	164.111979	164.279948	F#3	41	80	0
659	164.631510	165.579427	B4	53	80	0
660	164.667969	164.949219	F#3	29	80	0
661	165.182292	166.059896	E5	69	80	0
662	165.216146	165.429688	F#3	39	80	0
663	165.223958	165.579427	F#4	39	80	0
664	165.223958	165.339844	B2	37	80	0
665	165.226562	165.438802	B3	37	80	0
666	165.723958	166.079427	F#5	76	80	0
667	165.761719	166.718750	B4	49	80	0
668	165.954427	166.688802	E4	45	80	0
669	165.962240	166.109375	E2	33	80	0
670	166.339844	166.899740	F#5	57	80	0
671	166.365885	166.739583	G3	33	80	0
672	166.937500	167.289062	E5	66	80	0
673	166.990885	167.419271	B4	42	80	0
674	167.511719	168.429688	E5	52	80	0
675	167.541667	167.839844	G4	35	80	0
676	167.544271	167.759115	G3	30	80	0
677	167.544271	167.819010	B3	31	80	0
678	167.579427	167.859375	E4	32	80	0
679	168.102865	168.419271	B4	37	80	0
680	168.321615	168.669271	G3	46	80	0
681	168.326823	168.389323	G4	39	80	0
682	168.334635	168.509115	C3	43	80	0
683	168.726562	170.079427	B5	78	80	0
684	168.772135	168.848958	B4	52	80	0
685	168.781250	169.500000	E4	44	80	0
686	168.782552	168.878906	E3	39	80	0
687	168.854167	169.878906	B4	49	80	0
688	169.352865	170.179688	E5	55	80	0
689	169.903646	170.628906	C5	50	80	0
690	169.951823	170.229167	E4	37	80	0
691	169.953125	170.179688	B4	34	80	0
692	170.486979	171.128906	E5	52	80	0
693	170.709635	171.218750	A2	39	80	0
694	170.739583	171.378906	E3	40	80	0
695	171.063802	171.269531	B4	46	80	0
696	171.083333	171.419271	C4	43	80	0
697	171.640625	172.329427	C6	71	80	0
698	171.703125	172.309896	E5	51	80	0
699	172.183594	172.609375	C5	42	80	0
700	172.204427	172.500000	E4	38	80	0
701	172.264323	172.649740	A5	68	80	0
702	172.332031	172.598958	G4	48	80	0
703	172.333333	172.628906	A4	47	80	0
704	172.820312	173.209635	G5	76	80	0
705	172.858073	173.188802	E5	57	80	0
706	172.863281	173.089844	G4	52	80	0
707	173.085938	174.289062	F#3	38	80	0
708	173.087240	173.279948	B2	43	80	0
709	173.471354	174.468750	F#5	67	80	0
710	173.493490	173.929688	D5	52	80	0
711	173.509115	174.378906	D4	38	80	0
712	173.509115	174.408854	F#4	52	80	0
713	174.032552	174.389323	B4	49	80	0
714	174.037760	174.489583	D5	51	80	0
715	174.622396	175.089844	B4	44	80	0
716	174.628906	174.869792	D4	38	80	0
717	174.640625	175.329427	G5	70	80	0
718	174.687500	174.938802	G4	54	80	0
719	175.286458	176.158854	A5	70	80	0
720	175.338542	176.059896	A4	45	80	0
721	175.342448	175.919271	D5	41	80	0
722	175.595052	175.678385	G2	44	80	0
723	175.596354	175.679688	G3	39	80	0
724	175.977865	176.279948	B4	44	80	0
725	175.984375	176.229167	F#4	39	80	0
726	176.014323	176.279948	B3	41	80	0
727	176.548177	176.839844	B5	74	80	0
728	176.591146	176.869792	D5	53	80	0
729	177.101562	177.839844	G5	79	80	0
730	177.158854	177.799479	B4	43	80	0
731	177.173177	177.359375	D4	32	80	0
732	177.173177	177.378906	G4	39	80	0
733	177.647135	178.348958	F#5	74	80	0
734	177.696615	178.079427	D5	44	80	0
735	177.880208	177.951823	A2	42	80	0
736	178.287760	179.158854	E5	58	80	0
737	178.326823	179.000000	B4	49	80	0
738	178.334635	178.799479	C4	39	80	0
739	178.342448	178.669271	E4	36	80	0
740	178.897135	179.289062	C5	54	80	0
741	179.434896	180.098958	F#5	66	80	0
742	179.467448	179.848958	F#4	47	80	0
743	179.470052	179.878906	A4	42	80	0
744	179.485677	179.739583	E4	36	80	0
745	179.492188	179.759115	C4	29	80	0
746	180.144531	181.209635	G5	66	80	0
747	180.187500	180.658854	C5	44	80	0
748	180.192708	180.539062	G4	46	80	0
749	180.445312	180.669271	F#2	41	80	0
750	180.825521	181.229167	A4	39	80	0
751	180.861979	181.529948	E4	38	80	0
752	180.869792	181.378906	A3	30	80	0
753	181.408854	182.139323	A5	60	80	0
754	181.442708	182.419271	C5	41	80	0
755	182.014323	182.799479	F#5	64	80	0
756	182.071615	182.709635	A4	37	80	0
757	182.072917	182.489583	C4	33	80	0
758	182.074219	182.889323	F#4	38	80	0
759	182.610677	183.279948	E5	58	80	0
760	182.645833	182.959635	C5	46	80	0
761	182.863281	183.139323	F#3	40	80	0
762	182.864583	183.250000	B2	42	80	0
763	183.321615	184.769531	F#5	59	80	0
764	183.347656	183.519531	D5	45	80	0
765	183.351562	184.188802	B4	44	80	0
766	183.354167	184.098958	F#4	36	80	0
767	183.355469	184.468750	D4	34	80	0
768	183.356771	185.468750	F#3	34	80	0
769	183.993490	184.799479	D5	58	80	0
770	184.572917	185.468750	B4	52	80	0
771	184.574219	185.079427	F#4	37	80	0
772	184.619792	185.069010	B3	34	80	0
773	185.179688	185.979167	D5	56	80	0
774	185.851562	186.819010	C5	56	80	0
775	185.885417	186.319010	E4	36	80	0
776	185.895833	186.389323	A4	31	80	0
777	185.921875	187.019531	F#3	31	80	0
778	185.924479	187.739583	F#2	36	80	0
779	186.575521	188.269531	A4	67	80	0
780	186.606771	187.378906	E4	44	80	0
781	186.610677	187.399740	C4	42	80	0
782	187.342448	188.259115	F#4	68	80	0
783	187.376302	187.769531	F#3	47	80	0
784	187.376302	187.889323	B3	53	80	0
785	187.378906	188.229167	D4	51	80	0
786	187.384115	188.299479	B2	49	80	0
787	188.106771	189.750000	E4	66	80	0
788	188.123698	189.598958	C4	47	80	0
789	188.126302	189.378906	D3	42	80	0
790	188.127604	189.519531	F#3	41	80	0
791	189.570312	190.419271	F#4	42	80	0
792	189.583333	190.539062	B3	41	80	0
793	189.583333	190.509115	D4	35	80	0
794	189.602865	191.699219	B2	35	80	0
795	189.608073	190.029948	D3	30	80	0
796	191.462240	194.369792	B5	79	80	0
797	191.494792	192.500000	B4	53	80	0
798	193.312500	195.799479	B1	29	80	0
799	193.317708	195.979167	B2	24	80	0
800	195.167969	196.408854	B5	51	80	0
801	195.190104	196.089844	B4	42	80	0
802	196.686198	197.299479	B3	50	80	0
803	196.777344	196.968750	C4	47	80	0
804	196.858073	197.089844	E4	49	80	0
805	196.914062	197.069010	B4	65	80	0
806	197.033854	197.179688	C5	59	80	0
807	197.115885	197.819010	E5	58	80	0
808	197.191406	198.259115	B5	67	80	0
809	197.319010	198.579427	E3	42	80	0
810	197.322917	198.479167	A2	42	80	0
811	197.580729	198.378906	B4	49	80	0
812	198.259115	199.269531	E5	42	80	0
813	198.282552	198.718750	C5	33	80	0
814	198.859375	200.059896	E4	35	80	0
815	198.871094	199.789062	C4	30	80	0
816	199.434896	200.209635	E5	43	80	0
817	199.459635	199.968750	C5	32	80	0
818	199.963542	200.579427	B3	46	80	0
819	200.500000	201.019531	A5	67	80	0
820	200.529948	201.299479	A4	52	80	0
821	200.532552	201.718750	A3	38	80	0
822	200.533854	201.039062	G4	47	80	0
823	200.535156	201.239583	G5	53	80	0
824	200.536458	201.348958	E4	44	80	0
825	200.550781	200.989583	E5	48	80	0
826	201.227865	201.598958	D6	82	80	0
827	201.264323	201.779948	D5	62	80	0
828	201.269531	201.699219	D4	53	80	0
829	201.812500	202.359375	B5	79	80	0
830	201.822917	202.179688	B3	45	80	0
831	201.825521	202.079427	G3	44	80	0
832	201.832031	202.319010	B4	59	80	0
833	201.832031	202.539062	E4	54	80	0
834	201.834635	202.158854	G4	51	80	0
835	201.843750	202.059896	C5	59	80	0
836	201.851562	202.529948	E5	57	80	0
837	202.447917	202.589844	B5	75	80	0
838	202.455729	202.614583	B3	53	80	0
839	202.455729	202.649740	B4	64	80	0
840	202.996094	203.389323	E4	58	80	0
841	203.002604	203.209635	F#3	40	80	0
842	203.059896	203.259115	C4	39	80	0
843	203.415365	203.799479	F#3	49	80	0
844	203.565104	204.339844	A5	85	80	0
845	203.608073	204.408854	A4	58	80	0
846	204.144531	204.908854	E5	58	80	0
847	204.158854	204.559896	C5	44	80	0
848	204.161458	204.609375	E4	46	80	0
849	204.169271	204.609375	C4	41	80	0
850	204.716146	205.359375	G5	86	80	0
851	204.764323	205.098958	B4	48	80	0
852	204.764323	205.039062	G4	54	80	0
853	204.765625	205.019531	B3	48	80	0
854	205.242188	206.059896	E5	48	80	0
855	205.266927	205.839844	C5	46	80	0
856	205.317708	205.699219	E4	40	80	0
857	205.321615	205.809896	C4	39	80	0
858	205.855469	206.559896	A5	80	80	0
859	205.894531	206.598958	A3	49	80	0
860	205.894531	206.718750	A4	57	80	0
861	206.441406	206.789062	E4	45	80	0
862	206.450521	207.039062	C5	46	80	0
863	206.454427	207.000000	E5	51	80	0
864	206.462240	206.979167	C4	40	80	0
865	207.196615	208.128906	E5	76	80	0
866	207.268229	208.009115	E4	41	80	0
867	207.269531	207.908854	G4	35	80	0
868	207.279948	208.899740	G3	37	80	0
869	208.283854	209.259115	E5	50	80	0
870	208.304688	208.959635	B4	44	80	0
871	208.328125	208.769531	E4	33	80	0
872	208.335938	208.899740	B3	30	80	0
873	209.695312	210.699219	E5	45	80	0
874	209.701823	209.899740	E4	41	80	0
875	209.705729	210.119792	B4	44	80	0
876	209.714844	209.889323	B3	37	80	0
877	210.290365	210.549479	E2	31	80	0
878	210.291667	210.549479	E3	34	80	0
879	210.872396	211.938802	D5	71	80	0
880	210.927083	211.279948	D4	44	80	0
881	210.929688	211.269531	D3	32	80	0
882	210.932292	211.109375	C3	37	80	0
883	210.933594	211.279948	D2	32	80	0
884	211.634115	212.158854	G5	69	80	0
885	211.666667	211.908854	G2	34	80	0
886	211.670573	211.979167	G4	42	80	0
887	211.673177	211.908854	G3	38	80	0
888	212.290365	212.848958	F#5	60	80	0
889	212.316406	212.839844	F#4	40	80	0
890	212.322917	212.729167	F#3	37	80	0
891	212.324219	212.679688	D4	39	80	0
892	212.324219	212.709635	D5	41	80	0
893	212.325521	212.769531	F#2	35	80	0
894	213.160156	213.949219	E5	61	80	0
895	213.182292	214.188802	B4	47	80	0
896	213.184896	213.979167	E4	47	80	0
897	213.186198	213.789062	E3	40	80	0
898	213.195312	213.489583	B3	39	80	0
899	213.203125	213.949219	B2	37	80	0
900	213.859375	214.269531	B3	91	80	0
901	214.641927	215.319010	D4	86	80	0
902	214.643229	215.279948	B4	77	80	0
903	215.464844	216.699219	E4	90	80	0
904	215.944010	217.639323	B2	68	80	0
905	215.944010	217.679688	E2	64	80	0
906	216.692708	218.188802	D5	84	80	0
907	216.695312	218.569010	F#4	88	80	0
908	216.696615	218.408854	D4	82	80	0
909	216.703125	217.949219	G#3	82	80	0
910	218.244792	219.029948	A2	86	80	0
911	218.252604	218.769531	D2	77	80	0
912	218.653646	219.799479	C5	86	80	0
913	218.654948	220.158854	E4	79	80	0
914	218.657552	219.598958	F#3	73	80	0
915	218.658854	220.109375	C4	80	80	0
916	219.371094	220.329427	B4	92	80	0
917	219.812500	220.529948	A4	92	80	0
918	220.044271	220.959635	G2	80	80	0
919	220.075521	220.789062	G1	61	80	0
920	220.830729	222.019531	B4	88	80	0
921	220.834635	222.509115	F#4	85	80	0
922	220.837240	222.669271	B3	83	80	0
923	220.850260	222.509115	F#3	74	80	0
924	220.854167	222.199219	F#2	62	80	0
925	220.859375	220.869792	F#1	63	80	0
926	224.084635	226.089844	E4	73	80	0
927	224.115885	225.199219	E3	40	80	0
928	224.125000	226.000000	E2	39	80	0
929	224.125000	224.589844	E1	42	80	0
930	225.914062	226.459635	D4	63	80	0
931	225.946615	226.699219	D3	42	80	0
932	225.954427	227.089844	D2	42	80	0
933	226.942708	227.959635	G5	61	80	0
934	227.565104	228.119792	Bb5	61	80	0
935	228.080729	228.779948	C6	64	80	0
936	228.125000	228.769531	Bb5	49	80	0
937	228.134115	228.669271	G5	50	80	0
938	228.674479	229.750000	D6	74	80	0
939	228.679688	229.339844	G5	48	80	0
940	229.278646	231.199219	F6	68	80	0
941	229.295573	230.468750	Bb5	53	80	0
942	229.345052	230.569010	G5	45	80	0
943	229.940104	230.759115	D5	45	80	0
944	230.566406	231.408854	Bb5	46	80	0
945	230.574219	231.188802	G5	39	80	0
946	231.170573	231.919271	E6	60	80	0
947	231.197917	231.819010	G5	32	80	0
948	231.213542	232.119792	D5	39	80	0
949	231.789062	232.309896	D6	73	80	0
950	231.832031	232.279948	G5	44	80	0
951	231.833333	232.218750	Bb5	43	80	0
952	232.420573	233.019531	E6	57	80	0
953	232.427083	232.839844	G5	39	80	0
954	232.433594	232.908854	C5	42	80	0
955	232.804688	233.059896	G4	35	80	0
956	232.973958	233.509115	C6	58	80	0
957	233.020833	233.279948	Bb5	48	80	0
958	233.026042	233.529948	G5	45	80	0
959	233.195312	233.549479	C5	44	80	0
960	233.541667	233.878906	D6	54	80	0
961	233.570312	233.919271	A5	41	80	0
962	233.575521	233.889323	F5	34	80	0
963	233.583333	233.878906	D4	32	80	0
964	234.123698	234.859375	G3	48	80	0
965	234.734375	235.609375	F4	45	80	0
966	234.738281	235.149740	C4	40	80	0
967	234.773438	235.549479	A3	51	80	0
968	235.334635	236.079427	A4	63	80	0
969	235.352865	235.718750	D4	44	80	0
970	235.373698	235.968750	G3	41	80	0
971	235.373698	235.669271	C4	42	80	0
972	235.936198	236.609375	F4	58	80	0
973	235.973958	236.269531	A3	42	80	0
974	235.976562	236.468750	C4	41	80	0
975	236.574219	237.479167	D4	61	80	0
976	236.574219	236.959635	A3	43	80	0
977	236.578125	237.009115	F3	44	80	0
978	236.623698	237.029948	G3	34	80	0
979	237.216146	237.878906	F4	48	80	0
980	237.248698	237.529948	A3	38	80	0
981	237.251302	237.509115	C4	42	80	0
982	237.720052	238.339844	A4	67	80	0
983	237.744792	237.815104	C4	34	80	0
984	238.014323	238.519531	C4	40	80	0
985	238.024740	238.459635	G3	40	80	0
986	238.109375	238.619792	D5	73	80	0
987	238.165365	238.438802	F4	32	80	0
988	238.166667	238.539062	F3	36	80	0
989	238.662760	240.979167	E5	60	80	0
990	238.704427	240.539062	A4	45	80	0
991	238.714844	240.289062	F4	35	80	0
992	238.729167	239.369792	B3	40	80	0
993	238.734375	240.128906	D4	38	80	0
994	239.554688	240.049479	G2	37	80	0
995	240.871094	241.479167	F4	54	80	0
996	240.912760	241.329427	C4	39	80	0
997	240.912760	241.589844	A3	40	80	0
998	241.444010	241.929688	A4	70	80	0
999	241.453125	241.899740	D4	61	80	0
1000	241.473958	241.819010	C4	49	80	0
1001	241.489583	241.859375	F4	44	80	0
1002	241.502604	241.859375	G3	33	80	0
1003	242.041667	242.819010	D5	78	80	0
1004	242.052083	242.619792	C4	50	80	0
1005	242.058594	242.579427	A4	57	80	0
1006	242.071615	242.598958	F4	54	80	0
1007	242.082031	242.718750	G3	43	80	0
1008	242.794271	244.089844	E5	73	80	0
1009	242.816406	244.158854	A4	51	80	0
1010	242.832031	244.139323	F4	45	80	0
1011	242.837240	242.848958	G2	37	80	0
1012	242.842448	243.279948	B3	40	80	0
1013	242.842448	243.429688	D4	41	80	0
1014	242.875000	244.098958	D3	24	80	0
1015	243.451823	244.039062	G2	39	80	0
1016	243.453125	244.059896	G3	36	80	0
1017	245.054688	246.019531	E5	57	80	0
1018	245.082031	245.519531	B3	33	80	0
1019	245.085938	245.569010	F4	31	80	0
1020	245.087240	245.639323	B4	36	80	0
1021	245.091146	245.468750	G3	32	80	0
1022	245.865885	247.209635	C5	50	80	0
1023	245.908854	247.089844	G3	29	80	0
1024	245.919271	246.299479	G4	22	80	0
1025	245.923177	245.929688	D4	29	80	0
1026	245.936198	247.348958	C3	30	80	0
1027	246.493490	247.250000	G4	37	80	0
1028	246.493490	246.789062	F4	35	80	0
1029	247.114583	248.589844	G5	50	80	0
1030	247.118490	247.878906	F5	47	80	0
1031	247.703125	248.609375	C5	56	80	0
1032	247.743490	248.429688	G4	32	80	0
1033	247.744792	248.218750	E4	40	80	0
1034	248.281250	248.989583	Eb5	66	80	0
1035	248.307292	248.489583	Bb4	40	80	0
1036	248.312500	248.979167	Eb4	48	80	0
1037	248.843750	249.598958	F5	74	80	0
1038	248.876302	249.239583	Bb4	45	80	0
1039	248.878906	249.519531	D5	54	80	0
1040	249.404948	251.809896	G5	72	80	0
1041	249.412760	249.718750	C5	57	80	0
1042	249.992188	252.079427	Bb5	76	80	0
1043	250.018229	250.968750	Eb5	49	80	0
1044	250.040365	250.839844	C5	44	80	0
1045	250.042969	250.809896	Bb4	47	80	0
1046	250.571615	251.128906	G4	51	80	0
1047	251.166667	251.718750	Bb4	58	80	0
1048	251.174479	251.598958	C5	57	80	0
1049	251.174479	252.049479	Eb5	58	80	0
1050	251.777344	252.539062	A5	71	80	0
1051	251.785156	252.419271	A4	52	80	0
1052	252.356771	253.039062	G5	62	80	0
1053	252.384115	252.819010	G4	40	80	0
1054	252.394531	253.158854	Eb5	50	80	0
1055	252.404948	253.279948	C5	42	80	0
1056	252.979167	253.809896	A5	61	80	0
1057	253.013021	253.519531	F4	41	80	0
1058	253.361979	253.769531	C4	48	80	0
1059	253.510417	254.179688	F5	55	80	0
1060	253.544271	253.799479	Eb5	46	80	0
1061	253.557292	253.899740	C5	40	80	0
1062	253.723958	253.949219	F4	43	80	0
1063	254.212240	254.539062	G3	37	80	0
1064	254.260417	254.679688	G5	51	80	0
1065	254.277344	254.729167	D5	29	80	0
1066	254.291667	254.718750	Bb4	33	80	0
1067	254.878906	255.938802	G2	39	80	0
1068	254.884115	255.389323	C2	39	80	0
1069	255.485677	255.908854	Bb4	64	80	0
1070	255.503906	255.809896	D4	43	80	0
1071	255.505208	256.269531	Bb3	49	80	0
1072	256.070312	256.438802	D5	61	80	0
1073	256.072917	256.479167	D4	67	80	0
1074	256.093750	256.339844	A4	51	80	0
1075	256.093750	256.429688	F4	53	80	0
1076	256.660156	257.139323	Bb4	65	80	0
1077	256.669271	256.968750	Bb3	64	80	0
1078	256.678385	256.979167	D4	51	80	0
1079	256.679688	256.979167	F4	55	80	0
1080	257.243490	257.688802	G4	54	80	0
1081	257.244792	257.569010	G3	57	80	0
1082	257.264323	257.559896	D4	45	80	0
1083	257.273438	258.199219	G2	43	80	0
1084	257.281250	257.628906	Bb3	45	80	0
1085	257.292969	257.299479	Bb2	35	80	0
1086	257.941406	258.239583	F4	52	80	0
1087	257.944010	258.269531	Bb4	60	80	0
1088	257.945312	258.188802	D4	50	80	0
1089	257.947917	258.509115	Bb3	57	80	0
1090	258.384115	258.639323	D5	69	80	0
1091	258.389323	258.552083	D4	71	80	0
1092	258.391927	258.589844	F4	64	80	0
1093	258.393229	258.569010	A4	61	80	0
1094	258.716146	259.079427	F5	81	80	0
1095	258.729167	258.949219	F4	72	80	0
1096	258.731771	258.949219	A4	70	80	0
1097	258.734375	258.979167	D4	66	80	0
1098	258.734375	258.899740	D5	74	80	0
1099	258.735677	259.039062	Bb3	63	80	0
1100	259.089844	260.449219	A5	85	80	0
1101	259.111979	260.378906	D5	75	80	0
1102	259.113281	260.609375	Bb4	74	80	0
1103	259.117188	259.329427	D4	64	80	0
1104	259.119792	260.479167	E5	71	80	0
1105	259.119792	259.468750	E4	69	80	0
1106	259.125000	259.459635	G3	58	80	0
1107	260.002604	260.579427	G2	62	80	0
1108	260.007812	260.529948	C2	62	80	0
1109	261.483073	262.000000	Bb3	83	80	0
1110	261.484375	262.039062	Bb4	83	80	0
1111	261.489583	262.049479	G3	78	80	0
1112	261.492188	261.929688	D4	70	80	0
1113	261.493490	262.029948	D3	71	80	0
1114	261.493490	261.989583	F4	74	80	0
1115	262.156250	262.559896	D5	88	80	0
1116	262.161458	262.509115	F4	79	80	0
1117	262.161458	262.579427	Bb3	85	80	0
1118	262.161458	262.369792	Bb4	82	80	0
1119	262.162760	262.519531	D4	85	80	0
1120	262.164062	262.559896	F3	75	80	0
1121	262.164062	262.539062	A4	83	80	0
1122	262.770833	263.459635	F5	89	80	0
1123	262.774740	263.259115	F4	90	80	0
1124	262.774740	263.229167	A4	82	80	0
1125	262.776042	263.229167	D4	80	80	0
1126	262.776042	263.348958	A3	81	80	0
1127	262.779948	263.269531	D5	80	80	0
1128	262.782552	263.109375	Bb3	81	80	0
1129	262.783854	262.929688	Bb4	81	80	0
1130	263.592448	266.039062	A5	98	80	0
1131	263.602865	266.039062	Bb4	97	80	0
1132	263.604167	264.069010	Bb3	83	80	0
1133	263.608073	266.009115	A4	98	80	0
1134	263.613281	266.188802	E5	87	80	0
1135	263.614583	264.079427	G3	76	80	0
1136	263.617188	265.968750	E4	91	80	0
1137	264.666667	265.539062	G2	82	80	0
1138	264.679688	265.559896	C2	79	80	0
1139	266.644531	267.378906	A4	88	80	0
1140	266.645833	267.500000	A5	86	80	0
1141	266.645833	267.468750	G3	62	80	0
1142	266.645833	267.449219	C5	72	80	0
1143	266.651042	267.500000	Bb3	70	80	0
1144	266.652344	267.500000	E4	76	80	0
1145	266.654948	267.699219	E5	71	80	0
1146	266.658854	267.329427	C4	65	80	0
1147	267.563802	268.809896	F5	72	80	0
1148	267.588542	269.389323	F4	64	80	0
1149	267.593750	268.389323	Bb4	59	80	0
1150	267.595052	269.059896	C4	54	80	0
1151	267.595052	269.468750	F3	50	80	0
1152	267.598958	267.609375	Bb2	52	80	0
1153	268.382812	269.069010	A4	68	80	0
1154	268.388021	269.089844	A3	60	80	0
1155	269.023438	269.419271	G#4	64	80	0
1156	269.065104	269.438802	G#3	47	80	0
1157	269.069010	269.419271	C4	37	80	0
1158	269.654948	270.059896	Eb5	77	80	0
1159	269.684896	270.049479	B3	52	80	0
1160	269.686198	270.098958	B4	58	80	0
1161	269.694010	270.089844	Eb4	60	80	0
1162	269.705729	270.098958	G4	50	80	0
1163	269.713542	270.079427	G3	53	80	0
1164	269.716146	270.209635	F3	48	80	0
1165	270.410156	272.079427	C5	62	80	0
1166	270.427083	272.098958	C4	52	80	0
1167	270.432292	270.968750	F4	50	80	0
1168	270.445312	272.139323	G3	41	80	0
1169	270.460938	272.119792	C3	39	80	0
1170	271.084635	271.839844	E4	59	80	0
1171	271.095052	271.809896	E3	39	80	0
1172	271.802083	272.789062	Eb4	59	80	0
1173	271.830729	272.389323	Eb3	43	80	0
1174	272.593750	273.319010	Bb4	58	80	0
1175	272.623698	273.218750	Bb3	38	80	0
1176	272.625000	273.229167	F#3	34	80	0
1177	272.631510	273.239583	D4	32	80	0
1178	272.643229	273.250000	D3	30	80	0
1179	272.660156	273.209635	C3	26	80	0
1180	273.755208	275.438802	G4	44	80	0
1181	273.757812	275.938802	G3	42	80	0
1182	273.759115	274.839844	D4	44	80	0
1183	273.760417	275.899740	C4	41	80	0
1184	273.766927	277.500000	D3	34	80	0
1185	273.774740	278.809896	D2	33	80	0
1186	275.489583	277.209635	E4	49	80	0
1187	275.493490	276.579427	E3	32	80	0
1188	277.123698	278.319010	F#4	38	80	0
1189	277.125000	278.309896	C4	32	80	0
1190	277.130208	278.279948	D4	33	80	0
1191	277.135417	278.000000	F#3	34	80	0
1192	279.441406	279.869792	D4	32	80	0
1193	279.444010	280.000000	Bb3	37	80	0
1194	279.445312	279.989583	G3	30	80	0
1195	279.447917	279.949219	G4	35	80	0
1196	279.463542	280.089844	G2	27	80	0
1197	279.466146	279.968750	G1	26	80	0
1198	280.638021	281.569010	G5	56	80	0
1199	281.243490	282.169271	Bb5	57	80	0
1200	281.812500	282.500000	C6	59	80	0
1201	281.854167	282.389323	G5	41	80	0
1202	282.398438	283.289062	D6	70	80	0
1203	282.402344	282.908854	G5	46	80	0
1204	283.011719	284.169271	F6	71	80	0
1205	283.054688	284.029948	Bb5	51	80	0
1206	283.062500	284.019531	G5	51	80	0
1207	283.739583	284.239583	D5	40	80	0
1208	284.033854	284.839844	G5	55	80	0
1209	284.117188	284.309896	Bb5	52	80	0
1210	284.226562	284.759115	F6	60	80	0
1211	284.305990	284.598958	G6	58	80	0
1212	284.315104	285.089844	Bb5	51	80	0
1213	284.794271	285.239583	D5	40	80	0
1214	284.852865	285.250000	G5	43	80	0
1215	284.854167	285.408854	E6	66	80	0
1216	285.385417	285.979167	D6	70	80	0
1217	285.394531	285.459635	G5	50	80	0
1218	285.415365	285.989583	G6	59	80	0
1219	285.424479	285.658854	F6	51	80	0
1220	285.466146	286.269531	G5	45	80	0
1221	286.011719	286.579427	E6	64	80	0
1222	286.023438	286.399740	C5	44	80	0
1223	286.378906	287.179688	G4	43	80	0
1224	286.553385	287.259115	C6	75	80	0
1225	286.610677	287.149740	Bb5	53	80	0
1226	286.636719	287.309896	G5	48	80	0
1227	286.756510	287.179688	C5	55	80	0
1228	287.062500	287.500000	D4	44	80	0
1229	287.190104	287.529948	D6	68	80	0
1230	287.373698	287.453125	A4	49	80	0
1231	287.496094	287.619792	D5	53	80	0
1232	287.524740	287.576823	F5	57	80	0
1233	287.614583	287.750000	A5	59	80	0
1234	287.697917	287.889323	D6	63	80	0
1235	287.893229	288.158854	A6	58	80	0
1236	287.893229	288.069010	D4	33	80	0
1237	287.907552	288.188802	G3	34	80	0
1238	288.438802	289.269531	F4	57	80	0
1239	288.445312	288.848958	A3	44	80	0
1240	289.003906	289.679688	D4	63	80	0
1241	289.003906	289.468750	A4	62	80	0
1242	289.014323	289.378906	C4	57	80	0
1243	289.020833	289.449219	G3	51	80	0
1244	289.595052	290.569010	F4	54	80	0
1245	289.618490	289.929688	A3	46	80	0
1246	289.619792	290.149740	C4	46	80	0
1247	290.195312	290.569010	A3	43	80	0
1248	290.196615	290.989583	D4	51	80	0
1249	290.210938	290.539062	F3	41	80	0
1250	290.231771	290.509115	G3	35	80	0
1251	290.852865	291.378906	F4	53	80	0
1252	290.869792	291.169271	A3	41	80	0
1253	290.875000	291.079427	C4	39	80	0
1254	291.295573	291.598958	A4	62	80	0
1255	291.316406	291.399740	C4	45	80	0
1256	291.502604	291.789062	C4	49	80	0
1257	291.535156	291.759115	G3	47	80	0
1258	291.658854	292.079427	D5	72	80	0
1259	291.708333	291.979167	A4	50	80	0
1260	291.713542	291.929688	F4	47	80	0
1261	292.217448	293.869792	E5	65	80	0
1262	292.255208	293.949219	F4	38	80	0
1263	292.259115	293.769531	A4	44	80	0
1264	292.270833	292.819010	B3	41	80	0
1265	292.283854	293.598958	D3	32	80	0
1266	293.140625	293.679688	G2	39	80	0
1267	293.141927	293.699219	G3	34	80	0
1268	294.611979	295.468750	F4	50	80	0
1269	294.675781	295.449219	A3	42	80	0
1270	294.677083	295.009115	C4	38	80	0
1271	295.156250	296.199219	A4	76	80	0
1272	295.171875	295.559896	D4	57	80	0
1273	295.183594	295.539062	C4	52	80	0
1274	295.209635	295.589844	G3	38	80	0
1275	295.726562	296.489583	D5	81	80	0
1276	295.743490	296.179688	C4	49	80	0
1277	295.764323	296.239583	F4	54	80	0
1278	295.779948	296.209635	G3	39	80	0
1279	296.444010	297.959635	E5	72	80	0
1280	296.493490	297.929688	F4	38	80	0
1281	296.502604	296.750000	G3	39	80	0
1282	296.502604	296.989583	B3	39	80	0
1283	296.507812	297.919271	D3	35	80	0
1284	297.139323	297.878906	G3	39	80	0
1285	297.141927	297.779948	G2	42	80	0
1286	298.579427	299.449219	E5	61	80	0
1287	298.592448	298.989583	B3	39	80	0
1288	298.614583	298.899740	G3	37	80	0
1289	298.618490	299.329427	F4	40	80	0
1290	299.269531	300.098958	C5	60	80	0
1291	299.312500	299.959635	G3	31	80	0
1292	299.325521	299.859375	C3	33	80	0
1293	299.834635	300.419271	G4	41	80	0
1294	299.878906	299.889323	F4	19	80	0
1295	300.403646	301.949219	G5	49	80	0
1296	300.423177	301.119792	F5	48	80	0
1297	300.976562	301.750000	C5	59	80	0
1298	301.009115	301.519531	G4	41	80	0
1299	301.014323	301.279948	G3	33	80	0
1300	301.046875	301.239583	E4	35	80	0
1301	301.544271	302.039062	Eb5	68	80	0
1302	301.592448	301.598958	Bb4	33	80	0
1303	301.596354	301.729167	G4	28	80	0
1304	301.598958	301.938802	Eb4	40	80	0
1305	302.095052	302.829427	F5	71	80	0
1306	302.127604	304.069010	Eb5	59	80	0
1307	302.132812	302.699219	D5	57	80	0
1308	302.653646	304.539062	G5	75	80	0
1309	302.688802	303.149740	C5	51	80	0
1310	303.102865	303.489583	Bb4	43	80	0
1311	303.252604	304.378906	Bb5	73	80	0
1312	303.334635	303.819010	C5	47	80	0
1313	303.822917	304.799479	G4	54	80	0
1314	303.825521	304.109375	C5	46	80	0
1315	304.132812	304.649740	Bb4	47	80	0
1316	304.222656	304.759115	C5	53	80	0
1317	304.285156	304.468750	Eb5	56	80	0
1318	304.384115	305.128906	Bb5	61	80	0
1319	304.473958	305.359375	Eb5	62	80	0
1320	304.477865	305.188802	C6	63	80	0
1321	305.052083	305.579427	A5	78	80	0
1322	305.088542	305.658854	A4	42	80	0
1323	305.619792	306.109375	C6	63	80	0
1324	305.622396	306.049479	Bb5	61	80	0
1325	305.671875	306.468750	G5	74	80	0
1326	305.713542	306.139323	G4	54	80	0
1327	305.713542	306.628906	Eb5	59	80	0
1328	306.274740	306.829427	F4	42	80	0
1329	306.316406	306.968750	A5	73	80	0
1330	306.673177	307.188802	C4	50	80	0
1331	306.872396	307.509115	F5	76	80	0
1332	306.889323	307.250000	Eb5	66	80	0
1333	306.895833	307.188802	C5	53	80	0
1334	306.897135	307.239583	A4	51	80	0
1335	307.033854	307.569010	F4	51	80	0
1336	307.274740	307.819010	G3	56	80	0
1337	307.428385	307.899740	G5	67	80	0
1338	307.576823	307.789062	D4	51	80	0
1339	307.723958	307.889323	G4	51	80	0
1340	307.845052	308.029948	Bb4	56	80	0
1341	307.873698	308.389323	D5	55	80	0
1342	308.002604	308.378906	G5	57	80	0
1343	308.196615	308.399740	D6	63	80	0
1344	308.255208	308.429688	G1	36	80	0
1345	308.259115	308.479167	G2	37	80	0
1346	308.265625	308.489583	C2	35	80	0
1347	308.744792	309.158854	Bb4	71	80	0
1348	308.763021	309.250000	Bb3	61	80	0
1349	308.768229	309.098958	D4	52	80	0
1350	308.774740	309.109375	F4	50	80	0
1351	309.292969	309.658854	D5	66	80	0
1352	309.298177	309.709635	D4	72	80	0
1353	309.313802	309.699219	F4	58	80	0
1354	309.313802	309.619792	A4	59	80	0
1355	309.871094	310.250000	Bb4	73	80	0
1356	309.875000	310.158854	Bb3	69	80	0
1357	309.882812	310.218750	D4	63	80	0
1358	309.884115	310.229167	F4	66	80	0
1359	310.414062	310.819010	G4	72	80	0
1360	310.424479	310.750000	G3	63	80	0
1361	310.445312	310.750000	Bb3	59	80	0
1362	310.450521	310.729167	D4	49	80	0
1363	310.453125	310.869792	G2	53	80	0
1364	310.462240	310.739583	C2	50	80	0
1365	311.062500	311.549479	Bb3	75	80	0
1366	311.063802	311.359375	Bb4	71	80	0
1367	311.066406	311.299479	D4	62	80	0
1368	311.475260	311.718750	D5	88	80	0
1369	311.481771	311.729167	D4	81	80	0
1370	311.483073	311.658854	F4	79	80	0
1371	311.485677	311.628906	A4	74	80	0
1372	311.794271	312.119792	F5	82	80	0
1373	311.803385	311.949219	A4	76	80	0
1374	311.804688	311.938802	F4	67	80	0
1375	311.804688	312.309896	Bb3	70	80	0
1376	311.808594	311.968750	D5	69	80	0
1377	312.108073	313.229167	A5	91	80	0
1378	312.122396	313.139323	D5	80	80	0
1379	312.125000	313.408854	Bb4	81	80	0
1380	312.131510	312.294271	G3	70	80	0
1381	312.134115	312.369792	E4	80	80	0
1382	312.805990	313.359375	G2	74	80	0
1383	312.816406	313.289062	C2	69	80	0
1384	314.231771	314.989583	Bb4	85	80	0
1385	314.231771	314.779948	G3	80	80	0
1386	314.233073	314.769531	Bb3	81	80	0
1387	314.234375	314.239583	G2	71	80	0
1388	314.234375	315.019531	D3	76	80	0
1389	314.235677	314.729167	D4	71	80	0
1390	314.242188	314.789062	F4	72	80	0
1391	314.864583	315.239583	D5	89	80	0
1392	314.864583	315.218750	D4	85	80	0
1393	314.865885	315.250000	Bb3	81	80	0
1394	314.869792	315.229167	F3	75	80	0
1395	314.869792	315.259115	A4	81	80	0
1396	315.445312	315.968750	F5	89	80	0
1397	315.449219	315.929688	F4	86	80	0
1398	315.450521	315.908854	D4	84	80	0
1399	315.451823	315.929688	A3	92	80	0
1400	315.451823	315.819010	F3	75	80	0
1401	315.454427	315.949219	A4	87	80	0
1402	315.455729	315.839844	Bb3	90	80	0
1403	315.457031	315.929688	D5	80	80	0
1404	316.347656	318.299479	A5	99	80	0
1405	316.354167	318.250000	Bb4	97	80	0
1406	316.355469	316.750000	Bb3	87	80	0
1407	316.356771	318.348958	A4	95	80	0
1408	316.358073	318.289062	E5	86	80	0
1409	316.360677	316.839844	E4	89	80	0
1410	316.363281	318.119792	D5	88	80	0
1411	316.364583	316.729167	G3	80	80	0
1412	317.346354	317.949219	G2	90	80	0
1413	317.363281	317.908854	C2	86	80	0
1414	319.203125	319.718750	A5	95	80	0
1415	319.207031	319.669271	A4	87	80	0
1416	319.210938	319.869792	E5	83	80	0
1417	319.212240	319.750000	C5	79	80	0
1418	319.216146	319.848958	E4	82	80	0
1419	319.221354	319.669271	G3	61	80	0
1420	319.223958	319.729167	C4	67	80	0
1421	319.225260	320.000000	Bb3	66	80	0
1422	320.132812	321.779948	F5	79	80	0
1423	320.144531	321.549479	F4	64	80	0
1424	320.149740	321.979167	C5	67	80	0
1425	320.154948	321.079427	Bb4	66	80	0
1426	320.157552	322.009115	F3	53	80	0
1427	320.164062	320.789062	Bb3	61	80	0
1428	320.164062	320.938802	C4	58	80	0
1429	320.912760	321.598958	A4	77	80	0
1430	320.944010	321.908854	C4	47	80	0
1431	320.953125	321.589844	A3	52	80	0
1432	321.544271	321.979167	G#4	63	80	0
1433	321.562500	321.938802	F4	39	80	0
1434	321.567708	321.959635	G#3	49	80	0
1435	322.117188	322.549479	Eb5	75	80	0
1436	322.162760	322.779948	Eb4	61	80	0
1437	322.164062	322.628906	B3	48	80	0
1438	322.166667	322.579427	G4	47	80	0
1439	322.184896	322.639323	G3	46	80	0
1440	322.196615	323.609375	F3	41	80	0
1441	322.899740	324.669271	C5	63	80	0
1442	322.934896	324.339844	G4	55	80	0
1443	322.934896	322.949219	E4	46	80	0
1444	322.936198	323.319010	F4	52	80	0
1445	322.954427	323.889323	C4	38	80	0
1446	322.954427	324.679688	G3	36	80	0
1447	322.973958	324.759115	C3	34	80	0
1448	323.596354	324.348958	E4	64	80	0
1449	323.600260	324.309896	E3	46	80	0
1450	324.273438	325.348958	Eb4	64	80	0
1451	324.303385	324.949219	Eb3	44	80	0
1452	324.307292	324.718750	C4	37	80	0
1453	325.113281	325.829427	Bb4	58	80	0
1454	325.115885	325.769531	Bb3	49	80	0
1455	325.123698	325.729167	F#3	44	80	0
1456	325.127604	325.789062	D4	44	80	0
1457	325.173177	325.658854	C3	32	80	0
1458	326.441406	328.500000	G4	49	80	0
1459	326.450521	327.658854	D4	43	80	0
1460	326.451823	328.500000	G3	39	80	0
1461	326.459635	328.598958	C4	40	80	0
1462	326.468750	329.449219	D3	33	80	0
1463	326.483073	331.419271	D2	29	80	0
1464	328.360677	330.098958	E4	39	80	0
1465	328.364583	329.389323	E3	35	80	0
1466	330.009115	331.209635	F#4	37	80	0
1467	330.016927	331.250000	D4	30	80	0
1468	330.031250	330.959635	F#3	28	80	0
1469	330.033854	331.179688	C4	31	80	0
1470	332.778646	334.549479	G4	37	80	0
1471	332.782552	333.908854	D4	31	80	0
1472	332.794271	332.799479	Bb4	38	80	0
1473	332.802083	334.209635	Bb3	30	80	0
1474	332.803385	334.529948	G2	27	80	0
1475	332.804688	334.929688	G1	29	80	0
1476	335.411458	335.709635	D4	26	80	0
1477	335.557292	335.839844	G2	26	80	0
1478	335.563802	335.709635	G1	24	80	0
1479	335.563802	335.819010	D3	25	80	0
1480	336.128906	339.229167	G5	66	80	0
1481	336.187500	336.509115	B3	34	80	0
1482	336.197917	336.209635	G3	23	80	0
1483	336.673177	337.109375	B4	38	80	0
1484	337.001302	337.669271	D5	43	80	0
1485	337.299479	337.669271	B4	43	80	0
1486	337.575521	338.408854	G4	36	80	0
1487	337.613281	337.779948	B3	28	80	0
1488	337.614583	337.839844	D4	30	80	0
1489	337.886719	338.299479	B4	43	80	0
1490	338.183594	338.539062	D5	49	80	0
1491	338.453125	338.869792	B4	55	80	0
1492	338.453125	338.979167	C2	32	80	0
1493	338.776042	339.009115	E4	43	80	0
1494	338.792969	339.500000	E3	35	80	0
1495	339.071615	339.429688	B4	53	80	0
1496	339.364583	340.149740	A5	70	80	0
1497	339.417969	339.750000	E5	39	80	0
1498	339.664062	340.098958	B4	55	80	0
1499	339.941406	340.639323	F#5	72	80	0
1500	340.014323	340.269531	G3	38	80	0
1501	340.016927	340.259115	E3	37	80	0
1502	340.032552	340.218750	E4	37	80	0
1503	340.246094	340.639323	B4	50	80	0
1504	340.546875	341.389323	E5	72	80	0
1505	340.835938	340.949219	D2	35	80	0
1506	340.841146	341.359375	B4	53	80	0
1507	340.953125	341.179688	B2	41	80	0
1508	341.158854	342.128906	D5	71	80	0
1509	341.226562	341.479167	F#3	46	80	0
1510	341.305990	341.479167	B2	33	80	0
1511	341.484375	341.809896	F#4	45	80	0
1512	341.485677	341.799479	F#3	41	80	0
1513	341.781250	342.500000	B4	58	80	0
1514	342.054688	342.199219	F#4	50	80	0
1515	342.186198	342.549479	B3	32	80	0
1516	342.328125	342.479167	F#4	40	80	0
1517	342.364583	343.059896	E5	68	80	0
1518	342.632812	342.799479	F#4	47	80	0
1519	342.915365	343.289062	F#5	75	80	0
1520	342.962240	343.679688	B4	51	80	0
1521	343.164062	343.274740	E2	42	80	0
1522	343.164062	343.339844	F#4	50	80	0
1523	343.255208	343.419271	B2	32	80	0
1524	343.333333	344.169271	E4	49	80	0
1525	343.544271	344.279948	F#5	64	80	0
1526	343.606771	344.259115	G3	35	80	0
1527	343.861979	344.279948	B4	49	80	0
1528	344.152344	344.509115	E5	75	80	0
1529	344.455729	344.794271	B4	50	80	0
1530	344.756510	345.045573	E5	59	80	0
1531	344.802083	345.529948	G4	41	80	0
1532	344.820312	345.589844	E4	43	80	0
1533	345.063802	345.468750	B4	51	80	0
1534	345.377604	345.878906	E5	48	80	0
1535	345.683594	345.917969	B4	57	80	0
1536	345.820312	346.029948	C3	47	80	0
1537	345.863281	346.000000	G3	32	80	0
1538	346.248698	347.179688	B5	69	80	0
1539	346.287760	346.839844	B4	55	80	0
1540	346.305990	347.009115	E4	48	80	0
1541	346.611979	346.979167	C5	51	80	0
1542	346.914062	347.269531	E5	50	80	0
1543	347.188802	347.479167	C5	49	80	0
1544	347.513021	347.859375	B4	55	80	0
1545	347.532552	347.829427	E4	47	80	0
1546	347.815104	348.158854	C5	51	80	0
1547	348.121094	348.209635	C#5	46	80	0
1548	348.123698	348.759115	E5	51	80	0
1549	348.382812	348.750000	C5	49	80	0
1550	348.398438	348.889323	A2	37	80	0
1551	348.434896	348.949219	E3	35	80	0
1552	348.703125	349.000000	B4	54	80	0
1553	348.751302	349.039062	C4	42	80	0
1554	348.989583	349.348958	C5	50	80	0
1555	349.303385	349.809896	C6	77	80	0
1556	349.351562	349.779948	E5	55	80	0
1557	349.595052	349.656250	C5	54	80	0
1558	349.813802	350.059896	C5	52	80	0
1559	349.813802	350.069010	E4	49	80	0
1560	349.925781	350.619792	A5	77	80	0
1561	349.983073	350.329427	A4	46	80	0
1562	349.983073	350.199219	G4	47	80	0
1563	350.066406	350.128906	C5	45	80	0
1564	350.235677	350.619792	C5	50	80	0
1565	350.533854	351.049479	G5	77	80	0
1566	350.569010	351.289062	E5	59	80	0
1567	350.834635	351.589844	C5	54	80	0
1568	350.894531	350.981771	B2	44	80	0
1569	350.897135	351.069010	F#3	43	80	0
1570	351.235677	352.819010	F#5	67	80	0
1571	351.273438	352.479167	F#3	41	80	0
1572	351.274740	352.259115	F#4	54	80	0
1573	351.274740	352.809896	D4	45	80	0
1574	351.570312	351.968750	B4	53	80	0
1575	351.856771	352.468750	D5	62	80	0
1576	352.152344	352.408854	B4	62	80	0
1577	352.450521	352.878906	G5	75	80	0
1578	352.477865	352.679688	B4	46	80	0
1579	352.503906	352.799479	F#4	54	80	0
1580	352.505208	352.819010	G4	52	80	0
1581	352.752604	352.908854	B4	47	80	0
1582	353.145833	353.989583	A5	76	80	0
1583	353.174479	353.819010	D5	60	80	0
1584	353.183594	354.179688	A4	50	80	0
1585	353.524740	354.158854	G2	36	80	0
1586	353.623698	353.989583	B4	51	80	0
1587	353.944010	354.299479	F#4	44	80	0
1588	353.950521	354.279948	B3	39	80	0
1589	354.234375	354.539062	B4	56	80	0
1590	354.520833	354.878906	B5	69	80	0
1591	354.566406	354.919271	D5	50	80	0
1592	354.829427	354.979167	B4	58	80	0
1593	355.131510	355.500000	G5	75	80	0
1594	355.154948	355.319010	B4	50	80	0
1595	355.177083	355.468750	G4	50	80	0
1596	355.195312	355.459635	D4	37	80	0
1597	355.415365	355.628906	B4	54	80	0
1598	355.740885	356.549479	F#5	68	80	0
1599	355.783854	356.479167	D5	54	80	0
1600	356.054688	356.459635	B4	47	80	0
1601	356.058594	356.199219	A2	47	80	0
1602	356.065104	356.750000	E3	47	80	0
1603	356.466146	357.628906	E5	60	80	0
1604	356.506510	357.369792	E4	47	80	0
1605	356.516927	357.339844	C4	49	80	0
1606	356.826823	357.188802	B4	49	80	0
1607	357.131510	357.509115	C5	57	80	0
1608	357.432292	357.639323	B4	58	80	0
1609	357.736979	358.299479	F#5	66	80	0
1610	357.785156	357.979167	E4	41	80	0
1611	357.786458	358.119792	F#4	42	80	0
1612	357.794271	358.098958	A4	36	80	0
1613	357.796875	358.000000	C4	32	80	0
1614	358.070312	358.408854	B4	62	80	0
1615	358.386719	358.919271	G5	71	80	0
1616	358.424479	358.688802	C5	50	80	0
1617	358.427083	358.609375	E5	49	80	0
1618	358.434896	358.959635	G4	46	80	0
1619	358.713542	358.979167	F#2	44	80	0
1620	358.842448	359.459635	B4	63	80	0
1621	359.166667	359.908854	E4	53	80	0
1622	359.170573	359.519531	A3	43	80	0
1623	359.445312	359.789062	A4	53	80	0
1624	359.772135	360.479167	A5	75	80	0
1625	359.794271	360.128906	C5	52	80	0
1626	360.084635	360.419271	A4	51	80	0
1627	360.381510	360.949219	F#5	70	80	0
1628	360.428385	360.899740	F#4	48	80	0
1629	360.436198	360.869792	F#3	37	80	0
1630	360.438802	360.839844	E4	43	80	0
1631	360.442708	360.859375	C4	30	80	0
1632	360.703125	361.169271	A4	60	80	0
1633	361.042969	362.239583	E5	65	80	0
1634	361.072917	361.459635	C5	46	80	0
1635	361.403646	362.209635	A4	47	80	0
1636	361.447917	361.598958	B2	39	80	0
1637	361.449219	363.438802	F#3	38	80	0
1638	362.031250	364.649740	F#5	63	80	0
1639	362.066406	363.188802	F#4	43	80	0
1640	362.067708	363.429688	D4	36	80	0
1641	362.602865	363.089844	B4	51	80	0
1642	362.958333	363.519531	D5	45	80	0
1643	363.283854	363.639323	B4	42	80	0
1644	363.565104	364.289062	F#3	33	80	0
1645	363.569010	364.329427	F#4	36	80	0
1646	363.610677	364.000000	D4	28	80	0
1647	363.613281	363.919271	B3	30	80	0
1648	363.891927	364.329427	B4	50	80	0
1649	364.212240	364.848958	D5	50	80	0
1650	364.548177	364.989583	B4	55	80	0
1651	364.921875	365.839844	C5	50	80	0
1652	364.957031	365.408854	A4	34	80	0
1653	364.976562	366.109375	F#2	37	80	0
1654	364.981771	365.779948	F#3	33	80	0
1655	365.311198	365.414062	E4	55	80	0
1656	365.609375	367.239583	A4	60	80	0
1657	365.635417	366.378906	E4	57	80	0
1658	365.960938	366.408854	C4	57	80	0
1659	366.334635	367.408854	F#4	52	80	0
1660	366.335938	367.259115	B2	50	80	0
1661	366.356771	367.239583	D4	50	80	0
1662	366.730469	367.319010	B3	64	80	0
1663	367.154948	369.149740	E4	54	80	0
1664	367.161458	369.039062	D3	45	80	0
1665	367.166667	368.929688	C4	50	80	0
1666	367.783854	368.299479	F#3	49	80	0
1667	368.927083	370.049479	F#3	31	80	0
1668	368.930990	370.188802	D4	32	80	0
1669	368.934896	369.938802	F#4	34	80	0
1670	368.936198	371.039062	B2	29	80	0
1671	368.942708	370.408854	B3	34	80	0
1672	370.795573	374.649740	B5	60	80	0
1673	370.830729	373.408854	B4	48	80	0
1674	372.467448	374.699219	B1	19	80	0
1675	374.656250	376.628906	B5	42	80	0
1676	374.677083	376.468750	B4	37	80	0
1677	376.457031	376.799479	B3	43	80	0
1678	376.635417	376.829427	C4	39	80	0
1679	376.742188	376.889323	E4	48	80	0
1680	376.821615	376.968750	B4	57	80	0
1681	376.937500	377.449219	C5	60	80	0
1682	377.031250	377.669271	E5	53	80	0
1683	377.108073	378.149740	B5	61	80	0
1684	377.175781	377.919271	E3	37	80	0
1685	377.195312	378.029948	A2	37	80	0
1686	377.485677	378.218750	B4	51	80	0
1687	378.154948	378.759115	E5	41	80	0
1688	378.164062	378.500000	C5	40	80	0
1689	378.735677	379.709635	E4	32	80	0
1690	378.738281	379.489583	C4	39	80	0
1691	379.334635	380.279948	E5	39	80	0
1692	379.351562	380.029948	C5	38	80	0
1693	379.944010	380.549479	B3	36	80	0
1694	380.513021	381.389323	A5	69	80	0
1695	380.571615	381.619792	A3	34	80	0
1696	380.572917	380.848958	G4	36	80	0
1697	380.574219	381.179688	G5	46	80	0
1698	380.575521	381.049479	E4	39	80	0
1699	380.578125	381.169271	A4	32	80	0
1700	381.204427	381.619792	D6	72	80	0
1701	381.236979	381.639323	D4	39	80	0
1702	381.239583	381.500000	E3	33	80	0
1703	381.244792	381.639323	D5	50	80	0
1704	381.817708	382.069010	B5	70	80	0
1705	381.837240	382.059896	B3	49	80	0
1706	381.843750	382.098958	B4	59	80	0
1707	381.851562	382.139323	C4	47	80	0
1708	381.855469	382.039062	C5	52	80	0
1709	381.865885	382.098958	E3	35	80	0
1710	381.873698	382.128906	A3	37	80	0
1711	382.438802	382.658854	B5	65	80	0
1712	382.470052	382.739583	B4	49	80	0
1713	382.473958	382.750000	B3	51	80	0
1714	383.093750	383.429688	A3	34	80	0
1715	383.093750	383.500000	E4	49	80	0
1716	383.104167	383.429688	F#3	32	80	0
1717	383.147135	383.429688	C4	26	80	0
1718	383.803385	385.179688	A5	70	80	0
1719	383.813802	384.769531	F#3	47	80	0
1720	383.838542	384.269531	F#4	44	80	0
1721	383.855469	384.908854	A4	43	80	0
1722	383.863281	384.429688	B4	38	80	0
1723	384.507812	385.229167	E4	44	80	0
1724	384.513021	385.169271	C5	41	80	0
1725	384.513021	385.299479	E5	48	80	0
1726	384.542969	385.069010	C4	34	80	0
1727	385.085938	385.779948	G5	70	80	0
1728	385.100260	385.799479	B3	53	80	0
1729	385.113281	385.609375	B4	52	80	0
1730	385.113281	385.329427	G3	44	80	0
1731	385.117188	385.369792	G4	48	80	0
1732	385.712240	388.029948	C5	45	80	0
1733	385.713542	387.699219	E5	48	80	0
1734	385.757812	386.609375	C4	39	80	0
1735	386.381510	388.438802	A5	62	80	0
1736	386.414062	387.779948	A3	49	80	0
1737	386.414062	388.319010	A4	43	80	0
1738	387.194010	388.619792	C4	30	80	0
1739	387.194010	387.799479	E4	42	80	0
1740	388.174479	389.359375	E5	52	80	0
1741	388.221354	389.199219	E4	38	80	0
1742	388.222656	390.269531	G3	36	80	0
1743	389.472656	390.109375	E5	37	80	0
1744	389.476562	390.179688	B4	34	80	0
1745	389.481771	390.119792	B3	27	80	0
1746	389.484375	390.039062	E4	27	80	0
1747	390.778646	391.769531	E5	31	80	0
1748	390.815104	391.468750	B4	30	80	0
1749	390.824219	391.449219	E4	26	80	0
1750	390.825521	391.049479	B3	25	80	0
1751	391.514323	391.949219	E3	27	80	0
1752	391.541667	391.968750	E2	26	80	0
1753	392.260417	392.779948	D5	45	80	0
1754	392.261719	392.559896	C5	43	80	0
1755	392.273438	392.619792	D4	30	80	0
1756	392.289062	392.759115	D3	26	80	0
1757	392.291667	392.649740	C3	27	80	0
1758	392.294271	392.759115	D2	30	80	0
1759	392.294271	392.309896	F#4	27	80	0
1760	393.071615	393.509115	G5	52	80	0
1761	393.083333	393.419271	G4	37	80	0
1762	393.087240	393.408854	G2	28	80	0
1763	393.087240	393.389323	G3	30	80	0
1764	393.833333	394.549479	F#5	54	80	0
1765	393.856771	394.399740	C5	40	80	0
1766	393.861979	394.389323	F#4	36	80	0
1767	393.863281	394.339844	F#3	36	80	0
1768	393.867188	394.378906	D5	38	80	0
1769	393.871094	394.359375	D3	36	80	0
1770	393.872396	394.250000	D4	33	80	0
1771	393.873698	394.389323	F#2	35	80	0
1772	393.875000	394.259115	C3	35	80	0
1773	395.266927	395.848958	E5	49	80	0
1774	395.294271	395.779948	E4	40	80	0
1775	395.296875	395.799479	B4	38	80	0
1776	395.303385	395.718750	E3	36	80	0
1777	395.312500	395.718750	B2	32	80	0
1778	395.312500	395.759115	E2	34	80	0
1779	396.136719	396.819010	B3	74	80	0
1780	396.140625	397.299479	B2	53	80	0
1781	396.973958	397.539062	B4	82	80	0
1782	396.975260	397.609375	D4	83	80	0
1783	396.981771	397.968750	D3	82	80	0
1784	397.875000	398.809896	E4	98	80	0
1785	397.875000	398.218750	E3	86	80	0
1786	398.397135	398.692708	E2	80	80	0
1787	398.654948	398.819010	B2	73	80	0
1788	398.880208	399.000000	G#3	82	80	0
1789	398.881510	399.319010	F#3	78	80	0
1790	398.964844	399.339844	D4	80	80	0
1791	398.968750	399.378906	B3	69	80	0
1792	399.027344	399.419271	F#4	77	80	0
1793	399.097656	399.459635	D5	86	80	0
1794	399.197917	399.949219	B5	92	80	0
1795	400.855469	401.049479	A2	97	80	0
1796	400.861979	400.944010	D2	88	80	0
1797	401.279948	402.269531	F#3	66	80	0
1798	401.286458	402.098958	C4	75	80	0
1799	401.375000	402.188802	E4	86	80	0
1800	401.378906	402.069010	C5	83	80	0
1801	401.471354	401.769531	E5	79	80	0
1802	401.520833	401.859375	A5	82	80	0
1803	401.742188	402.359375	D6	98	80	0
1804	402.276042	402.759115	B4	96	80	0
1805	402.282552	402.519531	B3	76	80	0
1806	402.720052	403.378906	A4	98	80	0
1807	402.729167	403.299479	A3	82	80	0
1808	403.100260	403.509115	G2	80	80	0
1809	403.111979	403.399740	G1	78	80	0
1810	403.563802	403.779948	F#3	80	80	0
1811	403.802083	403.919271	B3	79	80	0
1812	403.966146	404.139323	F#4	96	80	0
1813	404.062500	404.688802	B4	86	80	0
1814	404.158854	404.649740	F#5	87	80	0
1815	404.247396	404.569010	B5	80	80	0
1816	404.325521	404.929688	D6	95	80	0
1817	407.455729	408.848958	E4	91	80	0
1818	407.462240	408.319010	E3	85	80	0
1819	407.467448	409.069010	E2	74	80	0
1820	409.095052	410.149740	D4	93	80	0
1821	409.101562	409.949219	D3	90	80	0
1822	409.108073	410.289062	D2	83	80	0
1823	411.093750	411.459635	G2	94	80	0
1824	411.097656	411.419271	G1	87	80	0
1825	411.955729	417.500000	D6	94	80	0
1826	411.955729	413.049479	D4	83	80	0
1827	411.957031	417.500000	G3	71	80	0
1828	411.962240	417.109375	G5	87	80	0
1829	411.962240	416.859375	D5	89	80	0
1830	411.963542	412.500000	D3	76	80	0
#SusPed	0.087240	81	0
#SofPed	0.135417	90	0
#SofPed	0.359375	0	0
#SofPed	0.372396	102	0
#SusPed	0.589844	0	0
#SusPed	0.595052	79	0
#SusPed	1.179688	0	0
#SusPed	1.188802	65	0
#SusPed	1.468750	0	0
#SusPed	1.476562	75	0
#SofPed	1.718750	0	0
#SofPed	1.726562	110	0
#SofPed	1.848958	0	0
#SofPed	1.858073	108	0
#SusPed	2.500000	0	0
#SusPed	2.503906	79	0
#SofPed	2.509115	0	0
#SofPed	2.519531	75	0
#SofPed	2.799479	0	0
#SofPed	2.813802	66	0
#SofPed	3.169271	0	0
#SofPed	3.174479	61	0
#SofPed	4.139323	0	0
#SofPed	4.144531	75	0
#SusPed	5.199219	0	0
#SusPed	5.204427	67	0
#SusPed	5.569010	0	0
#SusPed	5.579427	79	0
#SusPed	7.489583	0	0
#SusPed	7.503906	76	0
#SusPed	7.779948	0	0
#SusPed	7.789062	79	0
#SusPed	8.109375	0	0
#SusPed	8.122396	98	0
#SusPed	8.779948	0	0
#SusPed	8.791667	79	0
#SusPed	9.059896	0	0
#SusPed	9.072917	76	0
#SusPed	10.149740	0	0
#SofPed	10.149740	0	0
#SusPed	10.162760	52	0
#SusPed	10.429688	0	0
#SusPed	10.434896	78	0
#SusPed	10.529948	0	0
#SusPed	10.537760	88	0
#SusPed	11.199219	0	0
#SusPed	11.212240	78	0
#SusPed	11.459635	0	0
#SusPed	11.464844	78	0
#SusPed	11.989583	0	0
#SusPed	12.002604	95	0
#SusPed	12.299479	0	0
#SusPed	12.312500	91	0
#SusPed	12.529948	0	0
#SusPed	12.535156	78	0
#SofPed	12.790365	79	0
#SusPed	12.989583	0	0
#SusPed	12.994792	88	0
#SofPed	13.069010	0	0
#SofPed	13.078125	59	0
#SofPed	13.279948	0	0
#SofPed	13.285156	43	0
#SusPed	13.679688	0	0
#SofPed	13.679688	0	0
#SofPed	13.691406	47	0
#SusPed	13.691406	76	0
#SusPed	13.739583	0	0
#SusPed	13.748698	64	0
#SusPed	13.989583	0	0
#SusPed	13.997396	86	0
#SofPed	14.029948	0	0
#SofPed	14.035156	57	0
#SofPed	14.239583	0	0
#SofPed	14.246094	64	0
#SusPed	14.319010	0	0
#SusPed	14.328125	83	0
#SofPed	14.408854	0	0
#SofPed	14.415365	56	0
#SofPed	14.459635	0	0
#SofPed	14.464844	57	0
#SofPed	14.919271	0	0
#SofPed	14.933594	74	0
#SusPed	14.959635	0	0
#SusPed	14.966146	78	0
#SusPed	15.519531	0	0
#SusPed	15.524740	67	0
#SofPed	15.529948	0	0
#SofPed	15.541667	81	0
#SofPed	15.619792	0	0
#SofPed	15.625000	77	0
#SofPed	16.179688	0	0
#SofPed	16.187500	62	0
#SusPed	16.209635	0	0
#SusPed	16.214844	58	0
#SusPed	16.389323	0	0
#SusPed	16.395833	69	0
#SofPed	16.468750	0	0
#SofPed	16.480469	63	0
#SofPed	16.789062	0	0
#SofPed	16.799479	78	0
#SofPed	17.029948	0	0
#SofPed	17.042969	79	0
#SofPed	17.089844	0	0
#SofPed	17.104167	78	0
#SusPed	17.329427	0	0
#SusPed	17.343750	68	0
#SofPed	17.389323	0	0
#SofPed	17.399740	76	0
#SofPed	17.589844	0	0
#SofPed	17.595052	66	0
#SusPed	17.598958	0	0
#SusPed	17.608073	72	0
#SofPed	17.989583	0	0
#SofPed	18.000000	47	0
#SofPed	18.149740	0	0
#SofPed	18.164062	38	0
#SofPed	18.649740	0	0
#SofPed	18.658854	36	0
#SusPed	18.718750	0	0
#SusPed	18.733073	68	0
#SofPed	18.829427	0	0
#SofPed	18.843750	34	0
#SofPed	19.239583	0	0
#SofPed	19.246094	53	0
#SusPed	19.309896	0	0
#SusPed	19.322917	71	0
#SofPed	19.519531	0	0
#SofPed	19.533854	40	0
#SofPed	19.639323	0	0
#SofPed	19.651042	50	0
#SofPed	19.739583	0	0
#SofPed	19.744792	50	0
#SofPed	19.968750	0	0
#SofPed	19.975260	55	0
#SusPed	20.000000	0	0
#SusPed	20.007812	68	0
#SusPed	20.079427	0	0
#SusPed	20.093750	67	0
#SofPed	20.098958	0	0
#SofPed	20.114583	54	0
#SusPed	20.459635	0	0
#SusPed	20.468750	69	0
#SofPed	20.699219	0	0
#SofPed	20.705729	83	0
#SofPed	21.169271	0	0
#SofPed	21.178385	67	0
#SusPed	21.250000	0	0
#SusPed	21.263021	60	0
#SofPed	21.408854	0	0
#SofPed	21.420573	57	0
#SusPed	21.759115	0	0
#SofPed	21.759115	0	0
#SusPed	21.770833	59	0
#SofPed	21.772135	73	0
#SusPed	21.899740	0	0
#SusPed	21.906250	84	0
#SusPed	22.399740	0	0
#SusPed	22.410156	54	0
#SusPed	22.609375	0	0
#SusPed	22.623698	76	0
#SofPed	22.878906	0	0
#SofPed	22.886719	67	0
#SofPed	23.019531	0	0
#SofPed	23.033854	65	0
#SusPed	23.059896	0	0
#SusPed	23.066406	86	0
#SofPed	23.098958	0	0
#SofPed	23.109375	64	0
#SusPed	23.179688	0	0
#SusPed	23.194010	83	0
#SusPed	23.639323	0	0
#SusPed	23.654948	83	0
#SusPed	23.699219	0	0
#SusPed	23.710938	74	0
#SusPed	23.989583	0	0
#SusPed	23.994792	82	0
#SusPed	24.158854	0	0
#SusPed	24.165365	78	0
#SusPed	24.309896	0	0
#SusPed	24.324219	76	0
#SofPed	24.438802	0	0
#SofPed	24.446615	85	0
#SofPed	24.489583	0	0
#SofPed	24.501302	86	0
#SusPed	25.209635	0	0
#SusPed	25.218750	68	0
#SusPed	25.669271	0	0
#SusPed	25.682292	69	0
#SusPed	25.718750	0	0
#SusPed	25.725260	75	0
#SusPed	26.259115	0	0
#SusPed	26.268229	73	0
#SusPed	26.449219	0	0
#SusPed	26.457031	69	0
#SusPed	26.759115	0	0
#SusPed	26.765625	79	0
#SusPed	26.839844	0	0
#SusPed	26.845052	80	0
#SusPed	27.039062	0	0
#SusPed	27.046875	87	0
#SusPed	27.239583	0	0
#SusPed	27.252604	90	0
#SusPed	27.598958	0	0
#SusPed	27.605469	70	0
#SusPed	27.848958	0	0
#SusPed	27.858073	71	0
#SofPed	28.322917	0	0
#SusPed	28.329427	0	0
#SusPed	28.338542	94	0
#SusPed	28.619792	0	0
#SusPed	28.632812	89	0
#SusPed	29.119792	0	0
#SusPed	29.127604	89	0
#SusPed	29.359375	0	0
#SusPed	29.365885	68	0
#SusPed	29.889323	0	0
#SusPed	29.902344	85	0
#SusPed	29.979167	0	0
#SusPed	29.994792	76	0
#SusPed	30.149740	0	0
#SusPed	30.162760	64	0
#SusPed	30.279948	0	0
#SusPed	30.292969	65	0
#SusPed	31.218750	0	0
#SusPed	31.227865	74	0
#SusPed	31.779948	0	0
#SusPed	31.794271	77	0
#SusPed	33.688802	0	0
#SusPed	33.699219	61	0
#SusPed	35.699219	0	0
#SusPed	35.708333	86	0
#SusPed	39.199219	0	0
#SusPed	39.212240	74	0
#SusPed	39.319010	0	0
#SusPed	39.334635	78	0
#SusPed	43.789062	0	0
#SusPed	43.802083	90	0
#SofPed	43.937500	88	0
#SusPed	46.899740	0	0
#SusPed	46.914062	71	0
#SusPed	47.079427	0	0
#SusPed	47.088542	78	0
#SusPed	48.269531	0	0
#SusPed	48.274740	66	0
#SusPed	48.489583	0	0
#SusPed	48.497396	81	0
#SofPed	49.938802	0	0
#SusPed	50.039062	0	0
#SusPed	50.050781	78	0
#SusPed	50.359375	0	0
#SusPed	50.368490	83	0
#SusPed	53.609375	0	0
#SusPed	53.623698	96	0
#SusPed	54.489583	0	0
#SusPed	54.494792	99	0
#SusPed	55.209635	0	0
#SusPed	55.221354	85	0
#SusPed	55.359375	0	0
#SusPed	55.367188	74	0
#SusPed	56.519531	0	0
#SusPed	56.532552	81	0
#SusPed	56.739583	0	0
#SusPed	56.753906	79	0
#SofPed	57.095052	98	0
#SofPed	57.500000	0	0
#SusPed	60.359375	0	0
#SusPed	60.369792	85	0
#SusPed	60.609375	0	0
#SusPed	60.618490	60	0
#SusPed	60.889323	0	0
#SusPed	60.897135	72	0
#SusPed	62.348958	0	0
#SusPed	62.361979	100	0
#SusPed	62.598958	0	0
#SusPed	62.610677	51	0
#SusPed	62.799479	0	0
#SusPed	62.812500	94	0
#SusPed	62.899740	0	0
#SusPed	62.912760	98	0
#SusPed	63.059896	0	0
#SusPed	63.066406	94	0
#SusPed	63.729167	0	0
#SusPed	63.740885	93	0
#SusPed	64.429688	0	0
#SusPed	64.441406	72	0
#SusPed	65.000000	0	0
#SusPed	65.014323	57	0
#SusPed	65.848958	0	0
#SusPed	65.863281	71	0
#SusPed	66.718750	0	0
#SusPed	66.731771	54	0
#SusPed	67.179688	0	0
#SusPed	67.186198	67	0
#SofPed	70.393229	92	0
#SofPed	70.569010	0	0
#SofPed	70.579427	87	0
#SusPed	71.658854	0	0
#SusPed	71.669271	75	0
#SusPed	71.829427	0	0
#SusPed	71.843750	76	0
#SusPed	73.139323	0	0
#SusPed	73.153646	69	0
#SusPed	73.229167	0	0
#SusPed	73.235677	70	0
#SofPed	75.348958	0	0
#SofPed	75.356771	86	0
#SofPed	75.509115	0	0
#SofPed	75.514323	86	0
#SofPed	75.639323	0	0
#SofPed	75.652344	82	0
#SofPed	75.799479	0	0
#SofPed	75.808594	77	0
#SofPed	76.479167	0	0
#SofPed	76.486979	91	0
#SusPed	77.209635	0	0
#SusPed	77.214844	82	0
#SofPed	77.259115	0	0
#SofPed	77.273438	94	0
#SofPed	78.149740	0	0
#SofPed	78.161458	72	0
#SofPed	78.259115	0	0
#SofPed	78.265625	73	0
#SusPed	78.339844	0	0
#SusPed	78.352865	71	0
#SofPed	78.468750	0	0
#SofPed	78.475260	94	0
#SusPed	78.479167	0	0
#SusPed	78.485677	73	0
#SofPed	79.829427	0	0
#SofPed	79.834635	77	0
#SusPed	82.179688	0	0
#SusPed	82.184896	68	0
#SusPed	82.309896	0	0
#SusPed	82.316406	79	0
#SusPed	83.598958	0	0
#SusPed	83.605469	62	0
#SofPed	83.609375	0	0
#SofPed	83.623698	71	0
#SofPed	85.438802	0	0
#SofPed	85.447917	59	0
#SofPed	85.739583	0	0
#SofPed	85.753906	50	0
#SofPed	86.029948	0	0
#SofPed	86.036458	62	0
#SofPed	86.329427	0	0
#SofPed	86.337240	70	0
#SofPed	86.688802	0	0
#SofPed	86.701823	57	0
#SofPed	86.789062	0	0
#SofPed	86.799479	62	0
#SofPed	87.399740	0	0
#SofPed	87.404948	66	0
#SofPed	87.438802	0	0
#SofPed	87.445312	66	0
#SusPed	87.559896	0	0
#SusPed	87.569010	91	0
#SofPed	87.579427	0	0
#SofPed	87.584635	83	0
#SofPed	87.628906	0	0
#SofPed	87.634115	85	0
#SusPed	87.759115	0	0
#SusPed	87.765625	78	0
#SusPed	90.319010	0	0
#SusPed	90.333333	76	0
#SusPed	90.459635	0	0
#SusPed	90.472656	71	0
#SofPed	91.968750	0	0
#SofPed	91.983073	103	0
#SofPed	92.229167	0	0
#SofPed	92.235677	74	0
#SofPed	92.339844	0	0
#SofPed	92.345052	69	0
#SusPed	93.128906	0	0
#SusPed	93.135417	76	0
#SusPed	94.279948	0	0
#SusPed	94.285156	75	0
#SusPed	94.468750	0	0
#SusPed	94.473958	84	0
#SusPed	94.809896	0	0
#SusPed	94.815104	101	0
#SofPed	95.059896	0	0
#SofPed	95.070312	80	0
#SofPed	95.579427	0	0
#SofPed	95.588542	74	0
#SusPed	98.539062	0	0
#SusPed	98.549479	79	0
#SusPed	98.859375	0	0
#SusPed	98.873698	73	0
#SusPed	100.269531	0	0
#SusPed	100.277344	89	0
#SusPed	100.859375	0	0
#SusPed	100.865885	70	0
#SofPed	101.589844	0	0
#SusPed	102.399740	0	0
#SusPed	102.404948	107	0
#SusPed	102.669271	0	0
#SusPed	102.674479	82	0
#SusPed	103.729167	0	0
#SusPed	103.736979	81	0
#SusPed	103.968750	0	0
#SusPed	103.977865	83	0
#SusPed	104.779948	0	0
#SusPed	104.786458	85	0
#SusPed	105.319010	0	0
#SusPed	105.333333	68	0
#SusPed	107.128906	0	0
#SusPed	107.139323	72	0
#SusPed	107.598958	0	0
#SusPed	107.609375	68	0
#SusPed	109.569010	0	0
#SusPed	109.584635	72	0
#SusPed	109.869792	0	0
#SusPed	109.875000	74	0
#SusPed	110.979167	0	0
#SusPed	110.992188	82	0
#SusPed	114.968750	0	0
#SusPed	114.975260	70	0
#SusPed	115.199219	0	0
#SusPed	115.212240	64	0
#SusPed	119.938802	0	0
#SusPed	119.945312	82	0
#SusPed	120.218750	0	0
#SusPed	120.234375	73	0
#SusPed	125.279948	0	0
#SusPed	125.283854	75	0
#SusPed	125.519531	0	0
#SusPed	125.533854	79	0
#SusPed	125.839844	0	0
#SusPed	125.851562	101	0
#SusPed	126.479167	0	0
#SusPed	126.485677	96	0
#SusPed	128.128906	0	0
#SusPed	128.143229	71	0
#SusPed	128.429688	0	0
#SusPed	128.442708	78	0
#SusPed	132.359375	0	0
#SusPed	132.369792	75	0
#SusPed	132.628906	0	0
#SusPed	132.635417	85	0
#SusPed	135.059896	0	0
#SusPed	135.066406	92	0
#SusPed	135.259115	0	0
#SusPed	135.265625	84	0
#SofPed	135.433594	79	0
#SusPed	137.289062	0	0
#SusPed	137.295573	78	0
#SofPed	137.500000	0	0
#SusPed	137.619792	0	0
#SusPed	137.628906	81	0
#SusPed	139.128906	0	0
#SusPed	139.135417	73	0
#SusPed	139.628906	0	0
#SusPed	139.634115	70	0
#SusPed	141.279948	0	0
#SusPed	141.289062	84	0
#SusPed	141.468750	0	0
#SusPed	141.475260	88	0
#SusPed	142.139323	0	0
#SusPed	142.144531	83	0
#SusPed	142.779948	0	0
#SusPed	142.792969	77	0
#SusPed	143.019531	0	0
#SusPed	143.031250	67	0
#SusPed	143.889323	0	0
#SusPed	143.894531	79	0
#SusPed	143.989583	0	0
#SusPed	143.994792	68	0
#SusPed	144.389323	0	0
#SusPed	144.394531	73	0
#SusPed	146.049479	0	0
#SusPed	146.054688	74	0
#SusPed	146.309896	0	0
#SusPed	146.316406	77	0
#SusPed	147.559896	0	0
#SusPed	147.563802	80	0
#SusPed	147.889323	0	0
#SusPed	147.894531	66	0
#SusPed	148.218750	0	0
#SusPed	148.234375	96	0
#SusPed	148.339844	0	0
#SusPed	148.351562	97	0
#SusPed	149.968750	0	0
#SusPed	149.980469	75	0
#SusPed	150.559896	0	0
#SusPed	150.565104	70	0
#SusPed	150.919271	0	0
#SusPed	150.927083	99	0
#SusPed	151.968750	0	0
#SusPed	151.980469	84	0
#SusPed	152.218750	0	0
#SusPed	152.229167	101	0
#SusPed	152.679688	0	0
#SusPed	152.686198	94	0
#SusPed	153.269531	0	0
#SusPed	153.281250	94	0
#SofPed	153.372396	41	0
#SusPed	153.479167	0	0
#SusPed	153.485677	82	0
#SofPed	153.500000	0	0
#SofPed	153.506510	45	0
#SusPed	154.149740	0	0
#SusPed	154.161458	81	0
#SofPed	154.169271	0	0
#SofPed	154.177083	82	0
#SusPed	154.589844	0	0
#SusPed	154.596354	74	0
#SofPed	154.628906	0	0
#SofPed	154.634115	75	0
#SusPed	155.059896	0	0
#SusPed	155.072917	78	0
#SofPed	155.299479	0	0
#SofPed	155.308594	84	0
#SusPed	156.468750	0	0
#SusPed	156.483073	87	0
#SusPed	157.098958	0	0
#SusPed	157.104167	83	0
#SofPed	159.348958	0	0
#SofPed	159.354167	91	0
#SofPed	159.509115	0	0
#SofPed	159.515625	67	0
#SofPed	159.639323	0	0
#SofPed	159.645833	51	0
#SofPed	161.299479	0	0
#SofPed	161.312500	84	0
#SofPed	161.779948	0	0
#SofPed	161.792969	69	0
#SofPed	161.959635	0	0
#SofPed	161.967448	41	0
#SofPed	162.389323	0	0
#SofPed	162.394531	52	0
#SofPed	162.579427	0	0
#SofPed	162.589844	47	0
#SofPed	162.968750	0	0
#SofPed	162.973958	41	0
#SofPed	163.029948	0	0
#SofPed	163.041667	41	0
#SusPed	163.109375	0	0
#SofPed	163.500000	0	0
#SofPed	163.511719	60	0
#SofPed	163.639323	0	0
#SofPed	163.652344	72	0
#SusPed	163.654948	62	0
#SusPed	163.739583	0	0
#SusPed	163.753906	79	0
#SofPed	163.799479	0	0
#SofPed	163.809896	82	0
#SofPed	163.859375	0	0
#SofPed	163.867188	86	0
#SofPed	163.949219	0	0
#SofPed	163.955729	90	0
#SofPed	164.089844	0	0
#SofPed	164.101562	84	0
#SofPed	164.319010	0	0
#SofPed	164.330729	86	0
#SofPed	164.699219	0	0
#SofPed	164.705729	62	0
#SofPed	164.869792	0	0
#SofPed	164.882812	48	0
#SofPed	165.199219	0	0
#SofPed	165.209635	46	0
#SofPed	165.628906	0	0
#SofPed	165.638021	41	0
#SofPed	165.718750	0	0
#SofPed	165.733073	45	0
#SofPed	165.959635	0	0
#SofPed	165.970052	62	0
#SofPed	166.348958	0	0
#SofPed	166.361979	71	0
#SusPed	166.429688	0	0
#SusPed	166.436198	70	0
#SofPed	166.449219	0	0
#SofPed	166.463542	71	0
#SusPed	166.519531	0	0
#SusPed	166.526042	77	0
#SofPed	166.598958	0	0
#SofPed	166.610677	78	0
#SofPed	167.000000	0	0
#SofPed	167.014323	78	0
#SofPed	167.519531	0	0
#SofPed	167.529948	90	0
#SusPed	167.569010	0	0
#SusPed	167.576823	80	0
#SusPed	168.319010	0	0
#SusPed	168.325521	79	0
#SofPed	168.419271	0	0
#SofPed	168.433594	72	0
#SofPed	168.759115	0	0
#SofPed	168.773438	76	0
#SofPed	168.869792	0	0
#SofPed	168.882812	82	0
#SofPed	169.299479	0	0
#SofPed	169.304688	82	0
#SofPed	169.479167	0	0
#SofPed	169.493490	80	0
#SusPed	170.799479	0	0
#SusPed	170.805990	93	0
#SofPed	170.859375	0	0
#SofPed	170.873698	86	0
#SofPed	171.059896	0	0
#SofPed	171.066406	69	0
#SofPed	171.949219	0	0
#SofPed	171.958333	55	0
#SofPed	172.119792	0	0
#SofPed	172.126302	54	0
#SofPed	172.529948	0	0
#SofPed	172.535156	38	0
#SofPed	172.750000	0	0
#SofPed	172.757812	39	0
#SofPed	173.009115	0	0
#SofPed	173.020833	47	0
#SofPed	173.089844	0	0
#SofPed	173.095052	60	0
#SusPed	173.549479	0	0
#SusPed	173.559896	78	0
#SofPed	173.619792	0	0
#SofPed	173.625000	105	0
#SusPed	173.679688	0	0
#SusPed	173.692708	70	0
#SusPed	173.938802	0	0
#SusPed	173.947917	100	0
#SofPed	175.119792	0	0
#SofPed	175.125000	95	0
#SofPed	175.169271	0	0
#SofPed	175.174479	96	0
#SofPed	175.309896	0	0
#SofPed	175.315104	97	0
#SusPed	175.489583	0	0
#SusPed	175.502604	67	0
#SofPed	175.549479	0	0
#SusPed	175.559896	0	0
#SofPed	175.562500	96	0
#SusPed	175.574219	75	0
#SofPed	175.639323	0	0
#SofPed	175.648438	96	0
#SofPed	175.709635	0	0
#SofPed	175.722656	96	0
#SofPed	176.098958	0	0
#SofPed	176.113281	65	0
#SofPed	176.839844	0	0
#SofPed	176.854167	59	0
#SofPed	176.899740	0	0
#SofPed	176.904948	61	0
#SofPed	177.029948	0	0
#SofPed	177.041667	65	0
#SofPed	177.109375	0	0
#SofPed	177.121094	61	0
#SofPed	177.188802	0	0
#SofPed	177.204427	52	0
#SofPed	177.299479	0	0
#SofPed	177.313802	53	0
#SofPed	177.619792	0	0
#SofPed	177.630208	65	0
#SusPed	177.750000	0	0
#SusPed	177.763021	75	0
#SusPed	177.848958	0	0
#SusPed	177.860677	72	0
#SofPed	177.959635	0	0
#SofPed	177.964844	88	0
#SofPed	178.309896	0	0
#SofPed	178.316406	81	0
#SusPed	178.339844	0	0
#SusPed	178.352865	92	0
#SofPed	178.408854	0	0
#SofPed	178.419271	82	0
#SofPed	178.938802	0	0
#SofPed	178.945312	84	0
#SofPed	179.408854	0	0
#SofPed	179.414062	80	0
#SofPed	179.609375	0	0
#SofPed	179.615885	70	0
#SofPed	179.688802	0	0
#SofPed	179.694010	76	0
#SusPed	180.218750	0	0
#SusPed	180.233073	72	0
#SusPed	180.359375	0	0
#SusPed	180.369792	97	0
#SofPed	180.378906	0	0
#SofPed	180.386719	97	0
#SusPed	180.500000	0	0
#SusPed	180.507812	98	0
#SusPed	180.839844	0	0
#SusPed	180.850260	94	0
#SofPed	180.938802	0	0
#SofPed	180.946615	97	0
#SofPed	181.059896	0	0
#SofPed	181.065104	94	0
#SofPed	181.378906	0	0
#SofPed	181.393229	93	0
#SofPed	182.000000	0	0
#SofPed	182.003906	94	0
#SofPed	182.079427	0	0
#SofPed	182.085938	92	0
#SofPed	182.339844	0	0
#SofPed	182.352865	100	0
#SofPed	182.658854	0	0
#SofPed	182.666667	98	0
#SusPed	182.729167	0	0
#SusPed	182.744792	73	0
#SofPed	182.759115	0	0
#SofPed	182.765625	102	0
#SusPed	182.819010	0	0
#SusPed	182.824219	79	0
#SofPed	182.848958	0	0
#SofPed	182.859375	106	0
#SofPed	183.329427	0	0
#SofPed	183.335938	106	0
#SusPed	183.359375	0	0
#SusPed	183.373698	94	0
#SusPed	183.649740	0	0
#SusPed	183.656250	83	0
#SusPed	186.059896	0	0
#SusPed	186.074219	87	0
#SusPed	187.399740	0	0
#SusPed	187.412760	81	0
#SofPed	187.559896	0	0
#SusPed	187.589844	0	0
#SusPed	187.595052	84	0
#SusPed	188.169271	0	0
#SusPed	188.183594	79	0
#SusPed	188.500000	0	0
#SusPed	188.510417	75	0
#SusPed	189.628906	0	0
#SusPed	189.636719	75	0
#SusPed	189.949219	0	0
#SusPed	189.958333	72	0
#SofPed	190.252604	86	0
#SofPed	190.589844	0	0
#SofPed	190.602865	62	0
#SofPed	190.848958	0	0
#SofPed	190.860677	60	0
#SofPed	191.489583	0	0
#SofPed	191.503906	76	0
#SofPed	191.769531	0	0
#SofPed	191.777344	90	0
#SofPed	193.639323	0	0
#SofPed	193.644531	100	0
#SusPed	195.959635	0	0
#SofPed	196.438802	0	0
#SofPed	196.453125	65	0
#SofPed	196.529948	0	0
#SofPed	196.544271	56	0
#SofPed	196.718750	0	0
#SofPed	196.725260	57	0
#SofPed	196.779948	0	0
#SofPed	196.787760	63	0
#SofPed	196.968750	0	0
#SofPed	196.976562	77	0
#SofPed	197.139323	0	0
#SofPed	197.152344	76	0
#SofPed	197.229167	0	0
#SofPed	197.239583	75	0
#SusPed	197.364583	69	0
#SusPed	197.459635	0	0
#SusPed	197.473958	67	0
#SofPed	197.598958	0	0
#SofPed	197.605469	67	0
#SofPed	197.679688	0	0
#SofPed	197.688802	67	0
#SofPed	199.869792	0	0
#SofPed	199.877604	56	0
#SusPed	199.878906	0	0
#SusPed	199.891927	96	0
#SusPed	199.929688	0	0
#SusPed	199.936198	95	0
#SusPed	200.000000	0	0
#SusPed	200.005208	100	0
#SofPed	200.209635	0	0
#SofPed	200.223958	43	0
#SofPed	200.569010	0	0
#SofPed	200.575521	44	0
#SusPed	200.579427	0	0
#SusPed	200.588542	92	0
#SofPed	200.718750	0	0
#SofPed	200.730469	43	0
#SofPed	201.279948	0	0
#SofPed	201.285156	41	0
#SusPed	201.848958	0	0
#SusPed	201.854167	89	0
#SusPed	201.959635	0	0
#SusPed	201.967448	100	0
#SusPed	202.408854	0	0
#SusPed	202.424479	61	0
#SusPed	202.479167	0	0
#SusPed	202.486979	79	0
#SofPed	202.559896	0	0
#SofPed	202.574219	57	0
#SofPed	203.049479	0	0
#SofPed	203.062500	46	0
#SusPed	204.829427	0	0
#SusPed	204.835938	93	0
#SofPed	205.519531	0	0
#SofPed	205.524740	42	0
#SofPed	206.149740	0	0
#SofPed	206.157552	62	0
#SofPed	206.459635	0	0
#SofPed	206.472656	49	0
#SofPed	207.218750	0	0
#SofPed	207.230469	61	0
#SusPed	207.679688	0	0
#SusPed	207.688802	64	0
#SofPed	207.688802	0	0
#SofPed	207.703125	65	0
#SofPed	208.750000	0	0
#SofPed	208.756510	82	0
#SofPed	211.899740	0	0
#SofPed	211.904948	70	0
#SofPed	212.489583	0	0
#SofPed	212.503906	101	0
#SusPed	213.209635	0	0
#SofPed	213.209635	0	0
#SofPed	213.216146	85	0
#SusPed	213.221354	87	0
#SofPed	213.378906	0	0
#SofPed	213.389323	79	0
#SofPed	213.889323	0	0
#SusPed	218.319010	0	0
#SusPed	218.325521	87	0
#SusPed	220.158854	0	0
#SusPed	220.165365	94	0
#SusPed	221.239583	0	0
#SusPed	221.250000	102	0
#SusPed	221.539062	0	0
#SusPed	221.553385	77	0
#SusPed	224.329427	0	0
#SusPed	224.335938	90	0
#SusPed	224.619792	0	0
#SusPed	224.625000	83	0
#SusPed	225.959635	0	0
#SusPed	225.971354	84	0
#SusPed	226.218750	0	0
#SusPed	226.233073	74	0
#SusPed	227.438802	0	0
#SusPed	227.454427	71	0
#SusPed	227.679688	0	0
#SusPed	227.686198	65	0
#SofPed	228.988281	66	0
#SusPed	232.529948	0	0
#SusPed	232.540365	77	0
#SusPed	233.709635	0	0
#SusPed	233.723958	74	0
#SusPed	234.079427	0	0
#SusPed	234.085938	101	0
#SofPed	234.989583	0	0
#SusPed	235.369792	0	0
#SusPed	235.381510	90	0
#SusPed	235.598958	0	0
#SusPed	235.605469	102	0
#SofPed	236.196615	66	0
#SusPed	236.589844	0	0
#SusPed	236.601562	90	0
#SusPed	236.709635	0	0
#SusPed	236.716146	89	0
#SusPed	238.739583	0	0
#SusPed	238.744792	75	0
#SusPed	239.029948	0	0
#SusPed	239.041667	79	0
#SofPed	242.199219	0	0
#SusPed	242.829427	0	0
#SusPed	242.842448	77	0
#SusPed	243.079427	0	0
#SusPed	243.085938	87	0
#SofPed	243.209635	56	0
#SusPed	243.419271	0	0
#SusPed	243.433594	95	0
#SofPed	243.509115	0	0
#SofPed	243.518229	88	0
#SusPed	243.519531	0	0
#SusPed	243.528646	76	0
#SofPed	243.819010	0	0
#SofPed	243.832031	65	0
#SusPed	245.908854	0	0
#SusPed	245.921875	78	0
#SusPed	246.199219	0	0
#SusPed	246.212240	90	0
#SofPed	249.829427	0	0
#SusPed	250.609375	0	0
#SusPed	250.622396	69	0
#SusPed	250.829427	0	0
#SusPed	250.834635	81	0
#SusPed	251.979167	0	0
#SusPed	251.993490	94	0
#SusPed	252.489583	0	0
#SusPed	252.503906	87	0
#SusPed	253.029948	0	0
#SusPed	253.042969	64	0
#SusPed	253.218750	0	0
#SusPed	253.234375	78	0
#SusPed	253.769531	0	0
#SusPed	253.783854	96	0
#SusPed	254.229167	0	0
#SusPed	254.236979	69	0
#SusPed	254.399740	0	0
#SusPed	254.406250	71	0
#SofPed	255.085938	94	0
#SofPed	255.408854	0	0
#SofPed	255.415365	78	0
#SusPed	257.259115	0	0
#SusPed	257.269531	88	0
#SofPed	258.128906	0	0
#SusPed	259.128906	0	0
#SusPed	259.144531	70	0
#SusPed	259.259115	0	0
#SusPed	259.268229	90	0
#SusPed	262.799479	0	0
#SusPed	262.812500	89	0
#SusPed	262.908854	0	0
#SusPed	262.916667	71	0
#SusPed	263.628906	0	0
#SusPed	263.643229	80	0
#SusPed	263.769531	0	0
#SusPed	263.774740	87	0
#SusPed	264.709635	0	0
#SusPed	264.723958	71	0
#SusPed	264.869792	0	0
#SusPed	264.882812	95	0
#SusPed	265.019531	0	0
#SusPed	265.026042	95	0
#SusPed	267.718750	0	0
#SusPed	267.726562	72	0
#SusPed	268.049479	0	0
#SusPed	268.061198	91	0
#SusPed	268.359375	0	0
#SusPed	268.373698	94	0
#SusPed	268.609375	0	0
#SusPed	268.623698	83	0
#SusPed	269.098958	0	0
#SusPed	269.105469	59	0
#SusPed	269.750000	0	0
#SusPed	269.755208	61	0
#SusPed	269.839844	0	0
#SusPed	269.850260	85	0
#SusPed	270.479167	0	0
#SusPed	270.484375	68	0
#SusPed	270.739583	0	0
#SusPed	270.753906	81	0
#SusPed	271.250000	0	0
#SusPed	271.264323	83	0
#SusPed	271.779948	0	0
#SusPed	271.792969	72	0
#SusPed	271.968750	0	0
#SusPed	271.984375	84	0
#SusPed	272.739583	0	0
#SusPed	272.753906	67	0
#SusPed	272.929688	0	0
#SusPed	272.944010	75	0
#SusPed	273.759115	0	0
#SusPed	273.773438	92	0
#SusPed	273.799479	0	0
#SusPed	273.811198	83	0
#SusPed	274.209635	0	0
#SusPed	274.216146	80	0
#SusPed	275.628906	0	0
#SusPed	275.639323	71	0
#SusPed	275.848958	0	0
#SusPed	275.858073	77	0
#SusPed	277.209635	0	0
#SusPed	277.220052	70	0
#SusPed	277.419271	0	0
#SusPed	277.432292	79	0
#SusPed	279.449219	0	0
#SusPed	279.463542	85	0
#SusPed	279.750000	0	0
#SusPed	279.755208	73	0
#SusPed	281.389323	0	0
#SusPed	281.403646	86	0
#SusPed	287.139323	0	0
#SusPed	287.144531	74	0
#SusPed	289.059896	0	0
#SusPed	289.067708	80	0
#SusPed	289.169271	0	0
#SusPed	289.184896	83	0
#SusPed	290.239583	0	0
#SusPed	290.246094	83	0
#SofPed	291.210938	80	0
#SofPed	291.389323	0	0
#SofPed	291.399740	66	0
#SofPed	291.500000	0	0
#SofPed	291.505208	63	0
#SofPed	291.679688	0	0
#SofPed	291.684896	61	0
#SofPed	291.739583	0	0
#SofPed	291.752604	63	0
#SofPed	291.819010	0	0
#SofPed	291.833333	58	0
#SusPed	292.289062	0	0
#SusPed	292.299479	64	0
#SusPed	292.559896	0	0
#SofPed	292.559896	0	0
#SusPed	292.572917	80	0
#SofPed	292.572917	79	0
#SusPed	292.959635	0	0
#SusPed	292.973958	98	0
#SusPed	294.908854	0	0
#SusPed	294.920573	93	0
#SusPed	296.459635	0	0
#SusPed	296.472656	83	0
#SusPed	296.739583	0	0
#SusPed	296.753906	65	0
#SusPed	297.128906	0	0
#SusPed	297.143229	76	0
#SofPed	297.169271	0	0
#SofPed	297.183594	102	0
#SusPed	297.269531	0	0
#SusPed	297.277344	71	0
#SofPed	297.468750	0	0
#SofPed	297.475260	94	0
#SusPed	299.299479	0	0
#SusPed	299.304688	61	0
#SusPed	299.500000	0	0
#SusPed	299.505208	70	0
#SofPed	302.500000	0	0
#SusPed	303.848958	0	0
#SusPed	303.861979	70	0
#SofPed	307.164062	88	0
#SusPed	307.378906	0	0
#SusPed	307.389323	60	0
#SusPed	307.519531	0	0
#SusPed	307.524740	67	0
#SofPed	307.598958	0	0
#SofPed	307.613281	97	0
#SofPed	307.829427	0	0
#SofPed	307.837240	98	0
#SofPed	307.979167	0	0
#SofPed	307.993490	91	0
#SofPed	308.069010	0	0
#SofPed	308.080729	86	0
#SofPed	308.459635	0	0
#SofPed	308.473958	71	0
#SofPed	308.500000	0	0
#SofPed	308.513021	70	0
#SofPed	308.669271	0	0
#SofPed	308.677083	70	0
#SofPed	308.729167	0	0
#SofPed	308.738281	77	0
#SofPed	308.829427	0	0
#SofPed	308.843750	77	0
#SofPed	308.959635	0	0
#SofPed	308.971354	71	0
#SofPed	309.269531	0	0
#SofPed	309.277344	56	0
#SofPed	309.500000	0	0
#SofPed	309.506510	48	0
#SofPed	309.639323	0	0
#SofPed	309.647135	47	0
#SofPed	309.718750	0	0
#SofPed	309.731771	46	0
#SofPed	310.059896	0	0
#SofPed	310.067708	47	0
#SofPed	310.408854	0	0
#SofPed	310.417969	49	0
#SofPed	310.539062	0	0
#SofPed	310.545573	54	0
#SofPed	310.619792	0	0
#SofPed	310.631510	61	0
#SofPed	311.000000	0	0
#SofPed	311.006510	47	0
#SofPed	311.109375	0	0
#SofPed	311.122396	56	0
#SusPed	312.149740	0	0
#SusPed	312.156250	75	0
#SusPed	312.279948	0	0
#SusPed	312.294271	87	0
#SofPed	312.329427	0	0
#SofPed	312.335938	35	0
#SofPed	312.779948	0	0
#SofPed	312.786458	24	0
#SofPed	312.979167	0	0
#SofPed	312.989583	20	0
#SofPed	313.968750	0	0
#SusPed	316.399740	0	0
#SusPed	316.408854	68	0
#SusPed	317.519531	0	0
#SusPed	317.533854	88	0
#SusPed	319.359375	0	0
#SusPed	319.365885	94	0
#SusPed	320.209635	0	0
#SusPed	320.221354	96	0
#SusPed	320.619792	0	0
#SusPed	320.634115	97	0
#SusPed	320.809896	0	0
#SusPed	320.815104	102	0
#SusPed	320.878906	0	0
#SusPed	320.894531	102	0
#SusPed	320.968750	0	0
#SusPed	320.976562	96	0
#SusPed	321.529948	0	0
#SusPed	321.542969	72	0
#SofPed	321.583333	56	0
#SusPed	321.598958	0	0
#SusPed	321.614583	71	0
#SusPed	322.169271	0	0
#SofPed	322.169271	0	0
#SusPed	322.182292	86	0
#SofPed	322.183594	47	0
#SusPed	322.218750	0	0
#SusPed	322.229167	75	0
#SofPed	322.319010	0	0
#SofPed	322.326823	49	0
#SofPed	322.829427	0	0
#SofPed	322.838542	52	0
#SusPed	322.919271	0	0
#SusPed	322.933594	81	0
#SofPed	322.938802	0	0
#SofPed	322.951823	59	0
#SofPed	323.188802	0	0
#SusPed	323.199219	0	0
#SofPed	323.200521	74	0
#SusPed	323.209635	82	0
#SusPed	323.509115	0	0
#SusPed	323.523438	92	0
#SofPed	323.669271	0	0
#SofPed	323.675781	76	0
#SofPed	323.889323	0	0
#SofPed	323.903646	78	0
#SofPed	323.949219	0	0
#SofPed	323.955729	79	0
#SofPed	324.158854	0	0
#SofPed	324.174479	75	0
#SusPed	324.269531	0	0
#SusPed	324.281250	76	0
#SofPed	324.329427	0	0
#SofPed	324.343750	75	0
#SusPed	324.500000	0	0
#SusPed	324.505208	81	0
#SofPed	324.889323	0	0
#SofPed	324.899740	56	0
#SofPed	324.929688	0	0
#SofPed	324.934896	56	0
#SofPed	325.039062	0	0
#SofPed	325.053385	61	0
#SofPed	325.098958	0	0
#SofPed	325.109375	66	0
#SusPed	325.169271	0	0
#SusPed	325.180990	70	0
#SusPed	325.359375	0	0
#SusPed	325.365885	77	0
#SofPed	325.429688	0	0
#SofPed	325.444010	77	0
#SofPed	326.419271	0	0
#SofPed	326.425781	105	0
#SusPed	326.459635	0	0
#SusPed	326.464844	85	0
#SusPed	326.899740	0	0
#SusPed	326.906250	84	0
#SusPed	328.449219	0	0
#SusPed	328.454427	65	0
#SusPed	328.658854	0	0
#SusPed	328.673177	77	0
#SusPed	330.079427	0	0
#SusPed	330.092448	77	0
#SusPed	330.449219	0	0
#SusPed	330.457031	73	0
#SofPed	332.429688	0	0
#SusPed	332.789062	0	0
#SusPed	332.798177	65	0
#SusPed	332.889323	0	0
#SusPed	332.903646	58	0
#SusPed	333.000000	0	0
#SusPed	333.006510	59	0
#SusPed	333.319010	0	0
#SusPed	333.330729	74	0
#SusPed	335.399740	0	0
#SusPed	335.410156	68	0
#SusPed	335.549479	0	0
#SusPed	335.562500	82	0
#SofPed	336.041667	97	0
#SofPed	336.149740	0	0
#SofPed	336.157552	96	0
#SofPed	337.500000	0	0
#SusPed	340.869792	0	0
#SusPed	340.882812	94	0
#SusPed	343.598958	0	0
#SusPed	343.609375	68	0
#SusPed	343.709635	0	0
#SusPed	343.714844	67	0
#SusPed	344.789062	0	0
#SusPed	344.803385	72	0
#SusPed	344.919271	0	0
#SusPed	344.924479	67	0
#SusPed	345.729167	0	0
#SusPed	345.738281	61	0
#SusPed	345.809896	0	0
#SusPed	345.822917	72	0
#SusPed	348.309896	0	0
#SusPed	348.324219	60	0
#SusPed	348.419271	0	0
#SusPed	348.427083	85	0
#SusPed	350.819010	0	0
#SusPed	350.830729	63	0
#SofPed	350.855469	101	0
#SusPed	350.899740	0	0
#SusPed	350.914062	82	0
#SofPed	350.968750	0	0
#SofPed	350.977865	110	0
#SofPed	351.218750	0	0
#SofPed	351.234375	110	0
#SusPed	351.369792	0	0
#SusPed	351.380208	69	0
#SofPed	351.389323	0	0
#SofPed	351.395833	109	0
#SusPed	351.509115	0	0
#SusPed	351.519531	67	0
#SusPed	353.229167	0	0
#SusPed	353.243490	83	0
#SusPed	353.408854	0	0
#SusPed	353.417969	84	0
#SusPed	355.929688	0	0
#SusPed	355.940104	71	0
#SusPed	356.039062	0	0
#SusPed	356.054688	63	0
#SusPed	356.699219	0	0
#SusPed	356.707031	67	0
#SusPed	356.819010	0	0
#SusPed	356.824219	62	0
#SusPed	356.878906	0	0
#SusPed	356.886719	82	0
#SofPed	357.399740	0	0
#SusPed	357.750000	0	0
#SusPed	357.764323	92	0
#SusPed	357.859375	0	0
#SusPed	357.869792	87	0
#SofPed	358.010417	71	0
#SofPed	358.119792	0	0
#SofPed	358.132812	74	0
#SusPed	358.419271	0	0
#SusPed	358.434896	86	0
#SofPed	358.449219	0	0
#SusPed	358.609375	0	0
#SusPed	358.614583	85	0
#SusPed	362.119792	0	0
#SusPed	362.130208	78	0
#SusPed	362.438802	0	0
#SusPed	362.444010	78	0
#SusPed	364.959635	0	0
#SusPed	364.967448	73	0
#SusPed	365.128906	0	0
#SusPed	365.143229	68	0
#SusPed	366.339844	0	0
#SusPed	366.352865	87	0
#SusPed	366.519531	0	0
#SusPed	366.529948	70	0
#SusPed	367.149740	0	0
#SusPed	367.162760	78	0
#SusPed	367.769531	0	0
#SusPed	367.781250	79	0
#SusPed	368.968750	0	0
#SusPed	368.975260	73	0
#SusPed	369.419271	0	0
#SusPed	369.424479	79	0
#SusPed	375.429688	0	0
#SusPed	377.250000	75	0
#SusPed	377.449219	0	0
#SusPed	377.464844	73	0
#SusPed	381.859375	0	0
#SusPed	381.865885	86	0
#SusPed	382.579427	0	0
#SusPed	382.587240	67	0
#SusPed	383.039062	0	0
#SusPed	383.052083	95	0
#SusPed	383.109375	0	0
#SusPed	383.115885	91	0
#SusPed	383.188802	0	0
#SusPed	383.203125	93	0
#SofPed	383.513021	74	0
#SofPed	383.789062	0	0
#SofPed	383.803385	74	0
#SofPed	383.829427	0	0
#SofPed	383.834635	74	0
#SofPed	383.979167	0	0
#SofPed	383.989583	80	0
#SofPed	384.989583	0	0
#SofPed	385.002604	82	0
#SofPed	385.119792	0	0
#SofPed	385.134115	73	0
#SofPed	385.348958	0	0
#SofPed	385.358073	76	0
#SofPed	385.769531	0	0
#SofPed	385.782552	54	0
#SofPed	385.968750	0	0
#SofPed	385.983073	44	0
#SusPed	386.619792	0	0
#SusPed	386.626302	66	0
#SusPed	387.158854	0	0
#SusPed	387.166667	85	0
#SusPed	388.399740	0	0
#SusPed	388.404948	68	0
#SusPed	388.759115	0	0
#SusPed	388.774740	76	0
#SofPed	391.979167	0	0
#SusPed	392.289062	0	0
#SusPed	392.296875	94	0
#SusPed	393.069010	0	0
#SusPed	393.074219	82	0
#SusPed	393.869792	0	0
#SusPed	393.881510	79	0
#SusPed	394.098958	0	0
#SusPed	394.111979	73	0
#SusPed	395.309896	0	0
#SusPed	395.317708	71	0
#SusPed	395.529948	0	0
#SusPed	395.542969	77	0
#SofPed	395.722656	91	0
#SofPed	396.139323	0	0
#SofPed	396.145833	68	0
#SofPed	397.259115	0	0
#SusPed	398.468750	0	0
#SusPed	398.483073	103	0
#SusPed	398.589844	0	0
#SusPed	398.595052	84	0
#SusPed	400.869792	0	0
#SusPed	400.884115	72	0
#SusPed	401.589844	0	0
#SusPed	401.596354	97	0
#SusPed	401.769531	0	0
#SusPed	401.777344	91	0
#SusPed	403.079427	0	0
#SusPed	403.091146	81	0
#SusPed	403.218750	0	0
#SusPed	403.225260	98	0
#SusPed	404.319010	0	0
#SusPed	404.332031	88	0
#SusPed	404.519531	0	0
#SusPed	404.526042	105	0
#SusPed	404.679688	0	0
#SusPed	404.691406	87	0
#SusPed	407.589844	0	0
#SusPed	407.601562	102	0
#SusPed	409.098958	0	0
#SusPed	409.110677	89	0
#SusPed	409.250000	0	0
#SusPed	409.256510	88	0
#SusPed	409.429688	0	0
#SusPed	409.437500	68	0
#SusPed	411.139323	0	0
#SusPed	411.153646	65	0
#SusPed	411.279948	0	0
#SusPed	411.286458	88	0
#SusPed	417.289062	0	0
#SusPed	417.843750	107	0
#SofPed	420.914062	58	0
#SofPed	421.179688	0	0
#SofPed	421.188802	72	0
#SusPed	421.259115	0	0
#SusPed	421.273438	97	0
#SusPed	422.029948	0	0
#SusPed	422.037760	71	0
#SusPed	423.128906	0	0
#SusPed	423.136719	56	0
#SofPed	427.188802	0	0
#SusPed	429.139323	0	0
