//Version: PianoRoll_v170101
0	0.492188	0.554688	Eb5	50	80	0
1	0.611979	0.729167	G#4	47	80	0
2	0.697917	0.744792	Eb5	54	80	0
3	0.795573	0.878906	G#5	52	80	0
4	0.860677	0.959635	Eb5	58	80	0
5	0.942708	1.079427	G#5	64	80	0
6	1.036458	1.075521	Eb5	55	80	0
7	1.115885	1.165365	G#4	48	80	0
8	1.196615	1.279948	Eb5	61	80	0
9	1.283854	1.325521	G#5	66	80	0
10	1.363281	1.438802	Eb5	62	80	0
11	1.428385	1.549479	G#5	71	80	0
12	1.494792	1.539062	Eb5	61	80	0
13	1.569010	1.617188	G#4	65	80	0
14	1.645833	1.729167	Eb5	76	80	0
15	1.714844	1.799479	G#5	78	80	0
16	1.786458	1.826823	Eb5	70	80	0
17	1.858073	2.000000	G#5	75	80	0
18	1.925781	1.976562	Eb5	75	80	0
19	2.005208	2.128906	G#4	71	80	0
20	2.078125	2.131510	Eb5	77	80	0
21	2.154948	2.250000	G#5	80	80	0
22	2.218750	2.273438	Eb5	76	80	0
23	2.294271	2.369792	G#5	81	80	0
24	2.375000	2.449219	G#5	75	80	0
25	2.382812	2.424479	Eb5	71	80	0
26	2.454427	2.549479	G#4	69	80	0
27	2.529948	2.579427	Eb5	71	80	0
28	2.614583	2.759115	G#5	78	80	0
29	2.680990	2.726562	Eb5	68	80	0
30	2.764323	2.869792	G#5	65	80	0
31	2.842448	2.891927	Eb5	76	80	0
32	2.927083	3.049479	G#4	63	80	0
33	3.014323	3.057292	Eb5	69	80	0
34	3.096354	3.179688	G#5	75	80	0
35	3.166667	3.214844	Eb5	73	80	0
36	3.251302	3.389323	G#5	73	80	0
37	3.324219	3.376302	Eb5	79	80	0
38	3.395833	3.447917	G#4	58	80	0
39	3.489583	3.535156	Eb5	66	80	0
40	3.566406	3.614583	G#5	74	80	0
41	3.635417	3.694010	Eb5	75	80	0
42	3.731771	3.839844	G#5	72	80	0
43	3.812500	3.864583	Eb5	70	80	0
44	3.897135	3.953125	G#4	66	80	0
45	3.985677	4.053385	Eb5	68	80	0
46	4.075521	4.509115	E4	82	80	0
47	4.135417	4.188802	G#4	62	80	0
48	4.208333	4.348958	G#5	71	80	0
49	4.335938	4.509115	Eb5	62	80	0
50	4.475260	6.059896	Eb4	74	80	0
51	4.516927	4.809896	G#5	69	80	0
52	4.675781	4.743490	Eb5	55	80	0
53	4.790365	4.899740	G#4	52	80	0
54	4.886719	4.941406	Eb5	58	80	0
55	4.983073	5.044271	G#5	61	80	0
56	5.076823	5.126302	Eb5	66	80	0
57	5.174479	5.227865	G#5	68	80	0
58	5.248698	5.295573	Eb5	68	80	0
59	5.354167	5.449219	G#4	50	80	0
60	5.454427	5.505208	Eb5	67	80	0
61	5.542969	5.587240	G#5	68	80	0
62	5.615885	5.671875	Eb5	71	80	0
63	5.700521	5.761719	G#5	68	80	0
64	5.799479	5.889323	Eb5	67	80	0
65	5.895833	5.979167	G#4	56	80	0
66	5.979167	6.098958	Eb5	70	80	0
67	6.027344	6.309896	C#4	72	80	0
68	6.088542	6.229167	G#5	73	80	0
69	6.230469	6.369792	Eb5	57	80	0
70	6.326823	6.839844	Eb4	71	80	0
71	6.347656	6.609375	G#5	66	80	0
72	6.524740	6.619792	Eb5	62	80	0
73	6.641927	6.709635	G#4	44	80	0
74	6.736979	6.839844	Eb5	65	80	0
75	6.794271	7.119792	B3	69	80	0
76	6.848958	6.989583	G#5	69	80	0
77	6.981771	7.109375	Eb5	61	80	0
78	7.069010	7.919271	Eb4	64	80	0
79	7.114583	7.226562	G#5	65	80	0
80	7.260417	7.359375	Eb5	65	80	0
81	7.365885	7.438802	Eb5	57	80	0
82	7.529948	7.622396	Eb5	57	80	0
83	7.647135	8.039062	Bb3	54	80	0
84	7.653646	7.968750	G#5	62	80	0
85	7.821615	7.938802	Eb5	60	80	0
86	7.973958	8.339844	G#5	47	80	0
87	7.984375	8.729167	G#3	47	80	0
88	8.143229	8.230469	Eb5	54	80	0
89	8.263021	8.639323	G#4	48	80	0
90	8.414062	8.468750	Eb5	51	80	0
91	8.501302	8.574219	G#5	56	80	0
92	8.623698	8.696615	Eb5	58	80	0
93	8.744792	8.899740	G#5	59	80	0
94	8.825521	8.889323	Eb5	54	80	0
95	8.944010	9.109375	G#4	54	80	0
96	9.033854	9.097656	Eb5	51	80	0
97	9.141927	9.459635	G#5	63	80	0
98	9.246094	10.369792	C#3	46	80	0
99	9.253906	9.489583	Eb5	49	80	0
100	9.410156	10.489583	A3	54	80	0
101	9.638021	10.539062	Eb4	59	80	0
102	9.694010	9.919271	A5	58	80	0
103	9.791667	9.869792	A4	43	80	0
104	9.886719	10.049479	G#5	48	80	0
105	9.983073	10.152344	E5	50	80	0
106	10.192708	10.449219	A4	44	80	0
107	10.334635	10.549479	E5	50	80	0
108	10.471354	10.908854	C#4	61	80	0
109	10.540365	10.729167	A5	59	80	0
110	10.710938	11.000000	E5	45	80	0
111	10.852865	11.609375	Eb3	45	80	0
112	10.967448	11.438802	B3	58	80	0
113	10.983073	11.539062	G#5	59	80	0
114	11.242188	11.375000	Eb5	49	80	0
115	11.412760	11.628906	G#4	45	80	0
116	11.546875	11.750000	Eb5	53	80	0
117	11.665365	11.848958	G#5	54	80	0
118	11.800781	11.884115	E5	60	80	0
119	11.923177	12.658854	Eb2	46	80	0
120	11.933594	12.045573	Eb5	58	80	0
121	12.057292	12.134115	G#4	63	80	0
122	12.187500	12.339844	Eb4	53	80	0
123	12.277344	12.399740	G#4	59	80	0
124	12.402344	12.529948	Eb5	55	80	0
125	12.516927	12.628906	G#4	53	80	0
126	12.592448	12.848958	Eb5	55	80	0
127	12.688802	12.869792	G#5	55	80	0
128	12.696615	12.839844	G#4	54	80	0
129	12.809896	12.925781	Eb4	49	80	0
130	12.940104	13.229167	C#4	61	80	0
131	13.062500	13.143229	Eb5	55	80	0
132	13.356771	13.769531	Eb5	64	80	0
133	13.356771	13.809896	Bb3	61	80	0
134	13.416667	13.929688	Eb3	43	80	0
135	13.553385	13.709635	G4	46	80	0
136	13.653646	13.889323	C#4	49	80	0
137	13.789062	13.899740	G4	46	80	0
138	13.902344	14.089844	B3	63	80	0
139	13.936198	14.109375	Eb5	60	80	0
140	14.054688	14.188802	G4	47	80	0
141	14.179688	14.598958	G#3	71	80	0
142	14.182292	14.449219	Eb5	62	80	0
143	14.304688	14.419271	G#4	57	80	0
144	14.401042	14.619792	Eb4	59	80	0
145	14.496094	14.549479	G#4	60	80	0
146	14.588542	14.652344	Eb5	65	80	0
147	14.665365	14.722656	G#4	69	80	0
148	14.753906	14.929688	Eb5	66	80	0
149	14.830729	14.894531	G#4	72	80	0
150	14.903646	14.983073	Eb4	71	80	0
151	14.985677	15.309896	F#3	82	80	0
152	14.988281	15.109375	G#4	75	80	0
153	15.093750	15.149740	Eb5	73	80	0
154	15.157552	15.250000	Eb5	68	80	0
155	15.199219	15.369792	G#4	72	80	0
156	15.325521	16.259115	E3	87	80	0
157	15.333333	15.511719	Eb5	75	80	0
158	15.462240	15.609375	G#4	65	80	0
159	15.541667	15.789062	Eb4	67	80	0
160	15.622396	15.688802	G#4	58	80	0
161	15.723958	15.785156	Eb5	60	80	0
162	15.808594	15.878906	G#4	65	80	0
163	15.886719	15.938802	G#4	61	80	0
164	15.893229	16.035156	Eb5	59	80	0
165	15.984375	16.089844	G#4	62	80	0
166	16.055990	16.359375	Eb4	53	80	0
167	16.165365	16.269531	G#4	50	80	0
168	16.248698	16.315104	Eb5	56	80	0
169	16.319010	16.429688	G#5	61	80	0
170	16.337240	16.468750	G#4	59	80	0
171	16.445312	16.669271	Eb5	61	80	0
172	16.523438	16.609375	G#4	58	80	0
173	16.592448	16.859375	Eb4	54	80	0
174	16.701823	16.764323	G#4	54	80	0
175	16.794271	16.868490	Eb5	57	80	0
176	16.908854	17.049479	G#4	53	80	0
177	16.910156	17.089844	E5	52	80	0
178	17.015625	17.449219	Eb5	56	80	0
179	17.111979	17.229167	G#4	50	80	0
180	17.195312	17.378906	Eb4	54	80	0
181	17.295573	17.479167	G#4	51	80	0
182	17.343750	17.878906	D3	65	80	0
183	17.416667	17.429688	D4	47	80	0
184	17.492188	17.679688	E5	62	80	0
185	17.576823	17.669271	G#4	62	80	0
186	17.675781	18.029948	G#4	61	80	0
187	17.821615	18.489583	C#3	62	80	0
188	17.881510	18.250000	E5	59	80	0
189	18.063802	18.175781	A4	55	80	0
190	18.221354	18.389323	E4	43	80	0
191	18.343750	18.529948	A4	53	80	0
192	18.434896	18.649740	E3	55	80	0
193	18.476562	18.658854	E4	51	80	0
194	18.615885	18.628906	G#4	58	80	0
195	18.618490	18.718750	A4	57	80	0
196	18.695312	19.289062	Eb2	48	80	0
197	18.785156	19.468750	Bb2	48	80	0
198	18.845052	19.130208	G3	53	80	0
199	18.886719	19.269531	Eb5	57	80	0
200	19.139323	19.459635	C#4	49	80	0
201	19.385417	19.639323	Bb3	60	80	0
202	19.451823	19.569010	Eb3	38	80	0
203	19.463542	19.639323	Eb5	55	80	0
204	19.717448	20.269531	G#2	41	80	0
205	19.776042	20.699219	Eb3	48	80	0
206	19.864583	20.468750	B3	54	80	0
207	20.147135	20.289062	G#4	53	80	0
208	20.296875	20.609375	Eb4	32	80	0
209	20.412760	20.549479	G#4	50	80	0
210	20.506510	20.750000	G#3	49	80	0
211	20.511719	20.519531	Eb5	53	80	0
212	20.632812	20.709635	G#4	43	80	0
213	20.717448	20.908854	G#4	50	80	0
214	20.723958	21.019531	B3	42	80	0
215	20.895833	21.250000	Eb5	57	80	0
216	20.897135	21.369792	Eb3	45	80	0
217	21.045573	21.109375	G#4	46	80	0
218	21.114583	21.169271	G#4	46	80	0
219	21.158854	21.359375	Eb4	45	80	0
220	21.252604	21.429688	G#5	58	80	0
221	21.259115	21.345052	G#4	55	80	0
222	21.395833	21.679688	Eb5	63	80	0
223	21.522135	21.529948	G#4	44	80	0
224	21.611979	21.819010	B3	34	80	0
225	21.677083	21.829427	G#5	67	80	0
226	21.779948	21.834635	Eb5	57	80	0
227	21.868490	21.949219	G#4	58	80	0
228	21.949219	22.002604	Eb5	68	80	0
229	22.037760	22.119792	G#5	74	80	0
230	22.114583	22.167969	Eb5	72	80	0
231	22.194010	22.309896	G#5	81	80	0
232	22.265625	22.307292	Eb5	69	80	0
233	22.333333	22.438802	G#4	72	80	0
234	22.411458	22.464844	Eb5	78	80	0
235	22.484375	22.540365	G#5	83	80	0
236	22.550781	22.613281	Eb5	71	80	0
237	22.632812	22.779948	G#5	87	80	0
238	22.705729	22.789062	Eb5	71	80	0
239	22.774740	22.869792	G#4	71	80	0
240	22.852865	22.902344	Eb5	70	80	0
241	22.925781	22.986979	G#5	81	80	0
242	22.994792	23.029948	G#4	64	80	0
243	23.000000	23.052083	Eb5	72	80	0
244	23.074219	23.218750	G#5	79	80	0
245	23.144531	23.218750	Eb5	69	80	0
246	23.216146	23.329427	G#4	55	80	0
247	23.296875	23.347656	Eb5	69	80	0
248	23.371094	23.468750	G#5	78	80	0
249	23.441406	23.492188	Eb5	72	80	0
250	23.516927	23.649740	G#5	75	80	0
251	23.592448	23.648438	Eb5	71	80	0
252	23.670573	23.938802	G#4	70	80	0
253	23.750000	23.803385	Eb5	64	80	0
254	23.833333	23.890625	G#5	76	80	0
255	23.906250	23.966146	Eb5	71	80	0
256	23.997396	24.139323	G#5	72	80	0
257	24.078125	24.139323	Eb5	68	80	0
258	24.165365	24.289062	G#4	63	80	0
259	24.252604	24.378906	Eb5	67	80	0
260	24.319010	24.729167	E4	82	80	0
261	24.364583	24.459635	G#4	57	80	0
262	24.428385	24.500000	G#5	69	80	0
263	24.506510	24.589844	G#5	50	80	0
264	24.572917	24.739583	Eb5	63	80	0
265	24.674479	24.679688	Bb5	68	80	0
266	24.680990	25.329427	Eb4	76	80	0
267	24.725260	24.979167	G#5	73	80	0
268	24.894531	24.945312	Eb5	58	80	0
269	24.960938	25.269531	G#4	61	80	0
270	25.061198	25.132812	Eb5	67	80	0
271	25.167969	25.229167	G#5	65	80	0
272	25.253906	25.322917	Eb5	67	80	0
273	25.354167	25.468750	G#5	71	80	0
274	25.440104	25.493490	Eb5	65	80	0
275	25.524740	25.658854	G#4	63	80	0
276	25.614583	25.684896	Eb5	67	80	0
277	25.710938	26.119792	F#4	75	80	0
278	25.744792	25.890625	G#5	65	80	0
279	25.902344	26.009115	Eb5	64	80	0
280	26.022135	26.079427	Eb5	67	80	0
281	26.033854	26.289062	Eb4	79	80	0
282	26.052083	26.109375	G#5	75	80	0
283	26.115885	26.218750	G#5	56	80	0
284	26.169271	26.223958	Eb5	66	80	0
285	26.263021	26.438802	E4	79	80	0
286	26.266927	26.279948	G#4	68	80	0
287	26.335938	26.459635	G#4	71	80	0
288	26.354167	26.466146	Eb5	68	80	0
289	26.446615	26.679688	C#4	82	80	0
290	26.483073	26.579427	G#5	77	80	0
291	26.591146	26.809896	Eb5	70	80	0
292	26.657552	27.039062	Eb4	76	80	0
293	26.713542	26.875000	G#5	71	80	0
294	26.821615	26.884115	Eb5	70	80	0
295	26.910156	27.024740	G#4	65	80	0
296	27.015625	27.119792	Eb5	79	80	0
297	27.067708	27.319010	B3	79	80	0
298	27.121094	27.195312	G#5	75	80	0
299	27.205729	27.319010	Eb5	68	80	0
300	27.283854	28.039062	Eb4	79	80	0
301	27.325521	27.569010	G#5	75	80	0
302	27.432292	27.569010	Eb5	69	80	0
303	27.533854	27.617188	G#4	59	80	0
304	27.632812	27.731771	Eb5	69	80	0
305	27.734375	28.169271	Bb3	75	80	0
306	27.765625	28.039062	G#5	74	80	0
307	27.906250	28.063802	Eb5	62	80	0
308	28.045573	28.389323	G#5	61	80	0
309	28.049479	28.239583	G#4	64	80	0
310	28.055990	28.199219	G#3	63	80	0
311	28.205729	28.769531	G#3	55	80	0
312	28.247396	28.399740	Eb5	56	80	0
313	28.347656	28.709635	G#4	53	80	0
314	28.462240	28.553385	Eb5	55	80	0
315	28.574219	28.664062	G#5	61	80	0
316	28.691406	28.763021	Eb5	59	80	0
317	28.800781	28.884115	G#5	62	80	0
318	28.916667	28.976562	Eb5	58	80	0
319	29.029948	29.149740	G#4	51	80	0
320	29.123698	29.246094	Eb5	50	80	0
321	29.250000	29.438802	G#5	60	80	0
322	29.332031	29.519531	G#4	48	80	0
323	29.407552	30.079427	Eb5	57	80	0
324	29.567708	30.459635	Eb4	58	80	0
325	29.626302	30.339844	G3	46	80	0
326	29.626302	30.359375	E3	45	80	0
327	29.638021	30.059896	G5	53	80	0
328	29.942708	30.209635	B4	49	80	0
329	30.108073	30.359375	G4	43	80	0
330	30.265625	30.589844	B4	47	80	0
331	30.361979	30.869792	C#4	57	80	0
332	30.425781	30.869792	G5	58	80	0
333	30.604167	30.878906	B4	40	80	0
334	30.804688	31.619792	Eb4	52	80	0
335	30.841146	32.500000	F#3	42	80	0
336	30.845052	31.359375	F#5	51	80	0
337	31.055990	31.229167	B4	49	80	0
338	31.196615	31.479167	F#4	44	80	0
339	31.326823	31.809896	B4	52	80	0
340	31.462240	31.809896	F#5	48	80	0
341	31.592448	31.878906	E5	61	80	0
342	31.733073	32.109375	Eb5	60	80	0
343	31.796875	31.809896	B1	40	80	0
344	31.911458	31.967448	F#4	51	80	0
345	32.015625	32.259115	Eb4	44	80	0
346	32.111979	32.174479	F#4	47	80	0
347	32.247396	32.296875	Eb5	56	80	0
348	32.330729	32.386719	F#4	60	80	0
349	32.423177	32.878906	Eb5	63	80	0
350	32.536458	32.669271	F#4	51	80	0
351	32.625000	33.369792	Eb4	53	80	0
352	32.720052	32.889323	F#4	55	80	0
353	32.759115	33.029948	C#4	60	80	0
354	32.893229	33.079427	Eb5	53	80	0
355	33.006510	33.019531	F#5	57	80	0
356	33.014323	33.250000	F#4	47	80	0
357	33.032552	33.658854	Eb3	38	80	0
358	33.153646	33.479167	B3	58	80	0
359	33.156250	33.549479	Eb5	60	80	0
360	33.321615	33.539062	G4	41	80	0
361	33.423177	33.595052	C#4	53	80	0
362	33.545573	33.739583	G4	41	80	0
363	33.553385	33.559896	G#4	41	80	0
364	33.617188	33.789062	Bb3	60	80	0
365	33.684896	33.968750	Eb5	61	80	0
366	33.803385	34.259115	G#2	52	80	0
367	33.854167	33.979167	G#4	50	80	0
368	33.933594	34.339844	B3	58	80	0
369	33.981771	34.399740	Eb5	57	80	0
370	34.035156	34.479167	B4	56	80	0
371	34.040365	34.239583	G#3	49	80	0
372	34.044271	34.628906	Eb3	46	80	0
373	34.147135	34.329427	G#4	50	80	0
374	34.286458	34.769531	Eb4	44	80	0
375	34.417969	34.598958	G#4	52	80	0
376	34.518229	34.809896	G#3	51	80	0
377	34.582031	34.696615	Eb5	54	80	0
378	34.713542	34.908854	G#4	54	80	0
379	34.816406	35.149740	B3	36	80	0
380	34.858073	35.269531	D3	50	80	0
381	34.910156	35.289062	Eb5	57	80	0
382	35.040365	35.101562	G#4	54	80	0
383	35.122396	35.359375	Eb4	49	80	0
384	35.226562	35.378906	G#3	39	80	0
385	35.226562	35.305990	G#4	61	80	0
386	35.313802	35.739583	Eb3	54	80	0
387	35.363281	35.779948	Eb5	52	80	0
388	35.368490	35.569010	Eb4	44	80	0
389	35.473958	35.582031	G#4	53	80	0
390	35.473958	35.688802	G#3	42	80	0
391	35.627604	36.239583	E3	48	80	0
392	35.638021	36.079427	E4	52	80	0
393	35.785156	36.128906	Eb5	52	80	0
394	35.830729	36.109375	G4	46	80	0
395	35.954427	36.158854	Eb4	35	80	0
396	36.101562	36.109375	B4	30	80	0
397	36.117188	36.529948	G4	31	80	0
398	36.223958	36.509115	B2	38	80	0
399	36.296875	36.468750	Eb5	45	80	0
400	36.395833	36.679688	E3	38	80	0
401	36.579427	36.938802	Eb5	55	80	0
402	36.598958	36.669271	E2	40	80	0
403	36.723958	36.819010	G4	42	80	0
404	36.821615	37.149740	Eb4	45	80	0
405	36.930990	36.989583	G4	47	80	0
406	36.996094	37.339844	G3	52	80	0
407	36.998698	37.259115	G4	58	80	0
408	37.092448	37.369792	Eb5	63	80	0
409	37.290365	37.649740	F4	49	80	0
410	37.292969	37.769531	F3	47	80	0
411	37.381510	37.779948	Eb5	52	80	0
412	37.510417	37.602865	G#4	53	80	0
413	37.621094	37.889323	Eb4	40	80	0
414	37.747396	37.848958	G#4	49	80	0
415	37.804688	38.128906	G#2	39	80	0
416	37.884115	38.169271	Eb5	53	80	0
417	37.993490	38.289062	G#4	53	80	0
418	38.054688	38.149740	G#3	44	80	0
419	38.174479	38.289062	C#2	40	80	0
420	38.178385	38.519531	Eb5	56	80	0
421	38.300781	38.489583	G#5	56	80	0
422	38.303385	38.389323	G#4	45	80	0
423	38.304688	38.628906	G#3	36	80	0
424	38.380208	38.589844	Eb4	51	80	0
425	38.506510	38.628906	G#4	59	80	0
426	38.516927	38.759115	B4	61	80	0
427	38.519531	38.739583	B3	59	80	0
428	38.626302	38.839844	Eb5	59	80	0
429	38.734375	38.812500	G#5	53	80	0
430	38.734375	38.859375	G#4	55	80	0
431	38.815104	39.479167	G3	48	80	0
432	38.845052	39.250000	Eb5	46	80	0
433	38.993490	39.149740	Bb4	49	80	0
434	39.092448	39.569010	Eb4	47	80	0
435	39.229167	39.369792	Bb4	48	80	0
436	39.296875	39.589844	Bb2	41	80	0
437	39.346354	39.649740	Eb5	54	80	0
438	39.505208	39.769531	Bb4	54	80	0
439	39.584635	39.769531	Eb2	42	80	0
440	39.654948	39.929688	Eb5	43	80	0
441	39.774740	40.259115	Bb4	47	80	0
442	39.776042	39.839844	Eb2	37	80	0
443	39.864583	40.539062	Eb4	52	80	0
444	40.006510	40.259115	Bb3	57	80	0
445	40.070312	40.319010	G4	41	80	0
446	40.171875	40.589844	Eb5	45	80	0
447	40.273438	40.539062	Bb4	47	80	0
448	40.345052	40.929688	G#3	51	80	0
449	40.528646	40.839844	B4	52	80	0
450	40.701823	41.408854	Eb5	48	80	0
451	40.731771	41.019531	Eb3	38	80	0
452	40.733073	40.959635	G#2	38	80	0
453	40.852865	40.989583	B4	43	80	0
454	41.002604	41.389323	B3	49	80	0
455	41.002604	41.199219	B4	49	80	0
456	41.205729	41.619792	B4	49	80	0
457	41.421875	42.479167	D4	49	80	0
458	41.632812	42.009115	B4	46	80	0
459	41.858073	42.378906	B3	34	80	0
460	41.894531	42.429688	D5	47	80	0
461	41.895833	42.408854	G#3	31	80	0
462	42.141927	42.459635	B4	33	80	0
463	42.356771	42.819010	G4	43	80	0
464	42.673177	42.989583	B4	44	80	0
465	42.683594	42.779948	B3	31	80	0
466	43.074219	43.119792	Bb3	44	80	0
467	43.075521	43.244792	Eb5	53	80	0
468	43.075521	43.279948	Bb4	44	80	0
469	43.080729	43.279948	Bb2	41	80	0
470	43.083333	43.250000	Eb3	43	80	0
471	43.442708	43.559896	Eb5	41	80	0
472	43.526042	43.584635	Bb5	55	80	0
473	43.621094	43.682292	Eb6	63	80	0
474	43.623698	43.666667	Bb4	47	80	0
475	43.634115	43.859375	Eb4	36	80	0
476	43.696615	43.789062	Bb5	64	80	0
477	43.770833	43.908854	Bb4	59	80	0
478	43.809896	43.878906	Eb6	54	80	0
479	43.830729	43.884115	Bb5	65	80	0
480	43.933594	43.984375	Eb5	60	80	0
481	44.015625	44.158854	Bb5	64	80	0
482	44.093750	44.156250	Eb6	71	80	0
483	44.102865	44.144531	G4	54	80	0
484	44.104167	44.143229	Bb4	60	80	0
485	44.114583	44.145833	Eb4	51	80	0
486	44.165365	44.250000	Bb5	69	80	0
487	44.233073	44.359375	G4	73	80	0
488	44.235677	44.319010	Bb4	72	80	0
489	44.240885	44.429688	Eb4	61	80	0
490	44.242188	44.328125	Eb6	79	80	0
491	44.316406	44.365885	Bb5	71	80	0
492	44.364583	44.539062	G4	53	80	0
493	44.395833	44.563802	Eb5	63	80	0
494	44.466146	44.565104	Bb5	74	80	0
495	44.506510	44.565104	Bb4	66	80	0
496	44.524740	44.529948	Bb3	62	80	0
497	44.554688	44.610677	Eb6	80	80	0
498	44.678385	44.848958	B5	87	80	0
499	44.684896	44.938802	Eb6	87	80	0
500	44.686198	44.789062	B4	79	80	0
501	44.686198	44.819010	Eb5	89	80	0
502	44.688802	44.799479	F#4	82	80	0
503	44.692708	44.848958	Eb4	83	80	0
504	44.903646	45.119792	B3	63	80	0
505	44.996094	45.109375	Eb3	52	80	0
506	45.063802	45.113281	B2	47	80	0
507	45.069010	45.209635	F#6	83	80	0
508	45.074219	45.188802	F#5	72	80	0
509	45.075521	45.089844	Bb5	63	80	0
510	45.079427	45.179688	Eb6	67	80	0
511	45.264323	45.337240	Bb3	63	80	0
512	45.264323	45.449219	Eb6	75	80	0
513	45.266927	45.459635	Bb5	71	80	0
514	45.268229	45.429688	Eb5	72	80	0
515	45.270833	45.346354	Bb2	62	80	0
516	45.485677	45.579427	Eb5	49	80	0
517	45.617188	45.678385	Eb6	66	80	0
518	45.627604	45.718750	Bb4	56	80	0
519	45.631510	45.639323	Eb3	44	80	0
520	45.634115	45.667969	Eb4	40	80	0
521	45.638021	45.750000	G4	51	80	0
522	45.692708	45.769531	Bb5	70	80	0
523	45.727865	45.869792	Bb4	58	80	0
524	45.763021	45.899740	Eb4	52	80	0
525	45.764323	45.819010	G4	60	80	0
526	45.766927	45.825521	Eb6	74	80	0
527	45.826823	45.884115	Bb5	69	80	0
528	45.833333	45.949219	Bb3	52	80	0
529	45.833333	45.884115	G4	56	80	0
530	45.904948	46.009115	Eb5	70	80	0
531	45.973958	46.089844	Bb5	70	80	0
532	46.031250	46.088542	Eb6	73	80	0
533	46.032552	46.075521	G4	70	80	0
534	46.033854	46.079427	Bb4	68	80	0
535	46.035156	46.083333	Eb4	57	80	0
536	46.100260	46.229167	Bb5	82	80	0
537	46.174479	46.216146	Bb4	75	80	0
538	46.174479	46.329427	Eb4	70	80	0
539	46.174479	46.289062	G4	77	80	0
540	46.175781	46.359375	Eb6	78	80	0
541	46.243490	46.289062	Bb5	72	80	0
542	46.296875	46.369792	Bb5	65	80	0
543	46.303385	46.399740	Eb5	74	80	0
544	46.375000	46.445312	Bb5	77	80	0
545	46.424479	46.481771	Bb4	71	80	0
546	46.432292	46.438802	C#4	48	80	0
547	46.437500	46.519531	Eb4	51	80	0
548	46.454427	46.507812	Eb6	77	80	0
549	46.454427	46.519531	Bb3	64	80	0
550	46.583333	46.739583	A5	90	80	0
551	46.584635	46.829427	Eb6	88	80	0
552	46.588542	46.729167	Eb5	89	80	0
553	46.593750	46.688802	A4	90	80	0
554	46.593750	46.809896	C#4	75	80	0
555	46.595052	46.661458	F#4	84	80	0
556	46.610677	46.750000	Eb4	81	80	0
557	46.802083	46.868490	A3	70	80	0
558	46.864583	46.938802	A4	75	80	0
559	46.867188	47.019531	Eb5	73	80	0
560	46.873698	46.938802	F#5	73	80	0
561	46.884115	47.059896	Eb3	65	80	0
562	46.944010	47.003906	F#6	88	80	0
563	46.945312	47.029948	F#5	87	80	0
564	46.992188	47.000000	A3	56	80	0
565	47.121094	47.449219	G#5	93	80	0
566	47.125000	47.438802	Eb6	88	80	0
567	47.131510	47.509115	Eb5	82	80	0
568	47.132812	47.259115	G#4	91	80	0
569	47.134115	47.399740	C4	66	80	0
570	47.138021	47.329427	Eb4	75	80	0
571	47.147135	47.959635	G#3	70	80	0
572	47.147135	47.468750	Eb3	72	80	0
573	47.449219	47.579427	Eb6	71	80	0
574	47.451823	47.494792	G#4	73	80	0
575	47.453125	47.497396	Eb4	54	80	0
576	47.454427	47.529948	G#5	68	80	0
577	47.457031	47.579427	C4	48	80	0
578	47.536458	47.628906	G#5	73	80	0
579	47.585938	47.759115	G#4	78	80	0
580	47.588542	47.779948	Eb4	61	80	0
581	47.589844	47.889323	C4	58	80	0
582	47.589844	47.779948	Eb6	71	80	0
583	47.643229	47.709635	G#5	74	80	0
584	47.720052	47.919271	G#5	71	80	0
585	47.723958	47.819010	Eb5	78	80	0
586	47.850260	47.989583	Eb6	82	80	0
587	47.865885	47.907552	G#4	69	80	0
588	47.868490	47.916667	Eb4	64	80	0
589	47.903646	47.949219	C4	42	80	0
590	47.924479	48.039062	G#5	84	80	0
591	47.996094	48.158854	Eb4	77	80	0
592	48.000000	48.139323	G#4	87	80	0
593	48.002604	48.218750	Eb6	85	80	0
594	48.003906	48.169271	C4	67	80	0
595	48.045573	48.179688	G#5	66	80	0
596	48.049479	48.059896	Eb5	56	80	0
597	48.125000	48.250000	Eb5	79	80	0
598	48.192708	48.298177	G#5	77	80	0
599	48.263021	48.305990	G#4	86	80	0
600	48.264323	48.348958	C4	60	80	0
601	48.265625	48.316406	Eb4	59	80	0
602	48.265625	48.326823	Eb6	78	80	0
603	48.399740	48.658854	G5	90	80	0
604	48.401042	48.658854	Eb6	90	80	0
605	48.403646	48.609375	Eb5	88	80	0
606	48.412760	48.559896	G4	95	80	0
607	48.412760	48.639323	B3	80	80	0
608	48.417969	48.589844	C#4	76	80	0
609	48.622396	48.665365	F3	60	80	0
610	48.707031	48.773438	B2	60	80	0
611	48.734375	48.794271	F#5	88	80	0
612	48.734375	48.808594	F#6	88	80	0
613	48.774740	48.889323	Eb2	66	80	0
614	48.923177	49.209635	F#5	89	80	0
615	48.924479	49.123698	Eb5	89	80	0
616	48.925781	49.259115	Eb6	89	80	0
617	48.928385	49.000000	Bb1	76	80	0
618	48.930990	49.003906	Bb2	77	80	0
619	49.220052	49.273438	F#5	73	80	0
620	49.225260	49.283854	F#4	65	80	0
621	49.244792	49.292969	Bb3	55	80	0
622	49.248698	49.291667	Eb4	60	80	0
623	49.265625	49.419271	Eb6	73	80	0
624	49.361979	49.459635	F#5	81	80	0
625	49.367188	49.378906	Eb3	66	80	0
626	49.371094	49.529948	Eb4	65	80	0
627	49.372396	49.589844	F#4	83	80	0
628	49.377604	49.559896	Bb3	64	80	0
629	49.425781	49.619792	Eb6	80	80	0
630	49.472656	49.598958	F#5	77	80	0
631	49.546875	49.595052	Eb5	79	80	0
632	49.613281	49.899740	F#5	67	80	0
633	49.683594	49.819010	Eb6	81	80	0
634	49.684896	49.725260	F#4	78	80	0
635	49.686198	49.819010	Bb5	73	80	0
636	49.688802	49.725260	Eb4	69	80	0
637	49.695312	49.759115	Bb3	63	80	0
638	49.798177	49.968750	F#4	82	80	0
639	49.802083	49.963542	Eb4	69	80	0
640	49.802083	49.979167	Bb3	78	80	0
641	49.825521	50.079427	Eb6	86	80	0
642	49.914062	50.079427	F#5	76	80	0
643	49.971354	50.169271	Eb5	77	80	0
644	50.084635	50.161458	Eb4	61	80	0
645	50.084635	50.180990	Eb6	73	80	0
646	50.087240	50.156250	F#4	69	80	0
647	50.095052	50.165365	Bb3	63	80	0
648	50.164062	50.218750	F#5	67	80	0
649	50.261719	50.479167	Eb6	86	80	0
650	50.263021	50.332031	C4	67	80	0
651	50.264323	50.364583	G#3	67	80	0
652	50.265625	50.408854	E4	74	80	0
653	50.268229	50.468750	Eb5	84	80	0
654	50.463542	50.524740	E3	53	80	0
655	50.516927	50.578125	C#3	62	80	0
656	50.619792	50.742188	F#6	86	80	0
657	50.622396	50.859375	Eb2	65	80	0
658	50.623698	50.819010	F#5	78	80	0
659	50.773438	50.989583	Bb2	66	80	0
660	50.888021	51.229167	Eb6	87	80	0
661	50.917969	51.250000	Eb5	65	80	0
662	50.947917	51.019531	Eb4	55	80	0
663	51.029948	51.161458	Eb4	62	80	0
664	51.044271	51.162760	G3	49	80	0
665	51.365885	51.669271	Eb4	56	80	0
666	51.375000	51.559896	Eb6	89	80	0
667	51.501302	51.580729	Bb4	63	80	0
668	51.585938	51.699219	Eb5	64	80	0
669	51.674479	51.779948	A4	55	80	0
670	51.751302	51.805990	Bb4	54	80	0
671	51.796875	51.959635	Eb5	56	80	0
672	51.820312	51.829427	E5	54	80	0
673	51.846354	52.179688	E4	59	80	0
674	51.967448	52.109375	Bb4	55	80	0
675	52.041667	52.158854	Eb5	62	80	0
676	52.121094	52.184896	C#6	83	80	0
677	52.157552	52.209635	A4	53	80	0
678	52.184896	52.279948	Bb4	53	80	0
679	52.278646	52.322917	B5	75	80	0
680	52.286458	52.459635	Eb5	60	80	0
681	52.343750	52.438802	C#6	73	80	0
682	52.404948	52.519531	B5	77	80	0
683	52.408854	52.489583	F3	45	80	0
684	52.430990	52.539062	B3	42	80	0
685	52.496094	52.658854	B4	58	80	0
686	52.576823	52.709635	Bb5	80	80	0
687	52.583333	52.739583	Eb5	58	80	0
688	52.677083	52.779948	Bb4	69	80	0
689	52.731771	52.908854	G#5	81	80	0
690	52.794271	52.919271	B4	55	80	0
691	52.845052	53.000000	Eb5	54	80	0
692	52.903646	53.149740	F#5	67	80	0
693	52.968750	53.128906	F#4	57	80	0
694	53.050781	53.199219	B4	54	80	0
695	53.134115	53.239583	Eb5	53	80	0
696	53.231771	53.429688	Bb4	60	80	0
697	53.322917	53.419271	B4	50	80	0
698	53.381510	53.639323	Eb5	55	80	0
699	53.382812	53.709635	Bb5	76	80	0
700	53.462240	53.809896	G4	47	80	0
701	53.570312	53.750000	B4	49	80	0
702	53.651042	53.735677	Eb5	53	80	0
703	53.776042	53.929688	Bb4	59	80	0
704	53.886719	54.011719	B4	56	80	0
705	53.925781	54.199219	Eb5	65	80	0
706	54.033854	54.399740	G#4	58	80	0
707	54.130208	54.319010	B4	53	80	0
708	54.281250	54.438802	Eb5	54	80	0
709	54.338542	54.395833	Bb4	57	80	0
710	54.424479	54.598958	G#5	71	80	0
711	54.450521	54.649740	Eb5	52	80	0
712	54.450521	54.649740	B4	56	80	0
713	54.587240	54.636719	F#5	60	80	0
714	54.652344	54.723958	G#5	67	80	0
715	54.697917	54.929688	B3	51	80	0
716	54.721354	54.938802	F#5	67	80	0
717	54.833333	54.949219	G#4	50	80	0
718	54.914062	55.059896	B4	54	80	0
719	54.917969	55.089844	E5	64	80	0
720	55.027344	55.209635	G4	49	80	0
721	55.065104	55.139323	G#4	58	80	0
722	55.088542	55.264323	Eb5	72	80	0
723	55.171875	55.264323	B4	55	80	0
724	55.265625	55.649740	C#4	55	80	0
725	55.270833	55.348958	C#5	70	80	0
726	55.355469	55.589844	C#5	58	80	0
727	55.419271	55.565104	B4	52	80	0
728	55.533854	55.598958	G4	52	80	0
729	55.582031	55.644531	G#4	60	80	0
730	55.675781	55.739583	B4	56	80	0
731	55.761719	56.139323	D4	56	80	0
732	55.779948	56.029948	G#5	69	80	0
733	55.847656	56.019531	D5	52	80	0
734	55.890625	56.369792	G#4	52	80	0
735	55.914062	56.001302	B4	53	80	0
736	56.049479	56.169271	G4	44	80	0
737	56.194010	56.529948	G#5	48	80	0
738	56.212240	56.286458	B4	49	80	0
739	56.292969	56.688802	Eb4	46	80	0
740	56.384115	56.455729	G#4	48	80	0
741	56.475260	56.597656	B4	53	80	0
742	56.546875	56.559896	G4	40	80	0
743	56.634115	56.753906	F#5	56	80	0
744	56.635417	57.019531	G#4	50	80	0
745	56.692708	56.959635	B4	48	80	0
746	56.776042	56.919271	E5	60	80	0
747	56.855469	57.259115	G#3	53	80	0
748	56.928385	57.128906	E5	60	80	0
749	57.007812	57.158854	E4	49	80	0
750	57.093750	57.239583	G#4	49	80	0
751	57.104167	57.399740	Eb5	59	80	0
752	57.188802	57.359375	Eb4	52	80	0
753	57.281250	57.473958	C#5	61	80	0
754	57.305990	57.453125	E4	45	80	0
755	57.355469	57.529948	G#4	49	80	0
756	57.458333	57.919271	B4	56	80	0
757	57.470052	57.779948	A3	45	80	0
758	57.545573	57.729167	A4	42	80	0
759	57.601562	57.683594	E4	40	80	0
760	57.665365	57.729167	G#5	49	80	0
761	57.680990	57.764323	G#4	47	80	0
762	57.803385	57.949219	Eb4	43	80	0
763	57.864583	58.049479	E4	45	80	0
764	57.963542	58.098958	G#5	50	80	0
765	57.966146	58.149740	G#4	49	80	0
766	58.055990	59.729167	E5	52	80	0
767	58.063802	58.229167	Bb3	45	80	0
768	58.175781	58.287760	E4	34	80	0
769	58.243490	58.389323	Bb3	38	80	0
770	58.253906	58.348958	G#4	50	80	0
771	58.363281	58.468750	G#4	34	80	0
772	58.393229	58.569010	Eb4	34	80	0
773	58.489583	58.709635	E4	44	80	0
774	58.582031	58.859375	G#4	52	80	0
775	58.694010	58.938802	B3	44	80	0
776	58.815104	59.059896	E4	33	80	0
777	58.915365	59.109375	G#5	46	80	0
778	58.923177	59.369792	G#4	49	80	0
779	59.114583	59.279948	C4	39	80	0
780	59.257812	60.049479	Eb5	53	80	0
781	59.264323	59.649740	E4	42	80	0
782	59.376302	59.688802	G#4	39	80	0
783	59.641927	60.218750	C#5	53	80	0
784	59.644531	60.229167	C#4	40	80	0
785	59.882812	60.239583	E4	33	80	0
786	60.024740	60.699219	G#4	40	80	0
787	60.028646	60.739583	B4	46	80	0
788	60.247396	61.109375	D4	29	80	0
789	60.506510	60.899740	E4	30	80	0
790	60.601562	61.908854	Bb4	48	80	0
791	60.747396	61.369792	B4	35	80	0
792	60.886719	61.399740	G#4	34	80	0
793	61.300781	61.848958	Eb5	52	80	0
794	61.320312	62.089844	Eb4	43	80	0
795	61.794271	61.863281	Bb5	45	80	0
796	61.795573	62.339844	G5	42	80	0
797	61.925781	62.688802	Eb5	36	80	0
798	62.009115	62.459635	Bb5	49	80	0
799	62.161458	62.429688	Bb4	44	80	0
800	62.359375	62.938802	Eb4	45	80	0
801	62.678385	62.859375	G5	45	80	0
802	62.679688	62.734375	Bb5	47	80	0
803	62.790365	63.218750	Eb5	49	80	0
804	62.872396	63.079427	Bb5	50	80	0
805	62.873698	63.029948	G5	47	80	0
806	62.980469	63.229167	Bb4	43	80	0
807	63.084635	63.718750	C#4	43	80	0
808	63.174479	63.239583	C#5	33	80	0
809	63.390625	63.569010	Bb5	56	80	0
810	63.393229	63.598958	G5	50	80	0
811	63.427083	63.718750	G4	40	80	0
812	63.430990	63.769531	Eb4	35	80	0
813	63.460938	63.619792	C#5	35	80	0
814	63.493490	63.968750	Eb5	51	80	0
815	63.575521	63.979167	Bb5	50	80	0
816	63.661458	64.009115	Bb4	49	80	0
817	63.752604	64.079427	B3	45	80	0
818	64.003906	64.109375	B5	50	80	0
819	64.005208	64.309896	Eb4	40	80	0
820	64.011719	64.109375	G5	44	80	0
821	64.118490	64.329427	Eb5	35	80	0
822	64.170573	64.339844	B5	55	80	0
823	64.174479	64.339844	G5	46	80	0
824	64.251302	64.419271	B4	52	80	0
825	64.398438	64.679688	Bb3	45	80	0
826	64.473958	64.658854	Eb3	32	80	0
827	64.704427	64.889323	G5	48	80	0
828	64.708333	64.829427	Eb5	45	80	0
829	64.743490	64.919271	Eb4	35	80	0
830	64.789062	64.899740	C#5	52	80	0
831	64.864583	65.029948	C#6	61	80	0
832	64.894531	65.039062	Eb5	50	80	0
833	64.985677	65.059896	C#5	48	80	0
834	65.069010	65.239583	C#5	46	80	0
835	65.110677	65.589844	Eb4	47	80	0
836	65.356771	65.407552	Bb5	59	80	0
837	65.372396	65.479167	G5	51	80	0
838	65.407552	65.769531	G4	38	80	0
839	65.470052	65.869792	Eb5	56	80	0
840	65.545573	65.639323	G5	50	80	0
841	65.555990	65.709635	Bb5	59	80	0
842	65.643229	65.848958	Bb4	53	80	0
843	65.725260	66.188802	C#4	58	80	0
844	65.864583	66.039062	Bb4	41	80	0
845	65.958333	66.128906	Bb5	62	80	0
846	65.963542	66.059896	G5	55	80	0
847	66.023438	66.269531	Eb4	41	80	0
848	66.049479	66.269531	Eb5	57	80	0
849	66.130208	66.218750	G5	50	80	0
850	66.136719	66.489583	Bb5	55	80	0
851	66.207031	66.529948	Bb4	48	80	0
852	66.243490	66.250000	B4	61	80	0
853	66.250000	66.529948	B3	59	80	0
854	66.364583	66.369792	G4	47	80	0
855	66.365885	66.419271	G5	52	80	0
856	66.371094	66.539062	Eb5	51	80	0
857	66.507812	66.609375	G5	56	80	0
858	66.510417	66.561198	B5	56	80	0
859	66.514323	66.709635	Eb4	50	80	0
860	66.593750	66.789062	Eb5	56	80	0
861	66.641927	66.739583	B5	58	80	0
862	66.670573	66.799479	G5	54	80	0
863	66.776042	66.859375	B4	50	80	0
864	66.856771	67.009115	Eb3	48	80	0
865	66.856771	67.098958	Bb3	52	80	0
866	67.035156	67.179688	G5	54	80	0
867	67.053385	67.122396	Eb4	46	80	0
868	67.076823	67.169271	G4	46	80	0
869	67.106771	67.145833	C#5	60	80	0
870	67.204427	67.269531	C#5	62	80	0
871	67.213542	67.359375	C#6	66	80	0
872	67.226562	67.309896	Eb5	59	80	0
873	67.234375	67.438802	Eb4	47	80	0
874	67.321615	67.399740	C#5	54	80	0
875	67.397135	67.569010	Eb5	49	80	0
876	67.404948	67.549479	C#5	47	80	0
877	67.459635	68.049479	E4	53	80	0
878	67.705729	67.829427	B5	57	80	0
879	67.731771	67.819010	G5	48	80	0
880	67.743490	67.750000	G4	39	80	0
881	67.776042	67.929688	C#5	41	80	0
882	67.813802	67.929688	E5	49	80	0
883	67.898438	67.946615	G5	56	80	0
884	67.973958	68.149740	B4	48	80	0
885	68.015625	68.209635	Eb4	61	80	0
886	68.244792	68.359375	B5	61	80	0
887	68.264323	68.509115	E4	53	80	0
888	68.265625	68.339844	G5	50	80	0
889	68.274740	68.509115	G4	50	80	0
890	68.333333	68.429688	E5	55	80	0
891	68.394531	68.500000	G5	57	80	0
892	68.398438	68.509115	B5	60	80	0
893	68.468750	68.569010	B4	56	80	0
894	68.529948	68.658854	C#4	66	80	0
895	68.554688	68.628906	E5	51	80	0
896	68.593750	68.718750	C#5	50	80	0
897	68.665365	68.789062	C#4	55	80	0
898	68.669271	68.750000	B4	52	80	0
899	68.739583	68.750000	Bb5	54	80	0
900	68.766927	68.829427	C6	68	80	0
901	68.774740	68.833333	B5	66	80	0
902	68.783854	68.843750	E4	53	80	0
903	68.812500	68.864583	G4	52	80	0
904	68.819010	68.899740	B4	48	80	0
905	68.842448	68.959635	G5	63	80	0
906	68.923177	69.039062	B5	68	80	0
907	68.946615	69.139323	C#6	73	80	0
908	69.003906	69.079427	G5	50	80	0
909	69.011719	69.119792	C#5	65	80	0
910	69.065104	69.519531	B3	59	80	0
911	69.071615	69.459635	Eb3	58	80	0
912	69.270833	69.399740	G5	64	80	0
913	69.273438	69.399740	B5	65	80	0
914	69.322917	69.329427	G4	45	80	0
915	69.358073	69.411458	Eb5	73	80	0
916	69.421875	69.559896	B5	56	80	0
917	69.424479	69.479167	Eb6	73	80	0
918	69.488281	69.569010	Eb6	62	80	0
919	69.494792	69.598958	Eb5	62	80	0
920	69.592448	70.079427	E4	70	80	0
921	69.592448	69.799479	B5	65	80	0
922	69.811198	69.908854	B5	61	80	0
923	69.825521	69.899740	G5	60	80	0
924	69.842448	70.128906	G4	54	80	0
925	69.910156	70.098958	E5	65	80	0
926	69.971354	70.149740	B5	61	80	0
927	69.976562	70.149740	G5	59	80	0
928	70.048177	70.188802	B4	63	80	0
929	70.106771	70.389323	Eb4	70	80	0
930	70.123698	70.250000	Eb5	63	80	0
931	70.201823	70.389323	B4	51	80	0
932	70.302083	70.419271	B5	65	80	0
933	70.311198	70.389323	G5	57	80	0
934	70.381510	70.529948	E5	69	80	0
935	70.429688	70.579427	B5	69	80	0
936	70.464844	70.559896	Eb4	51	80	0
937	70.467448	70.549479	Eb5	60	80	0
938	70.473958	70.609375	G5	63	80	0
939	70.527344	70.669271	B4	68	80	0
940	70.597656	70.669271	B5	62	80	0
941	70.605469	70.869792	C#4	68	80	0
942	70.675781	70.769531	C#5	55	80	0
943	70.783854	70.908854	B5	68	80	0
944	70.787760	70.929688	E4	59	80	0
945	70.789062	70.863281	C#6	71	80	0
946	70.805990	70.919271	B4	54	80	0
947	70.824219	70.869792	G4	52	80	0
948	70.867188	71.009115	G5	66	80	0
949	70.917969	71.029948	B5	60	80	0
950	70.946615	71.069010	C#6	68	80	0
951	71.013021	71.149740	C#5	62	80	0
952	71.019531	71.119792	G5	59	80	0
953	71.074219	71.229167	Eb3	65	80	0
954	71.078125	71.389323	B3	58	80	0
955	71.263021	71.313802	B5	65	80	0
956	71.265625	71.399740	Eb6	72	80	0
957	71.276042	71.369792	G5	62	80	0
958	71.279948	71.509115	B4	61	80	0
959	71.282552	71.438802	E4	59	80	0
960	71.302083	71.459635	G4	59	80	0
961	71.346354	71.406250	Eb5	74	80	0
962	71.407552	71.539062	B5	69	80	0
963	71.411458	71.589844	Eb6	76	80	0
964	71.490885	71.579427	Eb5	73	80	0
965	71.555990	71.623698	F#4	86	80	0
966	71.587240	71.658854	Eb5	52	80	0
967	71.667969	71.779948	Eb5	59	80	0
968	71.730469	71.795573	B5	70	80	0
969	71.734375	71.794271	C#6	73	80	0
970	71.738281	71.839844	G5	61	80	0
971	71.773438	71.929688	B4	60	80	0
972	71.804688	71.949219	G4	64	80	0
973	71.809896	72.019531	C#5	69	80	0
974	71.881510	72.039062	C#6	77	80	0
975	71.885417	72.009115	B5	71	80	0
976	71.895833	71.979167	G5	64	80	0
977	72.035156	72.139323	E5	74	80	0
978	72.035156	72.231771	E4	82	80	0
979	72.083333	72.128906	B4	56	80	0
980	72.084635	72.098958	Eb5	62	80	0
981	72.141927	72.289062	C#5	58	80	0
982	72.145833	72.399740	E5	58	80	0
983	72.225260	72.273438	C#6	74	80	0
984	72.226562	72.285156	B5	68	80	0
985	72.243490	72.500000	G5	68	80	0
986	72.253906	72.459635	B4	67	80	0
987	72.270833	72.490885	G4	60	80	0
988	72.296875	72.419271	C#5	73	80	0
989	72.351562	72.391927	C#6	77	80	0
990	72.360677	72.809896	B5	71	80	0
991	72.424479	72.579427	C#5	77	80	0
992	72.477865	72.789062	Eb4	80	80	0
993	72.674479	72.809896	Eb6	75	80	0
994	72.682292	72.819010	B4	61	80	0
995	72.682292	72.819010	G4	68	80	0
996	72.752604	72.859375	Eb5	78	80	0
997	72.815104	72.989583	B5	63	80	0
998	72.815104	73.000000	Eb6	78	80	0
999	72.894531	72.964844	Eb5	78	80	0
1000	72.897135	73.009115	G5	69	80	0
1001	72.927083	73.079427	C#4	79	80	0
1002	72.951823	72.994792	Eb3	58	80	0
1003	73.106771	73.319010	B5	77	80	0
1004	73.110677	73.229167	E6	73	80	0
1005	73.114583	73.229167	G5	69	80	0
1006	73.125000	73.309896	B4	62	80	0
1007	73.127604	73.319010	E4	69	80	0
1008	73.135417	73.389323	G4	71	80	0
1009	73.200521	73.319010	E5	80	80	0
1010	73.235677	73.399740	E6	78	80	0
1011	73.238281	73.339844	G5	74	80	0
1012	73.334635	73.369792	E5	75	80	0
1013	73.377604	73.549479	E5	72	80	0
1014	73.385417	73.559896	F#4	91	80	0
1015	73.402344	73.489583	G5	76	80	0
1016	73.576823	73.643229	B5	76	80	0
1017	73.578125	73.799479	G5	73	80	0
1018	73.584635	73.636719	C#6	79	80	0
1019	73.604167	73.639323	B4	67	80	0
1020	73.625000	73.869792	G4	79	80	0
1021	73.652344	73.748698	B4	70	80	0
1022	73.653646	73.848958	C#5	79	80	0
1023	73.718750	73.779948	C#6	89	80	0
1024	73.723958	73.776042	B5	77	80	0
1025	73.792969	73.878906	C#6	68	80	0
1026	73.864583	74.279948	E4	84	80	0
1027	74.024740	74.149740	B5	65	80	0
1028	74.026042	74.149740	G5	63	80	0
1029	74.026042	74.128906	C#6	76	80	0
1030	74.084635	74.339844	G4	75	80	0
1031	74.091146	74.209635	C#5	79	80	0
1032	74.093750	74.209635	B4	69	80	0
1033	74.216146	74.274740	B4	74	80	0
1034	74.216146	74.399740	C#5	80	80	0
1035	74.303385	74.369792	Eb4	91	80	0
1036	74.384115	74.549479	Eb4	61	80	0
1037	74.453125	74.750000	G5	78	80	0
1038	74.462240	74.553385	B4	70	80	0
1039	74.463542	74.579427	Eb6	80	80	0
1040	74.463542	74.545573	G4	77	80	0
1041	74.537760	74.591146	Eb5	82	80	0
1042	74.591146	74.648438	Eb6	76	80	0
1043	74.592448	74.652344	B5	69	80	0
1044	74.660156	74.769531	Eb5	79	80	0
1045	74.714844	74.859375	C#4	89	80	0
1046	74.755208	74.839844	Eb3	67	80	0
1047	74.877604	74.989583	E6	82	80	0
1048	74.882812	74.979167	B5	83	80	0
1049	74.885417	74.925781	G5	73	80	0
1050	74.899740	75.000000	B4	70	80	0
1051	74.902344	75.069010	G4	74	80	0
1052	74.910156	74.979167	E4	72	80	0
1053	74.972656	75.128906	E5	84	80	0
1054	74.986979	75.128906	B5	75	80	0
1055	74.992188	75.109375	E4	73	80	0
1056	74.998698	75.169271	E6	72	80	0
1057	75.000000	75.128906	G5	69	80	0
1058	75.032552	75.039062	Eb6	75	80	0
1059	75.141927	75.378906	B3	93	80	0
1060	75.149740	75.239583	B4	79	80	0
1061	75.282552	75.419271	F#6	91	80	0
1062	75.295573	75.399740	C#6	87	80	0
1063	75.303385	75.354167	G4	83	80	0
1064	75.304688	75.365885	C#4	78	80	0
1065	75.305990	75.365885	E4	72	80	0
1066	75.309896	75.419271	Eb6	80	80	0
1067	75.363281	75.429688	F#5	86	80	0
1068	75.428385	75.489583	C#6	84	80	0
1069	75.432292	75.589844	Eb6	77	80	0
1070	75.436198	75.479167	F#5	72	80	0
1071	75.494792	75.649740	F#6	68	80	0
1072	75.501302	75.699219	C#6	75	80	0
1073	75.537760	75.669271	E3	90	80	0
1074	75.548177	75.595052	A2	90	80	0
1075	75.657552	75.799479	G6	84	80	0
1076	75.661458	75.718750	F#6	78	80	0
1077	75.662760	75.899740	B3	73	80	0
1078	75.725260	75.829427	C#6	88	80	0
1079	75.725260	75.859375	F#6	85	80	0
1080	75.742188	75.839844	Eb6	80	80	0
1081	75.746094	75.899740	G4	84	80	0
1082	75.747396	75.959635	C#4	83	80	0
1083	75.830729	75.908854	F#5	84	80	0
1084	75.842448	75.937500	C#6	85	80	0
1085	75.852865	75.936198	Eb6	74	80	0
1086	75.869792	75.933594	F#6	69	80	0
1087	75.917969	75.968750	F#5	74	80	0
1088	76.036458	76.158854	A3	89	80	0
1089	76.045573	76.117188	E6	82	80	0
1090	76.054688	76.199219	C#6	88	80	0
1091	76.058594	76.118490	G6	95	80	0
1092	76.061198	76.113281	G5	89	80	0
1093	76.212240	76.265625	G#5	87	80	0
1094	76.213542	76.272135	C#6	86	80	0
1095	76.214844	76.281250	G#6	86	80	0
1096	76.272135	76.326823	G#3	70	80	0
1097	76.361979	76.432292	A6	91	80	0
1098	76.363281	76.424479	C#6	78	80	0
1099	76.363281	76.414062	A5	91	80	0
1100	76.492188	76.539062	Eb2	80	80	0
1101	76.518229	76.609375	G3	89	80	0
1102	76.523438	76.569010	Bb2	85	80	0
1103	76.532552	76.583333	Bb6	97	80	0
1104	76.533854	76.639323	Bb5	95	80	0
1105	76.546875	76.639323	Eb6	83	80	0
1106	76.727865	76.869792	Eb5	81	80	0
1107	76.800781	76.989583	C#5	80	80	0
1108	76.881510	77.000000	Eb5	82	80	0
1109	76.945312	77.069010	Bb4	78	80	0
1110	76.966146	76.979167	Bb3	65	80	0
1111	77.007812	77.158854	Eb5	69	80	0
1112	77.092448	77.169271	C#5	72	80	0
1113	77.141927	77.177083	C5	65	80	0
1114	77.173177	77.279948	Eb5	70	80	0
1115	77.175781	77.269531	C#5	72	80	0
1116	77.212240	77.279948	Bb4	73	80	0
1117	77.287760	77.359375	Bb4	69	80	0
1118	77.291667	77.359375	Eb5	66	80	0
1119	77.303385	77.309896	A4	71	80	0
1120	77.364583	77.449219	C#5	73	80	0
1121	77.373698	77.468750	Eb5	71	80	0
1122	77.411458	77.475260	A4	81	80	0
1123	77.463542	77.529948	C#5	67	80	0
1124	77.475260	77.669271	Eb5	66	80	0
1125	77.535156	77.688802	C#5	67	80	0
1126	77.605469	77.679688	F#4	72	80	0
1127	77.614583	77.662760	A4	72	80	0
1128	77.683594	77.750000	Eb5	73	80	0
1129	77.700521	77.779948	C#5	71	80	0
1130	77.744792	77.968750	G#4	90	80	0
1131	77.750000	78.039062	G#5	77	80	0
1132	77.755208	77.826823	Eb5	65	80	0
1133	77.845052	77.979167	C#5	77	80	0
1134	77.932292	78.019531	Eb5	73	80	0
1135	77.933594	78.019531	F4	73	80	0
1136	77.941406	77.990885	F5	70	80	0
1137	77.993490	78.119792	C#5	71	80	0
1138	78.062500	78.111979	G4	85	80	0
1139	78.066406	78.199219	Eb5	66	80	0
1140	78.134115	78.209635	C#5	76	80	0
1141	78.204427	78.269531	Eb5	71	80	0
1142	78.217448	78.309896	G4	66	80	0
1143	78.220052	78.279948	C#5	68	80	0
1144	78.225260	78.329427	E4	72	80	0
1145	78.294271	78.449219	C#5	65	80	0
1146	78.319010	78.429688	G4	56	80	0
1147	78.365885	78.539062	Eb4	86	80	0
1148	78.378906	78.519531	Eb5	83	80	0
1149	78.454427	78.516927	C#5	73	80	0
1150	78.532552	78.585938	Eb5	74	80	0
1151	78.533854	78.639323	Bb3	76	80	0
1152	78.595052	78.729167	Bb4	62	80	0
1153	78.675781	78.819010	Eb5	72	80	0
1154	78.682292	78.799479	Eb3	65	80	0
1155	78.751302	78.908854	C#5	70	80	0
1156	78.828125	78.949219	Eb5	60	80	0
1157	78.881510	79.000000	Bb4	68	80	0
1158	78.962240	79.069010	Eb5	48	80	0
1159	79.065104	79.229167	C#5	59	80	0
1160	79.080729	79.229167	Eb5	48	80	0
1161	79.170573	79.250000	Bb4	70	80	0
1162	79.244792	79.359375	A4	79	80	0
1163	79.251302	79.479167	Eb6	90	80	0
1164	79.283854	79.289062	F5	56	80	0
1165	79.334635	79.408854	Eb5	80	80	0
1166	79.421875	79.466146	Eb5	78	80	0
1167	79.424479	79.529948	F#4	73	80	0
1168	79.488281	79.561198	C#5	72	80	0
1169	79.567708	79.799479	Eb6	88	80	0
1170	79.572917	79.789062	G#4	86	80	0
1171	79.639323	79.769531	Eb5	73	80	0
1172	79.743490	79.829427	F4	70	80	0
1173	79.783854	79.889323	Eb5	59	80	0
1174	79.813802	79.881510	C#5	69	80	0
1175	79.876302	79.959635	G4	83	80	0
1176	79.882812	80.128906	Eb6	85	80	0
1177	79.958333	80.139323	Eb5	76	80	0
1178	80.032552	80.089844	E4	78	80	0
1179	80.035156	80.169271	G4	73	80	0
1180	80.125000	80.269531	C#5	70	80	0
1181	80.184896	80.348958	Eb4	87	80	0
1182	80.214844	80.278646	Eb5	73	80	0
1183	80.277344	80.333333	C#5	70	80	0
1184	80.341146	80.479167	Bb3	85	80	0
1185	80.376302	80.464844	Eb5	78	80	0
1186	80.378906	80.505208	Bb4	70	80	0
1187	80.446615	80.514323	Eb3	82	80	0
1188	80.451823	80.569010	C#5	75	80	0
1189	80.614583	80.723958	F3	77	80	0
1190	80.750000	80.848958	Eb4	71	80	0
1191	80.753906	80.812500	G3	76	80	0
1192	80.822917	80.929688	C#4	69	80	0
1193	80.854167	80.869792	Bb4	66	80	0
1194	80.854167	80.904948	Eb4	63	80	0
1195	80.891927	80.953125	G#3	82	80	0
1196	80.942708	81.029948	C#4	51	80	0
1197	81.022135	81.128906	Bb4	72	80	0
1198	81.023438	81.152344	Bb3	87	80	0
1199	81.144531	81.220052	Eb5	73	80	0
1200	81.149740	81.299479	B3	83	80	0
1201	81.151042	81.309896	B4	74	80	0
1202	81.222656	81.292969	C#5	70	80	0
1203	81.294271	81.442708	C#4	81	80	0
1204	81.302083	81.449219	Eb5	71	80	0
1205	81.373698	81.425781	C#5	74	80	0
1206	81.423177	81.513021	Eb4	88	80	0
1207	81.454427	81.589844	Eb5	63	80	0
1208	81.523438	81.567708	C#5	75	80	0
1209	81.567708	81.625000	F4	80	80	0
1210	81.604167	81.651042	Eb5	71	80	0
1211	81.665365	81.750000	C#5	77	80	0
1212	81.701823	81.755208	G4	81	80	0
1213	81.761719	81.848958	Eb5	75	80	0
1214	81.764323	81.829427	C#5	71	80	0
1215	81.835938	81.908854	C#5	74	80	0
1216	81.863281	82.209635	Eb5	77	80	0
1217	81.864583	81.929688	B4	81	80	0
1218	81.865885	81.959635	G#4	85	80	0
1219	81.868490	81.959635	Eb4	77	80	0
1220	81.936198	82.009115	B4	67	80	0
1221	82.122396	82.199219	G#4	61	80	0
1222	82.123698	82.174479	B4	69	80	0
1223	82.187500	82.235677	G#2	84	80	0
1224	82.188802	82.289062	Eb3	81	80	0
1225	82.410156	82.509115	G#5	89	80	0
1226	82.414062	82.569010	Eb4	84	80	0
1227	82.440104	82.718750	B4	68	80	0
1228	82.503906	82.658854	Eb5	75	80	0
1229	82.576823	82.729167	G#4	58	80	0
1230	82.665365	82.679688	Bb4	64	80	0
1231	82.666667	82.829427	Eb5	72	80	0
1232	82.751302	82.813802	G#5	83	80	0
1233	82.759115	82.809896	B4	67	80	0
1234	82.763021	82.809896	Eb4	75	80	0
1235	82.835938	82.959635	Eb5	79	80	0
1236	82.895833	82.959635	Eb4	77	80	0
1237	82.897135	82.959635	G#4	82	80	0
1238	82.901042	83.029948	B4	71	80	0
1239	82.902344	83.089844	G#5	83	80	0
1240	82.971354	83.089844	Eb4	72	80	0
1241	82.973958	83.039062	Eb5	75	80	0
1242	83.044271	83.209635	G#4	79	80	0
1243	83.045573	83.119792	Eb5	74	80	0
1244	83.134115	83.279948	Eb5	76	80	0
1245	83.154948	83.239583	B4	66	80	0
1246	83.160156	83.239583	Eb4	63	80	0
1247	83.239583	83.359375	G#5	84	80	0
1248	83.247396	83.329427	B4	74	80	0
1249	83.253906	83.295573	Eb4	75	80	0
1250	83.328125	83.468750	Eb5	72	80	0
1251	83.381510	83.459635	Eb4	76	80	0
1252	83.381510	83.598958	B4	74	80	0
1253	83.384115	83.399740	G#3	62	80	0
1254	83.388021	83.589844	G#5	80	80	0
1255	83.388021	83.449219	G#4	82	80	0
1256	83.464844	83.569010	Eb4	72	80	0
1257	83.477865	83.609375	Eb5	74	80	0
1258	83.533854	83.609375	G#4	61	80	0
1259	83.614583	83.759115	Eb5	67	80	0
1260	83.622396	83.779948	G#4	64	80	0
1261	83.682292	83.819010	G#5	84	80	0
1262	83.686198	83.799479	B4	75	80	0
1263	83.707031	83.799479	Eb4	66	80	0
1264	83.768229	83.899740	Eb5	76	80	0
1265	83.808594	83.878906	Eb4	82	80	0
1266	83.813802	83.889323	B4	80	80	0
1267	83.825521	83.989583	G#5	82	80	0
1268	83.891927	84.359375	Eb4	72	80	0
1269	83.894531	84.929688	B4	69	80	0
1270	83.908854	84.049479	Eb5	80	80	0
1271	83.979167	84.329427	G#4	71	80	0
1272	84.062500	84.158854	Eb5	65	80	0
1273	84.132812	84.269531	G#5	82	80	0
1274	84.199219	84.348958	Eb5	76	80	0
1275	84.283854	84.398438	G#5	74	80	0
1276	84.361979	84.411458	Eb5	65	80	0
1277	84.434896	84.658854	G#4	71	80	0
1278	84.524740	84.593750	Eb5	69	80	0
1279	84.611979	84.729167	G#5	77	80	0
1280	84.690104	84.753906	Eb5	63	80	0
1281	84.786458	84.929688	G#5	78	80	0
1282	84.871094	84.927083	Eb5	71	80	0
1283	84.953125	85.079427	G#4	68	80	0
1284	85.055990	85.132812	Eb5	74	80	0
1285	85.154948	85.234375	G#5	73	80	0
1286	85.260417	85.339844	Eb5	69	80	0
1287	85.365885	85.539062	G#5	77	80	0
1288	85.485677	85.544271	Eb5	67	80	0
1289	85.566406	85.688802	G#4	64	80	0
1290	85.687500	85.899740	Eb5	72	80	0
1291	85.765625	85.968750	E3	77	80	0
1292	85.768229	85.869792	E4	70	80	0
1293	85.782552	85.989583	E2	63	80	0
1294	85.792969	86.079427	G#2	60	80	0
1295	85.875000	85.968750	G#5	74	80	0
1296	85.977865	86.049479	G#4	60	80	0
1297	86.054688	86.209635	Eb5	63	80	0
1298	86.183594	87.153646	Eb3	75	80	0
1299	86.196615	87.319010	Eb2	59	80	0
1300	86.203125	86.479167	G#5	74	80	0
1301	86.273438	86.459635	G#4	62	80	0
1302	86.364583	86.441406	Eb5	66	80	0
1303	86.470052	86.639323	G#4	56	80	0
1304	86.584635	86.653646	Eb5	69	80	0
1305	86.679688	86.740885	G#5	74	80	0
1306	86.766927	86.949219	Eb5	70	80	0
1307	86.864583	87.079427	G#5	74	80	0
1308	86.962240	87.053385	Eb5	60	80	0
1309	87.084635	87.199219	G#4	64	80	0
1310	87.184896	87.243490	Eb5	64	80	0
1311	87.273438	87.334635	G#5	74	80	0
1312	87.347656	87.438802	G#4	59	80	0
1313	87.351562	87.438802	Eb5	65	80	0
1314	87.449219	87.609375	G#5	78	80	0
1315	87.535156	87.593750	Eb5	66	80	0
1316	87.626302	87.759115	G#4	68	80	0
1317	87.723958	87.869792	Eb5	77	80	0
1318	87.833333	88.039062	C#3	82	80	0
1319	87.843750	87.959635	G#4	75	80	0
1320	87.843750	88.029948	C#2	81	80	0
1321	87.848958	88.598958	G#2	72	80	0
1322	87.856771	87.968750	G#5	72	80	0
1323	88.027344	88.218750	Eb5	67	80	0
1324	88.162760	88.529948	Eb3	81	80	0
1325	88.194010	88.569010	Eb2	64	80	0
1326	88.196615	88.429688	G#4	71	80	0
1327	88.197917	88.539062	G#5	78	80	0
1328	88.364583	88.529948	Eb5	74	80	0
1329	88.486979	88.759115	G#4	54	80	0
1330	88.623698	88.799479	Eb5	69	80	0
1331	88.656250	88.859375	B2	75	80	0
1332	88.664062	88.819010	B1	72	80	0
1333	88.753906	88.959635	G#5	73	80	0
1334	88.770833	88.929688	G#4	69	80	0
1335	88.886719	89.079427	Eb5	70	80	0
1336	88.968750	89.339844	Eb3	74	80	0
1337	89.024740	89.242188	G#5	74	80	0
1338	89.184896	89.359375	Eb5	67	80	0
1339	89.345052	89.539062	G#4	54	80	0
1340	89.458333	89.679688	Eb5	73	80	0
1341	89.505208	89.750000	Bb2	70	80	0
1342	89.513021	89.709635	Bb1	64	80	0
1343	89.593750	89.899740	G#5	71	80	0
1344	89.746094	89.911458	Eb5	64	80	0
1345	89.861979	90.619792	G#2	75	80	0
1346	89.871094	90.899740	G#1	71	80	0
1347	89.904948	90.196615	G#5	69	80	0
1348	90.089844	90.192708	Eb5	66	80	0
1349	90.197917	90.399740	G#4	55	80	0
1350	90.333333	90.445312	Eb5	70	80	0
1351	90.437500	90.536458	G#5	69	80	0
1352	90.550781	90.638021	Eb5	65	80	0
1353	90.652344	90.742188	G#5	72	80	0
1354	90.742188	90.824219	Eb5	77	80	0
1355	90.835938	90.968750	G#4	70	80	0
1356	90.930990	91.109375	Eb5	68	80	0
1357	91.024740	91.269531	G#5	80	80	0
1358	91.115885	91.259115	Eb5	64	80	0
1359	91.122396	91.419271	C#2	69	80	0
1360	91.236979	91.329427	B4	72	80	0
1361	91.316406	91.489583	E5	80	80	0
1362	91.429688	91.669271	B5	81	80	0
1363	91.553385	91.809896	E3	63	80	0
1364	91.562500	91.869792	Eb6	88	80	0
1365	91.610677	91.829427	G#3	60	80	0
1366	91.843750	92.019531	E5	59	80	0
1367	91.998698	92.092448	B4	67	80	0
1368	92.052083	92.658854	A3	59	80	0
1369	92.122396	92.329427	E5	64	80	0
1370	92.263021	92.598958	C#6	92	80	0
1371	92.265625	92.519531	A5	79	80	0
1372	92.295573	92.434896	C#5	69	80	0
1373	92.373698	92.709635	E4	57	80	0
1374	92.635417	93.109375	B3	45	80	0
1375	92.673177	93.079427	Eb4	50	80	0
1376	92.684896	93.549479	B5	82	80	0
1377	92.704427	93.250000	G#5	70	80	0
1378	92.949219	93.158854	Eb5	60	80	0
1379	93.084635	93.218750	G#4	51	80	0
1380	93.223958	93.378906	Eb5	57	80	0
1381	93.351562	93.519531	G#5	56	80	0
1382	93.407552	93.628906	Eb2	51	80	0
1383	93.488281	93.598958	Eb5	57	80	0
1384	93.606771	94.009115	G#5	62	80	0
1385	93.610677	93.829427	B3	54	80	0
1386	93.613281	93.750000	Eb5	54	80	0
1387	93.690104	93.789062	F5	44	80	0
1388	93.763021	93.869792	Eb5	55	80	0
1389	93.854167	93.968750	G#4	51	80	0
1390	93.959635	94.036458	Eb5	54	80	0
1391	94.067708	94.269531	G#5	62	80	0
1392	94.162760	94.339844	G#4	47	80	0
1393	94.171875	94.389323	Eb5	55	80	0
1394	94.282552	94.559896	G#5	59	80	0
1395	94.395833	94.509115	Eb5	53	80	0
1396	94.490885	94.669271	G#4	42	80	0
1397	94.583333	94.699219	Eb5	59	80	0
1398	94.707031	94.938802	C#6	81	80	0
1399	94.725260	94.929688	G#5	63	80	0
1400	94.752604	94.848958	Eb5	55	80	0
1401	94.756510	94.938802	C#5	54	80	0
1402	94.911458	95.019531	Eb5	53	80	0
1403	95.084635	95.709635	Bb5	75	80	0
1404	95.141927	95.718750	C#4	58	80	0
1405	95.143229	95.500000	Bb4	55	80	0
1406	95.152344	96.009115	Eb3	50	80	0
1407	95.338542	95.475260	Eb5	54	80	0
1408	95.514323	95.604167	Bb4	52	80	0
1409	95.644531	95.799479	Eb5	55	80	0
1410	95.684896	95.809896	Eb4	57	80	0
1411	95.782552	96.089844	B5	69	80	0
1412	95.813802	95.929688	Eb5	48	80	0
1413	95.815104	96.000000	B4	54	80	0
1414	95.944010	96.250000	Eb5	49	80	0
1415	96.014323	96.718750	G#2	47	80	0
1416	96.089844	96.819010	Eb3	42	80	0
1417	96.145833	96.468750	G#5	66	80	0
1418	96.194010	96.658854	B3	50	80	0
1419	96.194010	96.549479	G#4	50	80	0
1420	96.632812	96.919271	F#4	60	80	0
1421	96.634115	96.968750	F#3	64	80	0
1422	96.908854	97.089844	E4	58	80	0
1423	96.911458	97.329427	E3	61	80	0
1424	97.014323	97.359375	G#2	49	80	0
1425	97.032552	97.106771	Eb4	51	80	0
1426	97.121094	97.339844	B3	55	80	0
1427	97.218750	97.290365	Eb4	54	80	0
1428	97.342448	97.628906	B4	54	80	0
1429	97.342448	97.429688	E3	43	80	0
1430	97.394531	97.519531	Eb4	60	80	0
1431	97.476562	97.929688	E3	52	80	0
1432	97.496094	98.139323	A2	58	80	0
1433	97.605469	97.759115	E4	49	80	0
1434	97.683594	97.829427	C#4	50	80	0
1435	97.765625	97.869792	E4	56	80	0
1436	97.822917	98.029948	G#3	66	80	0
1437	97.867188	98.000000	C#5	65	80	0
1438	97.941406	98.098958	E3	51	80	0
1439	97.946615	98.029948	E4	52	80	0
1440	98.058594	99.209635	F#3	68	80	0
1441	98.074219	98.299479	C#5	63	80	0
1442	98.083333	98.468750	Bb2	61	80	0
1443	98.171875	98.251302	E4	62	80	0
1444	98.214844	98.309896	E3	58	80	0
1445	98.295573	98.509115	C#4	58	80	0
1446	98.367188	98.442708	E4	59	80	0
1447	98.462240	98.519531	C#5	63	80	0
1448	98.533854	98.597656	E4	59	80	0
1449	98.628906	99.339844	B2	54	80	0
1450	98.630208	98.819010	C#5	59	80	0
1451	98.634115	98.718750	B3	50	80	0
1452	98.722656	98.878906	F#4	57	80	0
1453	98.725260	98.968750	B3	50	80	0
1454	98.809896	98.925781	Eb4	56	80	0
1455	98.884115	98.989583	F#4	54	80	0
1456	98.942708	99.299479	A3	73	80	0
1457	99.014323	99.104167	Eb5	64	80	0
1458	99.122396	99.222656	F#4	55	80	0
1459	99.243490	99.718750	G#4	67	80	0
1460	99.244792	100.147135	G#3	64	80	0
1461	99.247396	99.462240	Eb5	61	80	0
1462	99.296875	99.899740	C3	51	80	0
1463	99.485677	99.729167	Eb4	51	80	0
1464	99.596354	99.669271	F#4	51	80	0
1465	99.682292	99.750000	F#4	46	80	0
1466	99.705729	99.792969	Eb5	59	80	0
1467	99.813802	100.000000	F#4	54	80	0
1468	99.912760	99.919271	G#4	50	80	0
1469	99.937500	100.859375	Eb5	61	80	0
1470	99.954427	100.929688	C#3	52	80	0
1471	100.059896	100.209635	G#4	55	80	0
1472	100.169271	100.319010	E4	50	80	0
1473	100.325521	100.459635	E4	46	80	0
1474	100.333333	100.609375	G#4	57	80	0
1475	100.402344	100.779948	B3	56	80	0
1476	100.472656	101.009115	E5	62	80	0
1477	100.618490	100.979167	G#4	48	80	0
1478	100.800781	101.269531	Bb3	53	80	0
1479	100.821615	101.269531	D3	36	80	0
1480	100.989583	101.389323	G#4	44	80	0
1481	101.175781	101.539062	E4	40	80	0
1482	101.274740	102.029948	Bb3	36	80	0
1483	101.279948	102.049479	D3	33	80	0
1484	101.403646	101.589844	G#4	48	80	0
1485	101.542969	102.019531	C#4	38	80	0
1486	101.602865	102.098958	E5	51	80	0
1487	101.773438	102.059896	G#4	39	80	0
1488	102.032552	102.908854	Eb5	58	80	0
1489	102.033854	102.408854	B3	48	80	0
1490	102.035156	102.368490	Eb3	51	80	0
1491	102.065104	102.429688	Eb4	40	80	0
1492	102.069010	102.750000	G#4	42	80	0
1493	102.372396	102.585938	G#3	45	80	0
1494	102.528646	102.596354	B3	38	80	0
1495	102.614583	103.019531	Eb4	50	80	0
1496	102.614583	102.848958	Bb3	52	80	0
1497	102.763021	103.000000	B3	46	80	0
1498	102.914062	103.688802	Eb3	52	80	0
1499	102.924479	103.359375	G#4	63	80	0
1500	102.972656	103.309896	G#3	38	80	0
1501	103.088542	103.348958	B3	45	80	0
1502	103.194010	103.389323	Eb4	50	80	0
1503	103.303385	103.419271	Bb3	50	80	0
1504	103.365885	103.859375	G#4	55	80	0
1505	103.429688	103.598958	B3	50	80	0
1506	103.432292	103.529948	Bb3	54	80	0
1507	103.509115	103.709635	Eb4	48	80	0
1508	103.606771	103.989583	E3	57	80	0
1509	103.610677	103.619792	E4	52	80	0
1510	103.716146	104.000000	B3	55	80	0
1511	103.841146	104.009115	Eb4	53	80	0
1512	103.924479	104.139323	Bb3	56	80	0
1513	103.976562	104.279948	G#4	73	80	0
1514	104.010417	104.098958	B3	51	80	0
1515	104.063802	104.218750	Eb4	55	80	0
1516	104.063802	104.279948	Eb3	55	80	0
1517	104.174479	104.589844	F3	56	80	0
1518	104.186198	105.019531	B4	75	80	0
1519	104.276042	104.479167	B3	62	80	0
1520	104.388021	104.485677	Eb4	61	80	0
1521	104.494792	104.619792	Bb3	64	80	0
1522	104.562500	104.699219	B3	64	80	0
1523	104.644531	104.779948	Eb4	71	80	0
1524	104.722656	105.119792	F#3	70	80	0
1525	104.803385	105.009115	B3	68	80	0
1526	104.903646	104.988281	Eb4	68	80	0
1527	105.013021	105.139323	Bb3	69	80	0
1528	105.095052	105.378906	B4	78	80	0
1529	105.095052	105.250000	B3	66	80	0
1530	105.153646	105.289062	Eb4	71	80	0
1531	105.257812	105.899740	B3	67	80	0
1532	105.272135	106.019531	G3	69	80	0
1533	105.296875	106.289062	Eb5	90	80	0
1534	105.420573	105.539062	Eb4	65	80	0
1535	105.548177	105.699219	C5	64	80	0
1536	105.548177	105.709635	B4	62	80	0
1537	105.622396	105.848958	D4	72	80	0
1538	105.704427	105.968750	Eb4	75	80	0
1539	105.812500	105.968750	B4	72	80	0
1540	105.861979	106.049479	D4	58	80	0
1541	105.933594	106.609375	G#3	78	80	0
1542	105.975260	106.169271	B4	60	80	0
1543	106.071615	106.208333	Eb4	69	80	0
1544	106.180990	106.429688	B4	71	80	0
1545	106.287760	106.386719	D4	73	80	0
1546	106.385417	106.688802	Eb5	86	80	0
1547	106.386719	106.718750	Eb4	83	80	0
1548	106.515625	107.109375	E5	71	80	0
1549	106.516927	106.809896	B4	66	80	0
1550	106.566406	107.049479	A3	75	80	0
1551	106.617188	107.069010	G#5	89	80	0
1552	106.643229	107.119792	G#4	81	80	0
1553	106.725260	107.029948	Eb4	68	80	0
1554	106.858073	108.199219	B4	71	80	0
1555	106.975260	107.149740	D4	55	80	0
1556	107.063802	107.819010	D5	60	80	0
1557	107.131510	107.218750	Bb3	74	80	0
1558	107.164062	108.399740	G#5	88	80	0
1559	107.167969	107.289062	A3	78	80	0
1560	107.225260	107.378906	A4	75	80	0
1561	107.234375	107.429688	Eb4	64	80	0
1562	107.574219	107.709635	E2	82	80	0
1563	107.574219	107.723958	E1	87	80	0
1564	107.721354	107.829427	E2	78	80	0
1565	107.928385	108.019531	B2	57	80	0
1566	108.014323	109.569010	E3	75	80	0
1567	108.113281	108.468750	G3	84	80	0
1568	108.252604	109.359375	B3	81	80	0
1569	108.424479	110.339844	B4	68	80	0
1570	108.542969	110.259115	E5	74	80	0
1571	108.625000	110.769531	G5	77	80	0
1572	108.713542	110.899740	B5	85	80	0
1573	109.294271	109.679688	E4	56	80	0
1574	109.455729	110.209635	G4	54	80	0
1575	109.627604	109.979167	B3	57	80	0
1576	109.911458	110.158854	C#4	73	80	0
1577	110.169271	110.669271	C#4	50	80	0
1578	110.173177	110.649740	B3	52	80	0
1579	110.460938	110.750000	E4	47	80	0
1580	111.903646	112.408854	Eb4	38	80	0
1581	112.184896	112.329427	Eb2	40	80	0
1582	112.363281	112.549479	G3	33	80	0
1583	112.363281	113.468750	Eb3	36	80	0
1584	112.486979	113.750000	C#4	43	80	0
1585	112.596354	114.089844	Eb4	46	80	0
1586	112.795573	113.019531	B4	46	80	0
1587	112.915365	113.489583	C#5	48	80	0
1588	113.048177	114.399740	Eb5	51	80	0
1589	113.334635	113.718750	B5	42	80	0
1590	114.993490	115.669271	Eb5	46	80	0
1591	115.503906	115.799479	G#5	54	80	0
1592	115.539062	115.869792	G#4	43	80	0
1593	115.548177	116.009115	G#2	39	80	0
1594	115.886719	115.962240	Eb5	40	80	0
1595	115.949219	116.069010	G#5	57	80	0
1596	116.029948	116.128906	Eb5	54	80	0
1597	116.144531	116.269531	G#5	44	80	0
1598	116.208333	116.299479	Eb5	52	80	0
1599	116.260417	116.339844	G#4	54	80	0
1600	116.347656	116.429688	Eb5	53	80	0
1601	116.348958	116.579427	G#4	47	80	0
1602	116.445312	116.519531	G#5	55	80	0
1603	116.520833	116.639323	Eb5	42	80	0
1604	116.596354	116.718750	G#5	57	80	0
1605	116.648438	116.718750	Eb5	48	80	0
1606	116.723958	116.859375	G#4	35	80	0
1607	116.729167	116.829427	Eb5	40	80	0
1608	116.842448	116.919271	Eb5	49	80	0
1609	116.945312	117.029948	G#5	50	80	0
1610	117.016927	117.098958	Eb5	45	80	0
1611	117.082031	117.179688	G#5	65	80	0
1612	117.158854	117.250000	Eb5	53	80	0
1613	117.239583	117.319010	G#4	50	80	0
1614	117.325521	117.364583	Eb5	52	80	0
1615	117.404948	117.468750	G#5	56	80	0
1616	117.481771	117.549479	Eb5	51	80	0
1617	117.544271	117.639323	G#5	62	80	0
1618	117.552083	117.559896	F5	50	80	0
1619	117.625000	117.699219	Eb5	54	80	0
1620	117.723958	117.809896	G#4	48	80	0
1621	117.813802	117.949219	Eb5	42	80	0
1622	117.884115	117.959635	G#5	53	80	0
1623	117.885417	117.927083	B5	56	80	0
1624	117.958333	118.019531	Eb5	53	80	0
1625	118.037760	118.084635	Eb6	69	80	0
1626	118.042969	118.119792	B5	57	80	0
1627	118.044271	118.119792	Eb5	52	80	0
1628	118.046875	118.158854	G#5	54	80	0
1629	118.114583	118.119792	E5	45	80	0
1630	118.125000	118.199219	Eb5	49	80	0
1631	118.210938	118.279948	G#4	42	80	0
1632	118.282552	118.378906	Eb5	43	80	0
1633	118.345052	118.395833	Eb6	63	80	0
1634	118.375000	118.438802	G#5	42	80	0
1635	118.446615	118.579427	Eb5	49	80	0
1636	118.509115	118.579427	G#5	61	80	0
1637	118.513021	118.598958	B5	59	80	0
1638	118.513021	118.554688	Eb6	60	80	0
1639	118.585938	118.649740	G#5	52	80	0
1640	118.591146	118.669271	Eb5	51	80	0
1641	118.675781	118.750000	G#4	41	80	0
1642	118.734375	118.799479	Eb5	41	80	0
1643	118.819010	118.865885	Eb6	62	80	0
1644	118.820312	118.899740	B5	58	80	0
1645	118.824219	118.859375	Eb5	46	80	0
1646	118.825521	118.889323	G#5	51	80	0
1647	118.897135	118.968750	G#5	47	80	0
1648	118.903646	118.968750	Eb5	47	80	0
1649	118.975260	119.119792	G#5	55	80	0
1650	118.981771	119.089844	Eb6	70	80	0
1651	119.044271	119.139323	Eb5	61	80	0
1652	119.144531	119.218750	G#4	46	80	0
1653	119.286458	119.378906	Eb6	61	80	0
1654	119.294271	119.429688	G#5	53	80	0
1655	119.385417	119.688802	Eb5	50	80	0
1656	119.475260	119.799479	G#5	43	80	0
1657	119.648438	119.695312	B6	68	80	0
1658	119.682292	119.839844	G#6	56	80	0
1659	119.734375	119.809896	E6	48	80	0
1660	119.792969	119.835938	B6	65	80	0
1661	119.796875	119.889323	Eb6	56	80	0
1662	119.872396	120.029948	E6	61	80	0
1663	119.955729	119.997396	B6	63	80	0
1664	119.962240	120.029948	G#6	62	80	0
1665	120.037760	120.119792	E6	50	80	0
1666	120.037760	120.250000	G#6	58	80	0
1667	120.104167	120.152344	B6	65	80	0
1668	120.114583	120.209635	Eb6	59	80	0
1669	120.191406	120.369792	E6	57	80	0
1670	120.277344	120.399740	B6	57	80	0
1671	120.295573	120.438802	Eb6	51	80	0
1672	120.376302	120.500000	E6	46	80	0
1673	120.441406	120.519531	B6	57	80	0
1674	120.445312	120.559896	Eb6	55	80	0
1675	120.514323	120.563802	E6	54	80	0
1676	120.606771	120.679688	B6	60	80	0
1677	120.610677	120.809896	G#6	57	80	0
1678	120.621094	120.709635	Eb6	54	80	0
1679	120.701823	120.789062	E6	48	80	0
1680	120.765625	120.804688	B6	60	80	0
1681	120.773438	120.859375	Eb6	54	80	0
1682	120.843750	120.949219	E6	54	80	0
1683	120.927083	121.079427	B6	65	80	0
1684	121.091146	121.158854	B6	60	80	0
1685	121.095052	121.188802	Eb6	53	80	0
1686	121.180990	121.225260	E6	50	80	0
1687	121.222656	121.339844	B6	63	80	0
1688	121.230469	121.299479	G#6	51	80	0
1689	121.324219	121.429688	E6	55	80	0
1690	121.395833	121.489583	Eb6	61	80	0
1691	121.583333	121.718750	F#6	53	80	0
1692	121.598958	121.699219	Eb5	42	80	0
1693	121.664062	121.750000	Eb6	61	80	0
1694	121.673177	121.769531	B5	58	80	0
1695	121.731771	121.819010	G6	61	80	0
1696	121.807292	121.863281	Eb6	62	80	0
1697	121.894531	122.000000	G#6	62	80	0
1698	121.973958	122.059896	Eb6	54	80	0
1699	122.009115	122.199219	G#6	46	80	0
1700	122.036458	122.049479	Eb5	50	80	0
1701	122.045573	122.092448	A6	65	80	0
1702	122.087240	122.199219	B5	53	80	0
1703	122.123698	122.229167	Eb6	61	80	0
1704	122.161458	122.279948	G#5	55	80	0
1705	122.216146	122.348958	Bb6	66	80	0
1706	122.290365	122.389323	Eb6	65	80	0
1707	122.367188	122.529948	B6	67	80	0
1708	122.454427	122.559896	Eb6	64	80	0
1709	122.507812	122.699219	Eb5	59	80	0
1710	122.536458	122.639323	C#7	71	80	0
1711	122.540365	122.649740	B6	63	80	0
1712	122.576823	122.679688	B5	57	80	0
1713	122.670573	122.779948	G#5	60	80	0
1714	122.680990	122.729167	D7	65	80	0
1715	122.765625	122.848958	B6	59	80	0
1716	122.773438	122.889323	Eb6	70	80	0
1717	122.854167	122.923177	Eb7	70	80	0
1718	122.873698	123.019531	Eb5	60	80	0
1719	122.942708	123.019531	B5	61	80	0
1720	123.014323	123.119792	F7	76	80	0
1721	123.048177	123.209635	G#5	49	80	0
1722	123.134115	123.229167	B5	52	80	0
1723	123.213542	123.218750	G7	71	80	0
1724	123.234375	123.369792	Eb5	49	80	0
1725	123.446615	123.569010	G#5	56	80	0
1726	124.093750	124.188802	G#6	51	80	0
1727	124.114583	124.339844	G#4	35	80	0
1728	124.114583	124.250000	G#5	30	80	0
1729	124.197917	124.339844	G#6	46	80	0
#SusPed	0.194010	93	0
#SusPed	4.669271	0	0
#SusPed	4.682292	58	0
#SusPed	4.769531	0	0
#SusPed	4.783854	72	0
#SusPed	7.128906	0	0
#SusPed	7.138021	67	0
#SusPed	7.259115	0	0
#SusPed	7.264323	75	0
#SusPed	8.049479	0	0
#SusPed	8.059896	73	0
#SusPed	8.239583	0	0
#SusPed	8.244792	79	0
#SusPed	9.319010	0	0
#SusPed	9.326823	100	0
#SusPed	9.779948	0	0
#SusPed	9.790365	67	0
#SusPed	11.029948	0	0
#SusPed	11.037760	71	0
#SusPed	11.218750	0	0
#SusPed	11.225260	89	0
#SusPed	13.429688	0	0
#SusPed	13.434896	68	0
#SusPed	13.598958	0	0
#SusPed	13.613281	72	0
#SusPed	14.188802	0	0
#SusPed	14.204427	78	0
#SusPed	14.369792	0	0
#SusPed	14.380208	69	0
#SusPed	15.378906	0	0
#SusPed	15.385417	76	0
#SusPed	15.449219	0	0
#SusPed	15.614583	76	0
#SusPed	17.399740	0	0
#SusPed	17.412760	67	0
#SusPed	17.529948	0	0
#SusPed	17.540365	78	0
#SusPed	17.929688	0	0
#SusPed	17.940104	78	0
#SusPed	18.149740	0	0
#SusPed	18.157552	72	0
#SusPed	18.919271	0	0
#SusPed	18.929688	63	0
#SusPed	19.089844	0	0
#SusPed	19.102865	79	0
#SusPed	19.929688	0	0
#SusPed	19.944010	68	0
#SusPed	20.128906	0	0
#SusPed	20.143229	69	0
#SusPed	24.819010	0	0
#SusPed	24.830729	67	0
#SusPed	24.968750	0	0
#SusPed	24.983073	71	0
#SusPed	26.718750	0	0
#SusPed	26.733073	71	0
#SusPed	27.348958	0	0
#SusPed	27.358073	66	0
#SusPed	27.509115	0	0
#SusPed	27.518229	78	0
#SofPed	27.617188	27	0
#SofPed	27.688802	0	0
#SofPed	27.694010	24	0
#SusPed	27.819010	0	0
#SusPed	27.833333	74	0
#SofPed	27.859375	0	0
#SofPed	27.872396	40	0
#SofPed	28.069010	0	0
#SofPed	28.083333	48	0
#SofPed	28.158854	0	0
#SofPed	28.171875	37	0
#SusPed	28.269531	0	0
#SusPed	28.283854	64	0
#SofPed	28.389323	0	0
#SofPed	28.395833	43	0
#SofPed	28.519531	0	0
#SofPed	28.526042	49	0
#SofPed	28.619792	0	0
#SofPed	28.625000	53	0
#SofPed	28.729167	0	0
#SofPed	28.738281	55	0
#SofPed	28.839844	0	0
#SofPed	28.845052	67	0
#SofPed	28.949219	0	0
#SofPed	28.955729	74	0
#SofPed	29.039062	0	0
#SofPed	29.046875	79	0
#SofPed	29.188802	0	0
#SofPed	29.204427	81	0
#SofPed	29.269531	0	0
#SofPed	29.277344	78	0
#SofPed	29.509115	0	0
#SofPed	29.520833	91	0
#SofPed	29.679688	0	0
#SofPed	29.684896	92	0
#SusPed	29.739583	0	0
#SusPed	29.746094	68	0
#SusPed	29.869792	0	0
#SofPed	29.869792	0	0
#SusPed	29.875000	64	0
#SofPed	29.881510	103	0
#SofPed	29.949219	0	0
#SofPed	29.957031	104	0
#SofPed	30.128906	0	0
#SofPed	30.144531	99	0
#SofPed	30.839844	0	0
#SofPed	30.845052	88	0
#SusPed	30.908854	0	0
#SusPed	30.916667	59	0
#SusPed	31.029948	0	0
#SusPed	31.036458	66	0
#SofPed	31.059896	0	0
#SofPed	31.066406	102	0
#SusPed	33.179688	0	0
#SusPed	33.194010	66	0
#SusPed	33.269531	0	0
#SusPed	33.277344	57	0
#SusPed	33.979167	0	0
#SusPed	33.989583	62	0
#SusPed	34.069010	0	0
#SusPed	34.083333	64	0
#SusPed	34.979167	0	0
#SusPed	34.985677	66	0
#SofPed	35.389323	0	0
#SofPed	35.394531	54	0
#SusPed	35.658854	0	0
#SusPed	35.673177	57	0
#SusPed	35.779948	0	0
#SusPed	35.791667	55	0
#SusPed	36.299479	0	0
#SusPed	36.309896	74	0
#SusPed	37.369792	0	0
#SusPed	37.380208	71	0
#SusPed	37.609375	0	0
#SusPed	37.618490	68	0
#SusPed	38.799479	0	0
#SusPed	38.811198	67	0
#SusPed	38.938802	0	0
#SusPed	38.950521	58	0
#SofPed	39.179688	0	0
#SofPed	39.186198	108	0
#SofPed	39.269531	0	0
#SofPed	39.276042	111	0
#SofPed	39.369792	0	0
#SofPed	39.376302	111	0
#SofPed	39.878906	0	0
#SofPed	39.888021	107	0
#SusPed	40.429688	0	0
#SusPed	40.434896	68	0
#SusPed	40.569010	0	0
#SusPed	40.575521	57	0
#SofPed	41.128906	0	0
#SofPed	41.136719	91	0
#SofPed	41.179688	0	0
#SofPed	41.184896	90	0
#SofPed	41.438802	0	0
#SofPed	41.446615	83	0
#SofPed	41.519531	0	0
#SofPed	41.529948	85	0
#SusPed	42.989583	0	0
#SusPed	42.994792	75	0
#SusPed	43.139323	0	0
#SusPed	43.148438	80	0
#SofPed	44.438802	0	0
#SusPed	44.579427	0	0
#SusPed	44.593750	90	0
#SusPed	44.649740	0	0
#SusPed	44.738281	100	0
#SusPed	45.169271	0	0
#SusPed	45.174479	74	0
#SusPed	45.218750	0	0
#SusPed	45.334635	98	0
#SusPed	46.519531	0	0
#SusPed	46.529948	91	0
#SusPed	46.649740	0	0
#SusPed	46.654948	76	0
#SusPed	47.079427	0	0
#SusPed	47.087240	85	0
#SusPed	47.128906	0	0
#SusPed	47.244792	97	0
#SusPed	48.438802	0	0
#SusPed	48.449219	70	0
#SusPed	48.869792	0	0
#SusPed	48.882812	85	0
#SusPed	49.009115	0	0
#SusPed	49.019531	70	0
#SusPed	49.750000	0	0
#SusPed	49.764323	87	0
#SusPed	49.859375	0	0
#SusPed	49.867188	70	0
#SusPed	50.169271	0	0
#SusPed	50.183594	97	0
#SusPed	50.239583	0	0
#SusPed	50.253906	72	0
#SusPed	50.348958	0	0
#SusPed	50.358073	69	0
#SusPed	50.919271	0	0
#SusPed	50.928385	84	0
#SusPed	51.000000	0	0
#SusPed	51.144531	75	0
#SusPed	51.429688	0	0
#SusPed	51.437500	88	0
#SofPed	51.546875	61	0
#SusPed	51.569010	0	0
#SusPed	51.582031	62	0
#SofPed	51.619792	0	0
#SofPed	51.627604	67	0
#SofPed	51.769531	0	0
#SofPed	51.782552	67	0
#SusPed	51.859375	0	0
#SusPed	51.864583	75	0
#SofPed	51.869792	0	0
#SofPed	51.878906	65	0
#SusPed	51.968750	0	0
#SusPed	51.975260	72	0
#SusPed	52.359375	0	0
#SusPed	52.368490	77	0
#SusPed	52.509115	0	0
#SusPed	52.523438	77	0
#SusPed	52.929688	0	0
#SusPed	52.940104	75	0
#SofPed	52.989583	0	0
#SofPed	52.998698	64	0
#SusPed	53.039062	0	0
#SusPed	53.050781	71	0
#SusPed	53.389323	0	0
#SusPed	53.403646	80	0
#SusPed	53.569010	0	0
#SusPed	53.583333	70	0
#SusPed	53.848958	0	0
#SusPed	53.863281	96	0
#SusPed	54.000000	0	0
#SusPed	54.006510	66	0
#SusPed	54.799479	0	0
#SusPed	54.812500	65	0
#SusPed	55.218750	0	0
#SusPed	55.231771	84	0
#SusPed	55.389323	0	0
#SusPed	55.398438	59	0
#SusPed	55.809896	0	0
#SusPed	55.815104	66	0
#SusPed	55.919271	0	0
#SusPed	55.928385	66	0
#SusPed	56.250000	0	0
#SusPed	56.257812	74	0
#SusPed	56.399740	0	0
#SusPed	56.404948	67	0
#SusPed	56.859375	0	0
#SusPed	56.868490	72	0
#SusPed	57.000000	0	0
#SusPed	57.011719	71	0
#SusPed	57.399740	0	0
#SusPed	57.408854	81	0
#SusPed	57.658854	0	0
#SusPed	57.667969	83	0
#SusPed	58.000000	0	0
#SusPed	58.007812	78	0
#SusPed	58.149740	0	0
#SusPed	58.164062	68	0
#SusPed	58.598958	0	0
#SusPed	58.605469	65	0
#SusPed	58.729167	0	0
#SusPed	58.740885	68	0
#SofPed	59.000000	0	0
#SusPed	59.069010	0	0
#SusPed	59.075521	69	0
#SusPed	59.199219	0	0
#SusPed	59.207031	69	0
#SusPed	59.658854	0	0
#SusPed	59.666667	74	0
#SusPed	59.878906	0	0
#SusPed	59.886719	76	0
#SusPed	61.348958	0	0
#SusPed	61.356771	65	0
#SusPed	61.539062	0	0
#SusPed	61.546875	69	0
#SusPed	62.718750	0	0
#SusPed	62.733073	88	0
#SusPed	62.799479	0	0
#SusPed	62.813802	85	0
#SusPed	63.769531	0	0
#SusPed	63.782552	64	0
#SusPed	64.299479	0	0
#SusPed	64.309896	80	0
#SusPed	65.199219	0	0
#SusPed	65.205729	64	0
#SusPed	65.339844	0	0
#SusPed	65.346354	69	0
#SusPed	65.399740	0	0
#SusPed	65.411458	76	0
#SusPed	66.809896	0	0
#SusPed	66.815104	63	0
#SusPed	66.929688	0	0
#SusPed	66.937500	68	0
#SusPed	67.609375	0	0
#SusPed	67.615885	62	0
#SusPed	67.759115	0	0
#SusPed	67.764323	70	0
#SusPed	69.029948	0	0
#SusPed	69.037760	67	0
#SusPed	69.598958	0	0
#SusPed	69.613281	76	0
#SusPed	69.709635	0	0
#SusPed	69.722656	56	0
#SusPed	70.559896	0	0
#SusPed	70.569010	76	0
#SusPed	71.029948	0	0
#SusPed	71.035156	61	0
#SusPed	71.119792	0	0
#SusPed	71.125000	64	0
#SusPed	71.529948	0	0
#SusPed	71.541667	68	0
#SusPed	71.569010	0	0
#SusPed	71.580729	55	0
#SusPed	71.649740	0	0
#SusPed	71.654948	70	0
#SusPed	72.059896	0	0
#SusPed	72.071615	61	0
#SusPed	72.139323	0	0
#SusPed	72.152344	69	0
#SusPed	72.479167	0	0
#SusPed	72.485677	62	0
#SusPed	72.839844	0	0
#SusPed	72.851562	78	0
#SusPed	72.949219	0	0
#SusPed	72.963542	75	0
#SusPed	73.149740	0	0
#SusPed	73.164062	81	0
#SusPed	73.459635	0	0
#SusPed	73.464844	77	0
#SusPed	73.598958	0	0
#SusPed	73.610677	76	0
#SusPed	73.839844	0	0
#SusPed	73.845052	90	0
#SusPed	73.959635	0	0
#SusPed	73.973958	78	0
#SusPed	74.639323	0	0
#SusPed	74.647135	81	0
#SusPed	74.750000	0	0
#SusPed	74.755208	80	0
#SusPed	75.149740	0	0
#SusPed	75.157552	63	0
#SusPed	75.489583	0	0
#SusPed	75.500000	69	0
#SusPed	75.589844	0	0
#SusPed	75.595052	85	0
#SusPed	76.419271	0	0
#SusPed	76.429688	84	0
#SusPed	76.479167	0	0
#SusPed	76.572917	83	0
#SusPed	77.628906	0	0
#SusPed	77.639323	77	0
#SusPed	77.709635	0	0
#SusPed	78.276042	70	0
#SusPed	78.289062	0	0
#SusPed	78.414062	63	0
#SusPed	78.500000	0	0
#SusPed	78.898438	86	0
#SusPed	79.188802	0	0
#SusPed	79.199219	78	0
#SusPed	79.489583	0	0
#SusPed	80.199219	92	0
#SusPed	80.339844	0	0
#SusPed	80.352865	72	0
#SusPed	80.559896	0	0
#SusPed	81.899740	99	0
#SusPed	84.109375	0	0
#SusPed	84.123698	91	0
#SusPed	84.269531	0	0
#SusPed	84.277344	83	0
#SusPed	86.250000	0	0
#SusPed	86.257812	94	0
#SusPed	86.419271	0	0
#SusPed	86.434896	64	0
#SusPed	88.239583	0	0
#SusPed	88.244792	73	0
#SusPed	88.369792	0	0
#SusPed	88.384115	90	0
#SusPed	89.009115	0	0
#SusPed	89.015625	68	0
#SusPed	89.128906	0	0
#SusPed	89.141927	83	0
#SusPed	89.959635	0	0
#SusPed	89.966146	87	0
#SusPed	90.029948	0	0
#SusPed	90.152344	95	0
#SusPed	91.079427	0	0
#SusPed	91.087240	89	0
#SusPed	91.179688	0	0
#SusPed	91.187500	74	0
#SusPed	91.649740	0	0
#SusPed	91.654948	68	0
#SusPed	91.699219	0	0
#SusPed	91.708333	80	0
#SofPed	91.934896	32	0
#SofPed	92.009115	0	0
#SofPed	92.015625	38	0
#SofPed	92.139323	0	0
#SofPed	92.152344	30	0
#SofPed	92.369792	0	0
#SofPed	92.382812	22	0
#SusPed	92.759115	0	0
#SusPed	92.773438	84	0
#SusPed	92.929688	0	0
#SusPed	92.940104	75	0
#SusPed	95.179688	0	0
#SusPed	95.192708	88	0
#SusPed	95.359375	0	0
#SusPed	95.373698	63	0
#SusPed	96.158854	0	0
#SusPed	96.165365	72	0
#SusPed	96.289062	0	0
#SusPed	96.299479	69	0
#SofPed	96.369792	0	0
#SofPed	96.376302	93	0
#SofPed	96.658854	0	0
#SofPed	96.674479	91	0
#SofPed	96.959635	0	0
#SofPed	96.973958	105	0
#SusPed	97.000000	0	0
#SusPed	97.009115	76	0
#SofPed	97.049479	0	0
#SofPed	97.054688	107	0
#SusPed	97.128906	0	0
#SusPed	97.143229	68	0
#SofPed	97.158854	0	0
#SofPed	97.165365	108	0
#SofPed	97.489583	0	0
#SusPed	97.500000	0	0
#SofPed	97.503906	105	0
#SusPed	97.513021	71	0
#SusPed	97.639323	0	0
#SofPed	97.649740	0	0
#SusPed	97.653646	63	0
#SofPed	97.664062	95	0
#SofPed	97.769531	0	0
#SofPed	97.782552	93	0
#SofPed	98.000000	0	0
#SofPed	98.006510	83	0
#SusPed	98.089844	0	0
#SusPed	98.096354	68	0
#SofPed	98.098958	0	0
#SofPed	98.111979	93	0
#SofPed	98.239583	0	0
#SofPed	98.252604	90	0
#SusPed	98.279948	0	0
#SusPed	98.294271	77	0
#SofPed	98.309896	0	0
#SofPed	98.313802	81	0
#SofPed	98.389323	0	0
#SofPed	98.403646	78	0
#SofPed	98.479167	0	0
#SofPed	98.486979	77	0
#SofPed	98.579427	0	0
#SusPed	98.589844	0	0
#SofPed	98.593750	70	0
#SusPed	98.596354	75	0
#SofPed	98.649740	0	0
#SofPed	98.654948	66	0
#SusPed	98.718750	0	0
#SusPed	98.726562	61	0
#SofPed	98.739583	0	0
#SofPed	98.750000	55	0
#SofPed	98.878906	0	0
#SofPed	98.889323	43	0
#SusPed	99.199219	0	0
#SusPed	99.205729	82	0
#SusPed	99.449219	0	0
#SusPed	99.457031	61	0
#SusPed	99.959635	0	0
#SusPed	99.973958	79	0
#SusPed	100.109375	0	0
#SusPed	100.121094	61	0
#SusPed	100.839844	0	0
#SusPed	100.846354	68	0
#SusPed	101.009115	0	0
#SusPed	101.024740	56	0
#SusPed	102.049479	0	0
#SusPed	102.061198	81	0
#SusPed	102.149740	0	0
#SusPed	102.164062	55	0
#SusPed	102.979167	0	0
#SusPed	102.986979	79	0
#SusPed	103.128906	0	0
#SusPed	103.140625	80	0
#SusPed	103.609375	0	0
#SusPed	103.615885	74	0
#SusPed	103.709635	0	0
#SusPed	103.716146	76	0
#SofPed	103.869792	0	0
#SofPed	103.877604	95	0
#SofPed	104.069010	0	0
#SofPed	104.074219	74	0
#SofPed	104.209635	0	0
#SofPed	104.223958	57	0
#SusPed	104.229167	0	0
#SusPed	104.234375	76	0
#SusPed	104.359375	0	0
#SusPed	104.372396	81	0
#SofPed	104.429688	0	0
#SofPed	104.437500	47	0
#SofPed	104.658854	0	0
#SofPed	104.674479	37	0
#SofPed	104.938802	0	0
#SofPed	104.945312	41	0
#SofPed	105.019531	0	0
#SofPed	105.032552	32	0
#SofPed	105.109375	0	0
#SofPed	105.123698	36	0
#SofPed	105.289062	0	0
#SofPed	105.295573	37	0
#SusPed	105.309896	0	0
#SusPed	105.321615	76	0
#SusPed	105.438802	0	0
#SofPed	105.449219	0	0
#SusPed	105.454427	82	0
#SofPed	105.454427	32	0
#SofPed	105.549479	0	0
#SofPed	105.554688	28	0
#SofPed	105.729167	0	0
#SofPed	105.734375	25	0
#SofPed	105.819010	0	0
#SofPed	105.832031	24	0
#SofPed	105.938802	0	0
#SofPed	105.951823	24	0
#SofPed	106.098958	0	0
#SofPed	106.105469	33	0
#SofPed	106.339844	0	0
#SofPed	106.346354	22	0
#SofPed	106.429688	0	0
#SofPed	106.438802	26	0
#SofPed	106.479167	0	0
#SofPed	106.540365	26	0
#SofPed	106.549479	0	0
#SofPed	106.674479	23	0
#SusPed	106.759115	0	0
#SofPed	106.759115	0	0
#SofPed	106.766927	23	0
#SusPed	106.766927	92	0
#SofPed	106.989583	0	0
#SofPed	107.261719	35	0
#SofPed	107.269531	0	0
#SusPed	107.549479	0	0
#SusPed	107.561198	87	0
#SusPed	107.619792	0	0
#SusPed	107.686198	83	0
#SofPed	111.108073	68	0
#SofPed	111.449219	0	0
#SofPed	111.462240	81	0
#SofPed	111.639323	0	0
#SofPed	111.647135	84	0
#SusPed	111.899740	0	0
#SofPed	111.908854	0	0
#SusPed	111.911458	74	0
#SofPed	111.921875	83	0
#SusPed	112.128906	0	0
#SusPed	112.138021	70	0
#SusPed	115.079427	0	0
#SusPed	115.093750	85	0
#SusPed	115.549479	0	0
#SusPed	115.561198	70	0
#SofPed	117.500000	0	0
#SusPed	121.559896	0	0
#SusPed	123.264323	76	0
#SusPed	123.500000	0	0
#SusPed	123.505208	68	0
#SusPed	125.049479	0	0
#SusPed	125.054688	50	0
#SofPed	127.355469	104	0
#SofPed	129.759115	0	0
#SusPed	129.989583	0	0
